id_evt,date_occur_evt,date_system_evt,type_evt,type_equipement,id_equipement,info_div
20190122000000,2019-01-22 00:00:00,2019-01-22 12:00:00,ev_C,C,5,
20190122000010,2019-01-22 00:00:10,2019-01-22 12:00:00,ev_C,C,2,
20190122000020,2019-01-22 00:00:20,2019-01-22 12:00:00,ev_N,K,3,
20190122000030,2019-01-22 00:00:30,2019-01-22 12:00:00,ev_N,K,2,
20190122000040,2019-01-22 00:00:40,2019-01-22 12:00:00,ev_C,C,18,
20190122000050,2019-01-22 00:00:50,2019-01-22 12:00:00,ev_K,K,3,
20190122000100,2019-01-22 00:01:00,2019-01-22 12:00:00,ev_K,K,3,
20190122000110,2019-01-22 00:01:10,2019-01-22 12:00:00,ev_C,C,5,
20190122000120,2019-01-22 00:01:20,2019-01-22 12:00:00,ev_C,C,5,
20190122000130,2019-01-22 00:01:30,2019-01-22 12:00:00,ev_C,C,20,
20190122000140,2019-01-22 00:01:40,2019-01-22 12:00:00,ev_C,C,9,
20190122000150,2019-01-22 00:01:50,2019-01-22 12:00:00,ev_C,C,6,
20190122000200,2019-01-22 00:02:00,2019-01-22 12:00:00,ev_C,C,15,
20190122000210,2019-01-22 00:02:10,2019-01-22 12:00:00,ev_C,C,13,
20190122000220,2019-01-22 00:02:20,2019-01-22 12:00:00,ev_C,C,9,
20190122000230,2019-01-22 00:02:30,2019-01-22 12:00:00,ev_C,C,12,
20190122000240,2019-01-22 00:02:40,2019-01-22 12:00:00,ev_C,C,12,
20190122000250,2019-01-22 00:02:50,2019-01-22 12:00:00,ev_C,C,10,
20190122000300,2019-01-22 00:03:00,2019-01-22 12:00:00,ev_C,C,19,
20190122000310,2019-01-22 00:03:10,2019-01-22 12:00:00,ev_C,C,9,
20190122000320,2019-01-22 00:03:20,2019-01-22 12:00:00,ev_C,C,18,
20190122000330,2019-01-22 00:03:30,2019-01-22 12:00:00,ev_C,C,5,
20190122000340,2019-01-22 00:03:40,2019-01-22 12:00:00,ev_C,C,20,
20190122000350,2019-01-22 00:03:50,2019-01-22 12:00:00,ev_C,C,17,
20190122000400,2019-01-22 00:04:00,2019-01-22 12:00:00,ev_C,C,7,
20190122000410,2019-01-22 00:04:10,2019-01-22 12:00:00,ev_C,C,5,
20190122000420,2019-01-22 00:04:20,2019-01-22 12:00:00,ev_C,C,13,
20190122000430,2019-01-22 00:04:30,2019-01-22 12:00:00,ev_K,K,3,
20190122000440,2019-01-22 00:04:40,2019-01-22 12:00:00,ev_N,K,1,
20190122000450,2019-01-22 00:04:50,2019-01-22 12:00:00,ev_C,C,6,
20190122000500,2019-01-22 00:05:00,2019-01-22 12:00:00,ev_C,C,18,
20190122000510,2019-01-22 00:05:10,2019-01-22 12:00:00,ev_C,C,19,
20190122000520,2019-01-22 00:05:20,2019-01-22 12:00:00,ev_K,K,5,
20190122000530,2019-01-22 00:05:30,2019-01-22 12:00:00,ev_K,K,4,
20190122000540,2019-01-22 00:05:40,2019-01-22 12:00:00,ev_C,C,7,
20190122000550,2019-01-22 00:05:50,2019-01-22 12:00:00,ev_C,C,12,
20190122000600,2019-01-22 00:06:00,2019-01-22 12:00:00,ev_C,C,1,
20190122000610,2019-01-22 00:06:10,2019-01-22 12:00:00,ev_N,K,2,
20190122000620,2019-01-22 00:06:20,2019-01-22 12:00:00,ev_C,C,15,
20190122000630,2019-01-22 00:06:30,2019-01-22 12:00:00,ev_C,C,17,
20190122000640,2019-01-22 00:06:40,2019-01-22 12:00:00,ev_C,C,8,
20190122000650,2019-01-22 00:06:50,2019-01-22 12:00:00,ev_K,K,3,
20190122000700,2019-01-22 00:07:00,2019-01-22 12:00:00,ev_N,K,4,
20190122000710,2019-01-22 00:07:10,2019-01-22 12:00:00,ev_C,C,6,
20190122000720,2019-01-22 00:07:20,2019-01-22 12:00:00,ev_K,K,5,
20190122000730,2019-01-22 00:07:30,2019-01-22 12:00:00,ev_K,K,3,
20190122000740,2019-01-22 00:07:40,2019-01-22 12:00:00,ev_C,C,2,
20190122000750,2019-01-22 00:07:50,2019-01-22 12:00:00,ev_C,C,15,
20190122000800,2019-01-22 00:08:00,2019-01-22 12:00:00,ev_C,C,14,
20190122000810,2019-01-22 00:08:10,2019-01-22 12:00:00,ev_K,K,2,
20190122000820,2019-01-22 00:08:20,2019-01-22 12:00:00,ev_C,C,8,
20190122000830,2019-01-22 00:08:30,2019-01-22 12:00:00,ev_C,C,11,
20190122000840,2019-01-22 00:08:40,2019-01-22 12:00:00,ev_C,C,19,
20190122000850,2019-01-22 00:08:50,2019-01-22 12:00:00,ev_C,C,9,
20190122000900,2019-01-22 00:09:00,2019-01-22 12:00:00,ev_K,K,2,
20190122000910,2019-01-22 00:09:10,2019-01-22 12:00:00,ev_C,C,3,
20190122000920,2019-01-22 00:09:20,2019-01-22 12:00:00,ev_C,C,7,
20190122000930,2019-01-22 00:09:30,2019-01-22 12:00:00,ev_C,C,2,
20190122000940,2019-01-22 00:09:40,2019-01-22 12:00:00,ev_C,C,18,
20190122000950,2019-01-22 00:09:50,2019-01-22 12:00:00,ev_K,K,1,
20190122001000,2019-01-22 00:10:00,2019-01-22 12:00:00,ev_K,K,5,
20190122001010,2019-01-22 00:10:10,2019-01-22 12:00:00,ev_N,K,4,
20190122001020,2019-01-22 00:10:20,2019-01-22 12:00:00,ev_C,C,18,
20190122001030,2019-01-22 00:10:30,2019-01-22 12:00:00,ev_C,C,3,
20190122001040,2019-01-22 00:10:40,2019-01-22 12:00:00,ev_C,C,12,
20190122001050,2019-01-22 00:10:50,2019-01-22 12:00:00,ev_K,K,4,
20190122001100,2019-01-22 00:11:00,2019-01-22 12:00:00,ev_C,C,14,
20190122001110,2019-01-22 00:11:10,2019-01-22 12:00:00,ev_K,K,2,
20190122001120,2019-01-22 00:11:20,2019-01-22 12:00:00,ev_C,C,12,
20190122001130,2019-01-22 00:11:30,2019-01-22 12:00:00,ev_C,C,8,
20190122001140,2019-01-22 00:11:40,2019-01-22 12:00:00,ev_C,C,18,
20190122001150,2019-01-22 00:11:50,2019-01-22 12:00:00,ev_C,C,3,
20190122001200,2019-01-22 00:12:00,2019-01-22 12:00:00,ev_C,C,2,
20190122001210,2019-01-22 00:12:10,2019-01-22 12:00:00,ev_C,C,17,
20190122001220,2019-01-22 00:12:20,2019-01-22 12:00:00,ev_C,C,20,
20190122001230,2019-01-22 00:12:30,2019-01-22 12:00:00,ev_C,C,15,
20190122001240,2019-01-22 00:12:40,2019-01-22 12:00:00,ev_N,K,5,
20190122001250,2019-01-22 00:12:50,2019-01-22 12:00:00,ev_C,C,20,
20190122001300,2019-01-22 00:13:00,2019-01-22 12:00:00,ev_C,C,9,
20190122001310,2019-01-22 00:13:10,2019-01-22 12:00:00,ev_C,C,10,
20190122001320,2019-01-22 00:13:20,2019-01-22 12:00:00,ev_C,C,15,
20190122001330,2019-01-22 00:13:30,2019-01-22 12:00:00,ev_C,C,11,
20190122001340,2019-01-22 00:13:40,2019-01-22 12:00:00,ev_C,C,17,
20190122001350,2019-01-22 00:13:50,2019-01-22 12:00:00,ev_C,C,4,
20190122001400,2019-01-22 00:14:00,2019-01-22 12:00:00,ev_C,C,17,
20190122001410,2019-01-22 00:14:10,2019-01-22 12:00:00,ev_C,C,9,
20190122001420,2019-01-22 00:14:20,2019-01-22 12:00:00,ev_C,C,10,
20190122001430,2019-01-22 00:14:30,2019-01-22 12:00:00,ev_C,C,20,
20190122001440,2019-01-22 00:14:40,2019-01-22 12:00:00,ev_C,C,4,
20190122001450,2019-01-22 00:14:50,2019-01-22 12:00:00,ev_C,C,16,
20190122001500,2019-01-22 00:15:00,2019-01-22 12:00:00,ev_N,K,1,
20190122001510,2019-01-22 00:15:10,2019-01-22 12:00:00,ev_K,K,2,
20190122001520,2019-01-22 00:15:20,2019-01-22 12:00:00,ev_C,C,3,
20190122001530,2019-01-22 00:15:30,2019-01-22 12:00:00,ev_C,C,3,
20190122001540,2019-01-22 00:15:40,2019-01-22 12:00:00,ev_C,C,10,
20190122001550,2019-01-22 00:15:50,2019-01-22 12:00:00,ev_C,C,10,
20190122001600,2019-01-22 00:16:00,2019-01-22 12:00:00,ev_C,C,8,
20190122001610,2019-01-22 00:16:10,2019-01-22 12:00:00,ev_C,C,1,
20190122001620,2019-01-22 00:16:20,2019-01-22 12:00:00,ev_C,C,3,
20190122001630,2019-01-22 00:16:30,2019-01-22 12:00:00,ev_C,C,20,
20190122001640,2019-01-22 00:16:40,2019-01-22 12:00:00,ev_C,C,3,
20190122001650,2019-01-22 00:16:50,2019-01-22 12:00:00,ev_K,K,4,
20190122001700,2019-01-22 00:17:00,2019-01-22 12:00:00,ev_C,C,14,
20190122001710,2019-01-22 00:17:10,2019-01-22 12:00:00,ev_C,C,6,
20190122001720,2019-01-22 00:17:20,2019-01-22 12:00:00,ev_C,C,10,
20190122001730,2019-01-22 00:17:30,2019-01-22 12:00:00,ev_C,C,6,
20190122001740,2019-01-22 00:17:40,2019-01-22 12:00:00,ev_C,C,13,
20190122001750,2019-01-22 00:17:50,2019-01-22 12:00:00,ev_C,C,4,
20190122001800,2019-01-22 00:18:00,2019-01-22 12:00:00,ev_K,K,4,
20190122001810,2019-01-22 00:18:10,2019-01-22 12:00:00,ev_C,C,1,
20190122001820,2019-01-22 00:18:20,2019-01-22 12:00:00,ev_K,K,4,
20190122001830,2019-01-22 00:18:30,2019-01-22 12:00:00,ev_C,C,7,
20190122001840,2019-01-22 00:18:40,2019-01-22 12:00:00,ev_C,C,18,
20190122001850,2019-01-22 00:18:50,2019-01-22 12:00:00,ev_K,K,3,
20190122001900,2019-01-22 00:19:00,2019-01-22 12:00:00,ev_C,C,8,
20190122001910,2019-01-22 00:19:10,2019-01-22 12:00:00,ev_C,C,11,
20190122001920,2019-01-22 00:19:20,2019-01-22 12:00:00,ev_C,C,11,
20190122001930,2019-01-22 00:19:30,2019-01-22 12:00:00,ev_C,C,15,
20190122001940,2019-01-22 00:19:40,2019-01-22 12:00:00,ev_N,K,2,
20190122001950,2019-01-22 00:19:50,2019-01-22 12:00:00,ev_C,C,13,
20190122002000,2019-01-22 00:20:00,2019-01-22 12:00:00,ev_C,C,8,
20190122002010,2019-01-22 00:20:10,2019-01-22 12:00:00,ev_C,C,8,
20190122002020,2019-01-22 00:20:20,2019-01-22 12:00:00,ev_C,C,15,
20190122002030,2019-01-22 00:20:30,2019-01-22 12:00:00,ev_C,C,8,
20190122002040,2019-01-22 00:20:40,2019-01-22 12:00:00,ev_K,K,5,
20190122002050,2019-01-22 00:20:50,2019-01-22 12:00:00,ev_C,C,1,
20190122002100,2019-01-22 00:21:00,2019-01-22 12:00:00,ev_C,C,9,
20190122002110,2019-01-22 00:21:10,2019-01-22 12:00:00,ev_C,C,7,
20190122002120,2019-01-22 00:21:20,2019-01-22 12:00:00,ev_C,C,12,
20190122002130,2019-01-22 00:21:30,2019-01-22 12:00:00,ev_C,C,10,
20190122002140,2019-01-22 00:21:40,2019-01-22 12:00:00,ev_C,C,3,
20190122002150,2019-01-22 00:21:50,2019-01-22 12:00:00,ev_C,C,4,
20190122002200,2019-01-22 00:22:00,2019-01-22 12:00:00,ev_C,C,1,
20190122002210,2019-01-22 00:22:10,2019-01-22 12:00:00,ev_K,K,4,
20190122002220,2019-01-22 00:22:20,2019-01-22 12:00:00,ev_K,K,2,
20190122002230,2019-01-22 00:22:30,2019-01-22 12:00:00,ev_C,C,17,
20190122002240,2019-01-22 00:22:40,2019-01-22 12:00:00,ev_C,C,8,
20190122002250,2019-01-22 00:22:50,2019-01-22 12:00:00,ev_N,K,2,
20190122002300,2019-01-22 00:23:00,2019-01-22 12:00:00,ev_C,C,15,
20190122002310,2019-01-22 00:23:10,2019-01-22 12:00:00,ev_K,K,4,
20190122002320,2019-01-22 00:23:20,2019-01-22 12:00:00,ev_K,K,2,
20190122002330,2019-01-22 00:23:30,2019-01-22 12:00:00,ev_C,C,16,
20190122002340,2019-01-22 00:23:40,2019-01-22 12:00:00,ev_C,C,20,
20190122002350,2019-01-22 00:23:50,2019-01-22 12:00:00,ev_K,K,2,
20190122002400,2019-01-22 00:24:00,2019-01-22 12:00:00,ev_K,K,2,
20190122002410,2019-01-22 00:24:10,2019-01-22 12:00:00,ev_K,K,5,
20190122002420,2019-01-22 00:24:20,2019-01-22 12:00:00,ev_C,C,6,
20190122002430,2019-01-22 00:24:30,2019-01-22 12:00:00,ev_C,C,3,
20190122002440,2019-01-22 00:24:40,2019-01-22 12:00:00,ev_C,C,9,
20190122002450,2019-01-22 00:24:50,2019-01-22 12:00:00,ev_K,K,5,
20190122002500,2019-01-22 00:25:00,2019-01-22 12:00:00,ev_C,C,12,
20190122002510,2019-01-22 00:25:10,2019-01-22 12:00:00,ev_C,C,10,
20190122002520,2019-01-22 00:25:20,2019-01-22 12:00:00,ev_K,K,4,
20190122002530,2019-01-22 00:25:30,2019-01-22 12:00:00,ev_K,K,3,
20190122002540,2019-01-22 00:25:40,2019-01-22 12:00:00,ev_C,C,10,
20190122002550,2019-01-22 00:25:50,2019-01-22 12:00:00,ev_C,C,19,
20190122002600,2019-01-22 00:26:00,2019-01-22 12:00:00,ev_C,C,7,
20190122002610,2019-01-22 00:26:10,2019-01-22 12:00:00,ev_C,C,2,
20190122002620,2019-01-22 00:26:20,2019-01-22 12:00:00,ev_K,K,2,
20190122002630,2019-01-22 00:26:30,2019-01-22 12:00:00,ev_K,K,4,
20190122002640,2019-01-22 00:26:40,2019-01-22 12:00:00,ev_C,C,3,
20190122002650,2019-01-22 00:26:50,2019-01-22 12:00:00,ev_C,C,13,
20190122002700,2019-01-22 00:27:00,2019-01-22 12:00:00,ev_C,C,1,
20190122002710,2019-01-22 00:27:10,2019-01-22 12:00:00,ev_K,K,5,
20190122002720,2019-01-22 00:27:20,2019-01-22 12:00:00,ev_K,K,4,
20190122002730,2019-01-22 00:27:30,2019-01-22 12:00:00,ev_N,K,2,
20190122002740,2019-01-22 00:27:40,2019-01-22 12:00:00,ev_C,C,2,
20190122002750,2019-01-22 00:27:50,2019-01-22 12:00:00,ev_C,C,7,
20190122002800,2019-01-22 00:28:00,2019-01-22 12:00:00,ev_C,C,20,
20190122002810,2019-01-22 00:28:10,2019-01-22 12:00:00,ev_C,C,14,
20190122002820,2019-01-22 00:28:20,2019-01-22 12:00:00,ev_K,K,4,
20190122002830,2019-01-22 00:28:30,2019-01-22 12:00:00,ev_C,C,11,
20190122002840,2019-01-22 00:28:40,2019-01-22 12:00:00,ev_C,C,9,
20190122002850,2019-01-22 00:28:50,2019-01-22 12:00:00,ev_N,K,3,
20190122002900,2019-01-22 00:29:00,2019-01-22 12:00:00,ev_C,C,12,
20190122002910,2019-01-22 00:29:10,2019-01-22 12:00:00,ev_C,C,4,
20190122002920,2019-01-22 00:29:20,2019-01-22 12:00:00,ev_C,C,14,
20190122002930,2019-01-22 00:29:30,2019-01-22 12:00:00,ev_C,C,11,
20190122002940,2019-01-22 00:29:40,2019-01-22 12:00:00,ev_K,K,4,
20190122002950,2019-01-22 00:29:50,2019-01-22 12:00:00,ev_C,C,19,
20190122003000,2019-01-22 00:30:00,2019-01-22 12:00:00,ev_C,C,10,
20190122003010,2019-01-22 00:30:10,2019-01-22 12:00:00,ev_C,C,17,
20190122003020,2019-01-22 00:30:20,2019-01-22 12:00:00,ev_N,K,4,
20190122003030,2019-01-22 00:30:30,2019-01-22 12:00:00,ev_K,K,3,
20190122003040,2019-01-22 00:30:40,2019-01-22 12:00:00,ev_C,C,14,
20190122003050,2019-01-22 00:30:50,2019-01-22 12:00:00,ev_N,K,3,
20190122003100,2019-01-22 00:31:00,2019-01-22 12:00:00,ev_C,C,2,
20190122003110,2019-01-22 00:31:10,2019-01-22 12:00:00,ev_K,K,4,
20190122003120,2019-01-22 00:31:20,2019-01-22 12:00:00,ev_C,C,14,
20190122003130,2019-01-22 00:31:30,2019-01-22 12:00:00,ev_C,C,20,
20190122003140,2019-01-22 00:31:40,2019-01-22 12:00:00,ev_K,K,3,
20190122003150,2019-01-22 00:31:50,2019-01-22 12:00:00,ev_K,K,5,
20190122003200,2019-01-22 00:32:00,2019-01-22 12:00:00,ev_N,K,4,
20190122003210,2019-01-22 00:32:10,2019-01-22 12:00:00,ev_C,C,11,
20190122003220,2019-01-22 00:32:20,2019-01-22 12:00:00,ev_N,K,5,
20190122003230,2019-01-22 00:32:30,2019-01-22 12:00:00,ev_C,C,5,
20190122003240,2019-01-22 00:32:40,2019-01-22 12:00:00,ev_C,C,19,
20190122003250,2019-01-22 00:32:50,2019-01-22 12:00:00,ev_C,C,2,
20190122003300,2019-01-22 00:33:00,2019-01-22 12:00:00,ev_K,K,1,
20190122003310,2019-01-22 00:33:10,2019-01-22 12:00:00,ev_C,C,11,
20190122003320,2019-01-22 00:33:20,2019-01-22 12:00:00,ev_C,C,8,
20190122003330,2019-01-22 00:33:30,2019-01-22 12:00:00,ev_C,C,1,
20190122003340,2019-01-22 00:33:40,2019-01-22 12:00:00,ev_K,K,4,
20190122003350,2019-01-22 00:33:50,2019-01-22 12:00:00,ev_C,C,13,
20190122003400,2019-01-22 00:34:00,2019-01-22 12:00:00,ev_C,C,6,
20190122003410,2019-01-22 00:34:10,2019-01-22 12:00:00,ev_C,C,6,
20190122003420,2019-01-22 00:34:20,2019-01-22 12:00:00,ev_C,C,17,
20190122003430,2019-01-22 00:34:30,2019-01-22 12:00:00,ev_N,K,5,
20190122003440,2019-01-22 00:34:40,2019-01-22 12:00:00,ev_C,C,16,
20190122003450,2019-01-22 00:34:50,2019-01-22 12:00:00,ev_N,K,4,
20190122003500,2019-01-22 00:35:00,2019-01-22 12:00:00,ev_C,C,16,
20190122003510,2019-01-22 00:35:10,2019-01-22 12:00:00,ev_C,C,15,
20190122003520,2019-01-22 00:35:20,2019-01-22 12:00:00,ev_C,C,15,
20190122003530,2019-01-22 00:35:30,2019-01-22 12:00:00,ev_C,C,7,
20190122003540,2019-01-22 00:35:40,2019-01-22 12:00:00,ev_C,C,6,
20190122003550,2019-01-22 00:35:50,2019-01-22 12:00:00,ev_C,C,14,
20190122003600,2019-01-22 00:36:00,2019-01-22 12:00:00,ev_C,C,17,
20190122003610,2019-01-22 00:36:10,2019-01-22 12:00:00,ev_C,C,9,
20190122003620,2019-01-22 00:36:20,2019-01-22 12:00:00,ev_C,C,2,
20190122003630,2019-01-22 00:36:30,2019-01-22 12:00:00,ev_K,K,2,
20190122003640,2019-01-22 00:36:40,2019-01-22 12:00:00,ev_C,C,12,
20190122003650,2019-01-22 00:36:50,2019-01-22 12:00:00,ev_K,K,4,
20190122003700,2019-01-22 00:37:00,2019-01-22 12:00:00,ev_K,K,2,
20190122003710,2019-01-22 00:37:10,2019-01-22 12:00:00,ev_K,K,1,
20190122003720,2019-01-22 00:37:20,2019-01-22 12:00:00,ev_C,C,9,
20190122003730,2019-01-22 00:37:30,2019-01-22 12:00:00,ev_C,C,6,
20190122003740,2019-01-22 00:37:40,2019-01-22 12:00:00,ev_C,C,7,
20190122003750,2019-01-22 00:37:50,2019-01-22 12:00:00,ev_C,C,5,
20190122003800,2019-01-22 00:38:00,2019-01-22 12:00:00,ev_C,C,15,
20190122003810,2019-01-22 00:38:10,2019-01-22 12:00:00,ev_C,C,9,
20190122003820,2019-01-22 00:38:20,2019-01-22 12:00:00,ev_C,C,1,
20190122003830,2019-01-22 00:38:30,2019-01-22 12:00:00,ev_C,C,11,
20190122003840,2019-01-22 00:38:40,2019-01-22 12:00:00,ev_C,C,6,
20190122003850,2019-01-22 00:38:50,2019-01-22 12:00:00,ev_C,C,10,
20190122003900,2019-01-22 00:39:00,2019-01-22 12:00:00,ev_C,C,18,
20190122003910,2019-01-22 00:39:10,2019-01-22 12:00:00,ev_K,K,1,
20190122003920,2019-01-22 00:39:20,2019-01-22 12:00:00,ev_C,C,12,
20190122003930,2019-01-22 00:39:30,2019-01-22 12:00:00,ev_C,C,18,
20190122003940,2019-01-22 00:39:40,2019-01-22 12:00:00,ev_C,C,12,
20190122003950,2019-01-22 00:39:50,2019-01-22 12:00:00,ev_C,C,6,
20190122004000,2019-01-22 00:40:00,2019-01-22 12:00:00,ev_C,C,4,
20190122004010,2019-01-22 00:40:10,2019-01-22 12:00:00,ev_C,C,4,
20190122004020,2019-01-22 00:40:20,2019-01-22 12:00:00,ev_C,C,5,
20190122004030,2019-01-22 00:40:30,2019-01-22 12:00:00,ev_C,C,20,
20190122004040,2019-01-22 00:40:40,2019-01-22 12:00:00,ev_C,C,17,
20190122004050,2019-01-22 00:40:50,2019-01-22 12:00:00,ev_C,C,16,
20190122004100,2019-01-22 00:41:00,2019-01-22 12:00:00,ev_K,K,5,
20190122004110,2019-01-22 00:41:10,2019-01-22 12:00:00,ev_C,C,1,
20190122004120,2019-01-22 00:41:20,2019-01-22 12:00:00,ev_K,K,3,
20190122004130,2019-01-22 00:41:30,2019-01-22 12:00:00,ev_N,K,5,
20190122004140,2019-01-22 00:41:40,2019-01-22 12:00:00,ev_C,C,15,
20190122004150,2019-01-22 00:41:50,2019-01-22 12:00:00,ev_K,K,3,
20190122004200,2019-01-22 00:42:00,2019-01-22 12:00:00,ev_C,C,17,
20190122004210,2019-01-22 00:42:10,2019-01-22 12:00:00,ev_K,K,2,
20190122004220,2019-01-22 00:42:20,2019-01-22 12:00:00,ev_C,C,17,
20190122004230,2019-01-22 00:42:30,2019-01-22 12:00:00,ev_K,K,3,
20190122004240,2019-01-22 00:42:40,2019-01-22 12:00:00,ev_C,C,2,
20190122004250,2019-01-22 00:42:50,2019-01-22 12:00:00,ev_C,C,9,
20190122004300,2019-01-22 00:43:00,2019-01-22 12:00:00,ev_K,K,5,
20190122004310,2019-01-22 00:43:10,2019-01-22 12:00:00,ev_K,K,1,
20190122004320,2019-01-22 00:43:20,2019-01-22 12:00:00,ev_K,K,5,
20190122004330,2019-01-22 00:43:30,2019-01-22 12:00:00,ev_C,C,3,
20190122004340,2019-01-22 00:43:40,2019-01-22 12:00:00,ev_C,C,14,
20190122004350,2019-01-22 00:43:50,2019-01-22 12:00:00,ev_C,C,11,
20190122004400,2019-01-22 00:44:00,2019-01-22 12:00:00,ev_C,C,5,
20190122004410,2019-01-22 00:44:10,2019-01-22 12:00:00,ev_C,C,10,
20190122004420,2019-01-22 00:44:20,2019-01-22 12:00:00,ev_C,C,15,
20190122004430,2019-01-22 00:44:30,2019-01-22 12:00:00,ev_C,C,17,
20190122004440,2019-01-22 00:44:40,2019-01-22 12:00:00,ev_C,C,1,
20190122004450,2019-01-22 00:44:50,2019-01-22 12:00:00,ev_C,C,20,
20190122004500,2019-01-22 00:45:00,2019-01-22 12:00:00,ev_C,C,18,
20190122004510,2019-01-22 00:45:10,2019-01-22 12:00:00,ev_C,C,7,
20190122004520,2019-01-22 00:45:20,2019-01-22 12:00:00,ev_K,K,4,
20190122004530,2019-01-22 00:45:30,2019-01-22 12:00:00,ev_C,C,20,
20190122004540,2019-01-22 00:45:40,2019-01-22 12:00:00,ev_C,C,13,
20190122004550,2019-01-22 00:45:50,2019-01-22 12:00:00,ev_C,C,5,
20190122004600,2019-01-22 00:46:00,2019-01-22 12:00:00,ev_C,C,8,
20190122004610,2019-01-22 00:46:10,2019-01-22 12:00:00,ev_C,C,14,
20190122004620,2019-01-22 00:46:20,2019-01-22 12:00:00,ev_C,C,2,
20190122004630,2019-01-22 00:46:30,2019-01-22 12:00:00,ev_C,C,2,
20190122004640,2019-01-22 00:46:40,2019-01-22 12:00:00,ev_C,C,3,
20190122004650,2019-01-22 00:46:50,2019-01-22 12:00:00,ev_C,C,1,
20190122004700,2019-01-22 00:47:00,2019-01-22 12:00:00,ev_C,C,20,
20190122004710,2019-01-22 00:47:10,2019-01-22 12:00:00,ev_C,C,16,
20190122004720,2019-01-22 00:47:20,2019-01-22 12:00:00,ev_C,C,19,
20190122004730,2019-01-22 00:47:30,2019-01-22 12:00:00,ev_C,C,13,
20190122004740,2019-01-22 00:47:40,2019-01-22 12:00:00,ev_N,K,3,
20190122004750,2019-01-22 00:47:50,2019-01-22 12:00:00,ev_C,C,20,
20190122004800,2019-01-22 00:48:00,2019-01-22 12:00:00,ev_C,C,3,
20190122004810,2019-01-22 00:48:10,2019-01-22 12:00:00,ev_C,C,20,
20190122004820,2019-01-22 00:48:20,2019-01-22 12:00:00,ev_C,C,12,
20190122004830,2019-01-22 00:48:30,2019-01-22 12:00:00,ev_C,C,8,
20190122004840,2019-01-22 00:48:40,2019-01-22 12:00:00,ev_C,C,13,
20190122004850,2019-01-22 00:48:50,2019-01-22 12:00:00,ev_N,K,3,
20190122004900,2019-01-22 00:49:00,2019-01-22 12:00:00,ev_C,C,18,
20190122004910,2019-01-22 00:49:10,2019-01-22 12:00:00,ev_K,K,4,
20190122004920,2019-01-22 00:49:20,2019-01-22 12:00:00,ev_C,C,12,
20190122004930,2019-01-22 00:49:30,2019-01-22 12:00:00,ev_N,K,5,
20190122004940,2019-01-22 00:49:40,2019-01-22 12:00:00,ev_K,K,1,
20190122004950,2019-01-22 00:49:50,2019-01-22 12:00:00,ev_K,K,1,
20190122005000,2019-01-22 00:50:00,2019-01-22 12:00:00,ev_C,C,2,
20190122005010,2019-01-22 00:50:10,2019-01-22 12:00:00,ev_K,K,4,
20190122005020,2019-01-22 00:50:20,2019-01-22 12:00:00,ev_C,C,15,
20190122005030,2019-01-22 00:50:30,2019-01-22 12:00:00,ev_C,C,18,
20190122005040,2019-01-22 00:50:40,2019-01-22 12:00:00,ev_C,C,15,
20190122005050,2019-01-22 00:50:50,2019-01-22 12:00:00,ev_C,C,4,
20190122005100,2019-01-22 00:51:00,2019-01-22 12:00:00,ev_C,C,13,
20190122005110,2019-01-22 00:51:10,2019-01-22 12:00:00,ev_C,C,9,
20190122005120,2019-01-22 00:51:20,2019-01-22 12:00:00,ev_C,C,16,
20190122005130,2019-01-22 00:51:30,2019-01-22 12:00:00,ev_C,C,4,
20190122005140,2019-01-22 00:51:40,2019-01-22 12:00:00,ev_C,C,1,
20190122005150,2019-01-22 00:51:50,2019-01-22 12:00:00,ev_C,C,1,
20190122005200,2019-01-22 00:52:00,2019-01-22 12:00:00,ev_C,C,10,
20190122005210,2019-01-22 00:52:10,2019-01-22 12:00:00,ev_C,C,13,
20190122005220,2019-01-22 00:52:20,2019-01-22 12:00:00,ev_C,C,12,
20190122005230,2019-01-22 00:52:30,2019-01-22 12:00:00,ev_C,C,2,
20190122005240,2019-01-22 00:52:40,2019-01-22 12:00:00,ev_C,C,13,
20190122005250,2019-01-22 00:52:50,2019-01-22 12:00:00,ev_C,C,4,
20190122005300,2019-01-22 00:53:00,2019-01-22 12:00:00,ev_C,C,19,
20190122005310,2019-01-22 00:53:10,2019-01-22 12:00:00,ev_C,C,3,
20190122005320,2019-01-22 00:53:20,2019-01-22 12:00:00,ev_C,C,12,
20190122005330,2019-01-22 00:53:30,2019-01-22 12:00:00,ev_C,C,1,
20190122005340,2019-01-22 00:53:40,2019-01-22 12:00:00,ev_C,C,17,
20190122005350,2019-01-22 00:53:50,2019-01-22 12:00:00,ev_C,C,13,
20190122005400,2019-01-22 00:54:00,2019-01-22 12:00:00,ev_C,C,4,
20190122005410,2019-01-22 00:54:10,2019-01-22 12:00:00,ev_K,K,2,
20190122005420,2019-01-22 00:54:20,2019-01-22 12:00:00,ev_C,C,3,
20190122005430,2019-01-22 00:54:30,2019-01-22 12:00:00,ev_K,K,5,
20190122005440,2019-01-22 00:54:40,2019-01-22 12:00:00,ev_C,C,14,
20190122005450,2019-01-22 00:54:50,2019-01-22 12:00:00,ev_C,C,16,
20190122005500,2019-01-22 00:55:00,2019-01-22 12:00:00,ev_C,C,14,
20190122005510,2019-01-22 00:55:10,2019-01-22 12:00:00,ev_C,C,19,
20190122005520,2019-01-22 00:55:20,2019-01-22 12:00:00,ev_C,C,8,
20190122005530,2019-01-22 00:55:30,2019-01-22 12:00:00,ev_C,C,19,
20190122005540,2019-01-22 00:55:40,2019-01-22 12:00:00,ev_C,C,5,
20190122005550,2019-01-22 00:55:50,2019-01-22 12:00:00,ev_C,C,16,
20190122005600,2019-01-22 00:56:00,2019-01-22 12:00:00,ev_C,C,11,
20190122005610,2019-01-22 00:56:10,2019-01-22 12:00:00,ev_C,C,15,
20190122005620,2019-01-22 00:56:20,2019-01-22 12:00:00,ev_N,K,1,
20190122005630,2019-01-22 00:56:30,2019-01-22 12:00:00,ev_C,C,6,
20190122005640,2019-01-22 00:56:40,2019-01-22 12:00:00,ev_C,C,17,
20190122005650,2019-01-22 00:56:50,2019-01-22 12:00:00,ev_C,C,6,
20190122005700,2019-01-22 00:57:00,2019-01-22 12:00:00,ev_C,C,2,
20190122005710,2019-01-22 00:57:10,2019-01-22 12:00:00,ev_C,C,15,
20190122005720,2019-01-22 00:57:20,2019-01-22 12:00:00,ev_C,C,16,
20190122005730,2019-01-22 00:57:30,2019-01-22 12:00:00,ev_N,K,5,
20190122005740,2019-01-22 00:57:40,2019-01-22 12:00:00,ev_C,C,8,
20190122005750,2019-01-22 00:57:50,2019-01-22 12:00:00,ev_C,C,3,
20190122005800,2019-01-22 00:58:00,2019-01-22 12:00:00,ev_C,C,14,
20190122005810,2019-01-22 00:58:10,2019-01-22 12:00:00,ev_C,C,7,
20190122005820,2019-01-22 00:58:20,2019-01-22 12:00:00,ev_C,C,19,
20190122005830,2019-01-22 00:58:30,2019-01-22 12:00:00,ev_C,C,5,
20190122005840,2019-01-22 00:58:40,2019-01-22 12:00:00,ev_K,K,3,
20190122005850,2019-01-22 00:58:50,2019-01-22 12:00:00,ev_C,C,17,
20190122005900,2019-01-22 00:59:00,2019-01-22 12:00:00,ev_K,K,4,
20190122005910,2019-01-22 00:59:10,2019-01-22 12:00:00,ev_K,K,5,
20190122005920,2019-01-22 00:59:20,2019-01-22 12:00:00,ev_K,K,1,
20190122005930,2019-01-22 00:59:30,2019-01-22 12:00:00,ev_C,C,18,
20190122005940,2019-01-22 00:59:40,2019-01-22 12:00:00,ev_K,K,1,
20190122005950,2019-01-22 00:59:50,2019-01-22 12:00:00,ev_C,C,15,
20190122010000,2019-01-22 01:00:00,2019-01-22 12:00:00,ev_C,C,10,
20190122010010,2019-01-22 01:00:10,2019-01-22 12:00:00,ev_C,C,15,
20190122010020,2019-01-22 01:00:20,2019-01-22 12:00:00,ev_C,C,16,
20190122010030,2019-01-22 01:00:30,2019-01-22 12:00:00,ev_C,C,20,
20190122010040,2019-01-22 01:00:40,2019-01-22 12:00:00,ev_C,C,6,
20190122010050,2019-01-22 01:00:50,2019-01-22 12:00:00,ev_K,K,5,
20190122010100,2019-01-22 01:01:00,2019-01-22 12:00:00,ev_C,C,15,
20190122010110,2019-01-22 01:01:10,2019-01-22 12:00:00,ev_C,C,13,
20190122010120,2019-01-22 01:01:20,2019-01-22 12:00:00,ev_K,K,2,
20190122010130,2019-01-22 01:01:30,2019-01-22 12:00:00,ev_C,C,14,
20190122010140,2019-01-22 01:01:40,2019-01-22 12:00:00,ev_N,K,4,
20190122010150,2019-01-22 01:01:50,2019-01-22 12:00:00,ev_K,K,5,
20190122010200,2019-01-22 01:02:00,2019-01-22 12:00:00,ev_C,C,1,
20190122010210,2019-01-22 01:02:10,2019-01-22 12:00:00,ev_C,C,18,
20190122010220,2019-01-22 01:02:20,2019-01-22 12:00:00,ev_K,K,3,
20190122010230,2019-01-22 01:02:30,2019-01-22 12:00:00,ev_K,K,4,
20190122010240,2019-01-22 01:02:40,2019-01-22 12:00:00,ev_K,K,4,
20190122010250,2019-01-22 01:02:50,2019-01-22 12:00:00,ev_C,C,17,
20190122010300,2019-01-22 01:03:00,2019-01-22 12:00:00,ev_C,C,2,
20190122010310,2019-01-22 01:03:10,2019-01-22 12:00:00,ev_C,C,8,
20190122010320,2019-01-22 01:03:20,2019-01-22 12:00:00,ev_C,C,16,
20190122010330,2019-01-22 01:03:30,2019-01-22 12:00:00,ev_N,K,2,
20190122010340,2019-01-22 01:03:40,2019-01-22 12:00:00,ev_C,C,10,
20190122010350,2019-01-22 01:03:50,2019-01-22 12:00:00,ev_C,C,12,
20190122010400,2019-01-22 01:04:00,2019-01-22 12:00:00,ev_C,C,12,
20190122010410,2019-01-22 01:04:10,2019-01-22 12:00:00,ev_C,C,13,
20190122010420,2019-01-22 01:04:20,2019-01-22 12:00:00,ev_C,C,13,
20190122010430,2019-01-22 01:04:30,2019-01-22 12:00:00,ev_C,C,20,
20190122010440,2019-01-22 01:04:40,2019-01-22 12:00:00,ev_C,C,11,
20190122010450,2019-01-22 01:04:50,2019-01-22 12:00:00,ev_C,C,10,
20190122010500,2019-01-22 01:05:00,2019-01-22 12:00:00,ev_C,C,20,
20190122010510,2019-01-22 01:05:10,2019-01-22 12:00:00,ev_C,C,9,
20190122010520,2019-01-22 01:05:20,2019-01-22 12:00:00,ev_C,C,20,
20190122010530,2019-01-22 01:05:30,2019-01-22 12:00:00,ev_C,C,16,
20190122010540,2019-01-22 01:05:40,2019-01-22 12:00:00,ev_C,C,7,
20190122010550,2019-01-22 01:05:50,2019-01-22 12:00:00,ev_C,C,18,
20190122010600,2019-01-22 01:06:00,2019-01-22 12:00:00,ev_N,K,1,
20190122010610,2019-01-22 01:06:10,2019-01-22 12:00:00,ev_C,C,18,
20190122010620,2019-01-22 01:06:20,2019-01-22 12:00:00,ev_C,C,15,
20190122010630,2019-01-22 01:06:30,2019-01-22 12:00:00,ev_C,C,13,
20190122010640,2019-01-22 01:06:40,2019-01-22 12:00:00,ev_C,C,14,
20190122010650,2019-01-22 01:06:50,2019-01-22 12:00:00,ev_N,K,4,
20190122010700,2019-01-22 01:07:00,2019-01-22 12:00:00,ev_K,K,5,
20190122010710,2019-01-22 01:07:10,2019-01-22 12:00:00,ev_C,C,4,
20190122010720,2019-01-22 01:07:20,2019-01-22 12:00:00,ev_C,C,18,
20190122010730,2019-01-22 01:07:30,2019-01-22 12:00:00,ev_C,C,2,
20190122010740,2019-01-22 01:07:40,2019-01-22 12:00:00,ev_C,C,18,
20190122010750,2019-01-22 01:07:50,2019-01-22 12:00:00,ev_C,C,10,
20190122010800,2019-01-22 01:08:00,2019-01-22 12:00:00,ev_K,K,5,
20190122010810,2019-01-22 01:08:10,2019-01-22 12:00:00,ev_N,K,5,
20190122010820,2019-01-22 01:08:20,2019-01-22 12:00:00,ev_C,C,9,
20190122010830,2019-01-22 01:08:30,2019-01-22 12:00:00,ev_C,C,16,
20190122010840,2019-01-22 01:08:40,2019-01-22 12:00:00,ev_N,K,5,
20190122010850,2019-01-22 01:08:50,2019-01-22 12:00:00,ev_C,C,13,
20190122010900,2019-01-22 01:09:00,2019-01-22 12:00:00,ev_C,C,17,
20190122010910,2019-01-22 01:09:10,2019-01-22 12:00:00,ev_C,C,1,
20190122010920,2019-01-22 01:09:20,2019-01-22 12:00:00,ev_C,C,6,
20190122010930,2019-01-22 01:09:30,2019-01-22 12:00:00,ev_C,C,8,
20190122010940,2019-01-22 01:09:40,2019-01-22 12:00:00,ev_C,C,17,
20190122010950,2019-01-22 01:09:50,2019-01-22 12:00:00,ev_C,C,5,
20190122011000,2019-01-22 01:10:00,2019-01-22 12:00:00,ev_C,C,2,
20190122011010,2019-01-22 01:10:10,2019-01-22 12:00:00,ev_K,K,4,
20190122011020,2019-01-22 01:10:20,2019-01-22 12:00:00,ev_K,K,5,
20190122011030,2019-01-22 01:10:30,2019-01-22 12:00:00,ev_C,C,3,
20190122011040,2019-01-22 01:10:40,2019-01-22 12:00:00,ev_C,C,17,
20190122011050,2019-01-22 01:10:50,2019-01-22 12:00:00,ev_N,K,3,
20190122011100,2019-01-22 01:11:00,2019-01-22 12:00:00,ev_N,K,2,
20190122011110,2019-01-22 01:11:10,2019-01-22 12:00:00,ev_K,K,4,
20190122011120,2019-01-22 01:11:20,2019-01-22 12:00:00,ev_C,C,19,
20190122011130,2019-01-22 01:11:30,2019-01-22 12:00:00,ev_C,C,20,
20190122011140,2019-01-22 01:11:40,2019-01-22 12:00:00,ev_C,C,3,
20190122011150,2019-01-22 01:11:50,2019-01-22 12:00:00,ev_K,K,5,
20190122011200,2019-01-22 01:12:00,2019-01-22 12:00:00,ev_C,C,4,
20190122011210,2019-01-22 01:12:10,2019-01-22 12:00:00,ev_K,K,2,
20190122011220,2019-01-22 01:12:20,2019-01-22 12:00:00,ev_N,K,2,
20190122011230,2019-01-22 01:12:30,2019-01-22 12:00:00,ev_K,K,4,
20190122011240,2019-01-22 01:12:40,2019-01-22 12:00:00,ev_C,C,6,
20190122011250,2019-01-22 01:12:50,2019-01-22 12:00:00,ev_C,C,8,
20190122011300,2019-01-22 01:13:00,2019-01-22 12:00:00,ev_K,K,4,
20190122011310,2019-01-22 01:13:10,2019-01-22 12:00:00,ev_K,K,5,
20190122011320,2019-01-22 01:13:20,2019-01-22 12:00:00,ev_C,C,15,
20190122011330,2019-01-22 01:13:30,2019-01-22 12:00:00,ev_C,C,15,
20190122011340,2019-01-22 01:13:40,2019-01-22 12:00:00,ev_C,C,12,
20190122011350,2019-01-22 01:13:50,2019-01-22 12:00:00,ev_C,C,20,
20190122011400,2019-01-22 01:14:00,2019-01-22 12:00:00,ev_C,C,18,
20190122011410,2019-01-22 01:14:10,2019-01-22 12:00:00,ev_C,C,7,
20190122011420,2019-01-22 01:14:20,2019-01-22 12:00:00,ev_K,K,5,
20190122011430,2019-01-22 01:14:30,2019-01-22 12:00:00,ev_C,C,9,
20190122011440,2019-01-22 01:14:40,2019-01-22 12:00:00,ev_C,C,6,
20190122011450,2019-01-22 01:14:50,2019-01-22 12:00:00,ev_C,C,12,
20190122011500,2019-01-22 01:15:00,2019-01-22 12:00:00,ev_C,C,14,
20190122011510,2019-01-22 01:15:10,2019-01-22 12:00:00,ev_K,K,1,
20190122011520,2019-01-22 01:15:20,2019-01-22 12:00:00,ev_C,C,4,
20190122011530,2019-01-22 01:15:30,2019-01-22 12:00:00,ev_C,C,15,
20190122011540,2019-01-22 01:15:40,2019-01-22 12:00:00,ev_N,K,3,
20190122011550,2019-01-22 01:15:50,2019-01-22 12:00:00,ev_N,K,4,
20190122011600,2019-01-22 01:16:00,2019-01-22 12:00:00,ev_C,C,7,
20190122011610,2019-01-22 01:16:10,2019-01-22 12:00:00,ev_C,C,1,
20190122011620,2019-01-22 01:16:20,2019-01-22 12:00:00,ev_C,C,14,
20190122011630,2019-01-22 01:16:30,2019-01-22 12:00:00,ev_C,C,11,
20190122011640,2019-01-22 01:16:40,2019-01-22 12:00:00,ev_C,C,13,
20190122011650,2019-01-22 01:16:50,2019-01-22 12:00:00,ev_K,K,5,
20190122011700,2019-01-22 01:17:00,2019-01-22 12:00:00,ev_K,K,4,
20190122011710,2019-01-22 01:17:10,2019-01-22 12:00:00,ev_C,C,4,
20190122011720,2019-01-22 01:17:20,2019-01-22 12:00:00,ev_C,C,15,
20190122011730,2019-01-22 01:17:30,2019-01-22 12:00:00,ev_C,C,11,
20190122011740,2019-01-22 01:17:40,2019-01-22 12:00:00,ev_N,K,1,
20190122011750,2019-01-22 01:17:50,2019-01-22 12:00:00,ev_C,C,20,
20190122011800,2019-01-22 01:18:00,2019-01-22 12:00:00,ev_C,C,8,
20190122011810,2019-01-22 01:18:10,2019-01-22 12:00:00,ev_C,C,13,
20190122011820,2019-01-22 01:18:20,2019-01-22 12:00:00,ev_C,C,16,
20190122011830,2019-01-22 01:18:30,2019-01-22 12:00:00,ev_C,C,13,
20190122011840,2019-01-22 01:18:40,2019-01-22 12:00:00,ev_N,K,3,
20190122011850,2019-01-22 01:18:50,2019-01-22 12:00:00,ev_C,C,9,
20190122011900,2019-01-22 01:19:00,2019-01-22 12:00:00,ev_C,C,12,
20190122011910,2019-01-22 01:19:10,2019-01-22 12:00:00,ev_C,C,13,
20190122011920,2019-01-22 01:19:20,2019-01-22 12:00:00,ev_K,K,5,
20190122011930,2019-01-22 01:19:30,2019-01-22 12:00:00,ev_C,C,11,
20190122011940,2019-01-22 01:19:40,2019-01-22 12:00:00,ev_K,K,3,
20190122011950,2019-01-22 01:19:50,2019-01-22 12:00:00,ev_C,C,11,
20190122012000,2019-01-22 01:20:00,2019-01-22 12:00:00,ev_C,C,4,
20190122012010,2019-01-22 01:20:10,2019-01-22 12:00:00,ev_C,C,18,
20190122012020,2019-01-22 01:20:20,2019-01-22 12:00:00,ev_C,C,4,
20190122012030,2019-01-22 01:20:30,2019-01-22 12:00:00,ev_C,C,15,
20190122012040,2019-01-22 01:20:40,2019-01-22 12:00:00,ev_N,K,5,
20190122012050,2019-01-22 01:20:50,2019-01-22 12:00:00,ev_K,K,5,
20190122012100,2019-01-22 01:21:00,2019-01-22 12:00:00,ev_C,C,1,
20190122012110,2019-01-22 01:21:10,2019-01-22 12:00:00,ev_C,C,2,
20190122012120,2019-01-22 01:21:20,2019-01-22 12:00:00,ev_C,C,4,
20190122012130,2019-01-22 01:21:30,2019-01-22 12:00:00,ev_C,C,12,
20190122012140,2019-01-22 01:21:40,2019-01-22 12:00:00,ev_C,C,13,
20190122012150,2019-01-22 01:21:50,2019-01-22 12:00:00,ev_C,C,18,
20190122012200,2019-01-22 01:22:00,2019-01-22 12:00:00,ev_C,C,1,
20190122012210,2019-01-22 01:22:10,2019-01-22 12:00:00,ev_C,C,2,
20190122012220,2019-01-22 01:22:20,2019-01-22 12:00:00,ev_C,C,5,
20190122012230,2019-01-22 01:22:30,2019-01-22 12:00:00,ev_C,C,13,
20190122012240,2019-01-22 01:22:40,2019-01-22 12:00:00,ev_C,C,5,
20190122012250,2019-01-22 01:22:50,2019-01-22 12:00:00,ev_K,K,1,
20190122012300,2019-01-22 01:23:00,2019-01-22 12:00:00,ev_C,C,12,
20190122012310,2019-01-22 01:23:10,2019-01-22 12:00:00,ev_C,C,15,
20190122012320,2019-01-22 01:23:20,2019-01-22 12:00:00,ev_C,C,2,
20190122012330,2019-01-22 01:23:30,2019-01-22 12:00:00,ev_C,C,16,
20190122012340,2019-01-22 01:23:40,2019-01-22 12:00:00,ev_C,C,13,
20190122012350,2019-01-22 01:23:50,2019-01-22 12:00:00,ev_C,C,5,
20190122012400,2019-01-22 01:24:00,2019-01-22 12:00:00,ev_K,K,2,
20190122012410,2019-01-22 01:24:10,2019-01-22 12:00:00,ev_C,C,10,
20190122012420,2019-01-22 01:24:20,2019-01-22 12:00:00,ev_C,C,2,
20190122012430,2019-01-22 01:24:30,2019-01-22 12:00:00,ev_C,C,17,
20190122012440,2019-01-22 01:24:40,2019-01-22 12:00:00,ev_N,K,3,
20190122012450,2019-01-22 01:24:50,2019-01-22 12:00:00,ev_C,C,1,
20190122012500,2019-01-22 01:25:00,2019-01-22 12:00:00,ev_K,K,4,
20190122012510,2019-01-22 01:25:10,2019-01-22 12:00:00,ev_C,C,2,
20190122012520,2019-01-22 01:25:20,2019-01-22 12:00:00,ev_C,C,2,
20190122012530,2019-01-22 01:25:30,2019-01-22 12:00:00,ev_C,C,20,
20190122012540,2019-01-22 01:25:40,2019-01-22 12:00:00,ev_C,C,4,
20190122012550,2019-01-22 01:25:50,2019-01-22 12:00:00,ev_C,C,12,
20190122012600,2019-01-22 01:26:00,2019-01-22 12:00:00,ev_C,C,17,
20190122012610,2019-01-22 01:26:10,2019-01-22 12:00:00,ev_C,C,12,
20190122012620,2019-01-22 01:26:20,2019-01-22 12:00:00,ev_K,K,5,
20190122012630,2019-01-22 01:26:30,2019-01-22 12:00:00,ev_C,C,16,
20190122012640,2019-01-22 01:26:40,2019-01-22 12:00:00,ev_K,K,3,
20190122012650,2019-01-22 01:26:50,2019-01-22 12:00:00,ev_C,C,12,
20190122012700,2019-01-22 01:27:00,2019-01-22 12:00:00,ev_C,C,6,
20190122012710,2019-01-22 01:27:10,2019-01-22 12:00:00,ev_C,C,18,
20190122012720,2019-01-22 01:27:20,2019-01-22 12:00:00,ev_N,K,5,
20190122012730,2019-01-22 01:27:30,2019-01-22 12:00:00,ev_N,K,3,
20190122012740,2019-01-22 01:27:40,2019-01-22 12:00:00,ev_C,C,4,
20190122012750,2019-01-22 01:27:50,2019-01-22 12:00:00,ev_C,C,1,
20190122012800,2019-01-22 01:28:00,2019-01-22 12:00:00,ev_K,K,2,
20190122012810,2019-01-22 01:28:10,2019-01-22 12:00:00,ev_K,K,3,
20190122012820,2019-01-22 01:28:20,2019-01-22 12:00:00,ev_C,C,20,
20190122012830,2019-01-22 01:28:30,2019-01-22 12:00:00,ev_C,C,18,
20190122012840,2019-01-22 01:28:40,2019-01-22 12:00:00,ev_C,C,20,
20190122012850,2019-01-22 01:28:50,2019-01-22 12:00:00,ev_C,C,5,
20190122012900,2019-01-22 01:29:00,2019-01-22 12:00:00,ev_C,C,19,
20190122012910,2019-01-22 01:29:10,2019-01-22 12:00:00,ev_C,C,17,
20190122012920,2019-01-22 01:29:20,2019-01-22 12:00:00,ev_N,K,2,
20190122012930,2019-01-22 01:29:30,2019-01-22 12:00:00,ev_C,C,12,
20190122012940,2019-01-22 01:29:40,2019-01-22 12:00:00,ev_C,C,14,
20190122012950,2019-01-22 01:29:50,2019-01-22 12:00:00,ev_K,K,1,
20190122013000,2019-01-22 01:30:00,2019-01-22 12:00:00,ev_C,C,14,
20190122013010,2019-01-22 01:30:10,2019-01-22 12:00:00,ev_C,C,6,
20190122013020,2019-01-22 01:30:20,2019-01-22 12:00:00,ev_C,C,2,
20190122013030,2019-01-22 01:30:30,2019-01-22 12:00:00,ev_C,C,4,
20190122013040,2019-01-22 01:30:40,2019-01-22 12:00:00,ev_K,K,3,
20190122013050,2019-01-22 01:30:50,2019-01-22 12:00:00,ev_C,C,7,
20190122013100,2019-01-22 01:31:00,2019-01-22 12:00:00,ev_C,C,3,
20190122013110,2019-01-22 01:31:10,2019-01-22 12:00:00,ev_C,C,7,
20190122013120,2019-01-22 01:31:20,2019-01-22 12:00:00,ev_C,C,18,
20190122013130,2019-01-22 01:31:30,2019-01-22 12:00:00,ev_C,C,1,
20190122013140,2019-01-22 01:31:40,2019-01-22 12:00:00,ev_C,C,5,
20190122013150,2019-01-22 01:31:50,2019-01-22 12:00:00,ev_K,K,2,
20190122013200,2019-01-22 01:32:00,2019-01-22 12:00:00,ev_C,C,14,
20190122013210,2019-01-22 01:32:10,2019-01-22 12:00:00,ev_C,C,19,
20190122013220,2019-01-22 01:32:20,2019-01-22 12:00:00,ev_K,K,4,
20190122013230,2019-01-22 01:32:30,2019-01-22 12:00:00,ev_K,K,5,
20190122013240,2019-01-22 01:32:40,2019-01-22 12:00:00,ev_C,C,11,
20190122013250,2019-01-22 01:32:50,2019-01-22 12:00:00,ev_C,C,19,
20190122013300,2019-01-22 01:33:00,2019-01-22 12:00:00,ev_K,K,1,
20190122013310,2019-01-22 01:33:10,2019-01-22 12:00:00,ev_C,C,17,
20190122013320,2019-01-22 01:33:20,2019-01-22 12:00:00,ev_C,C,15,
20190122013330,2019-01-22 01:33:30,2019-01-22 12:00:00,ev_C,C,13,
20190122013340,2019-01-22 01:33:40,2019-01-22 12:00:00,ev_C,C,1,
20190122013350,2019-01-22 01:33:50,2019-01-22 12:00:00,ev_C,C,17,
20190122013400,2019-01-22 01:34:00,2019-01-22 12:00:00,ev_N,K,4,
20190122013410,2019-01-22 01:34:10,2019-01-22 12:00:00,ev_K,K,1,
20190122013420,2019-01-22 01:34:20,2019-01-22 12:00:00,ev_C,C,17,
20190122013430,2019-01-22 01:34:30,2019-01-22 12:00:00,ev_C,C,15,
20190122013440,2019-01-22 01:34:40,2019-01-22 12:00:00,ev_C,C,2,
20190122013450,2019-01-22 01:34:50,2019-01-22 12:00:00,ev_C,C,17,
20190122013500,2019-01-22 01:35:00,2019-01-22 12:00:00,ev_C,C,5,
20190122013510,2019-01-22 01:35:10,2019-01-22 12:00:00,ev_C,C,9,
20190122013520,2019-01-22 01:35:20,2019-01-22 12:00:00,ev_C,C,9,
20190122013530,2019-01-22 01:35:30,2019-01-22 12:00:00,ev_C,C,1,
20190122013540,2019-01-22 01:35:40,2019-01-22 12:00:00,ev_C,C,3,
20190122013550,2019-01-22 01:35:50,2019-01-22 12:00:00,ev_K,K,4,
20190122013600,2019-01-22 01:36:00,2019-01-22 12:00:00,ev_C,C,7,
20190122013610,2019-01-22 01:36:10,2019-01-22 12:00:00,ev_C,C,5,
20190122013620,2019-01-22 01:36:20,2019-01-22 12:00:00,ev_C,C,7,
20190122013630,2019-01-22 01:36:30,2019-01-22 12:00:00,ev_C,C,5,
20190122013640,2019-01-22 01:36:40,2019-01-22 12:00:00,ev_C,C,16,
20190122013650,2019-01-22 01:36:50,2019-01-22 12:00:00,ev_K,K,3,
20190122013700,2019-01-22 01:37:00,2019-01-22 12:00:00,ev_C,C,9,
20190122013710,2019-01-22 01:37:10,2019-01-22 12:00:00,ev_C,C,7,
20190122013720,2019-01-22 01:37:20,2019-01-22 12:00:00,ev_K,K,4,
20190122013730,2019-01-22 01:37:30,2019-01-22 12:00:00,ev_C,C,20,
20190122013740,2019-01-22 01:37:40,2019-01-22 12:00:00,ev_K,K,4,
20190122013750,2019-01-22 01:37:50,2019-01-22 12:00:00,ev_C,C,18,
20190122013800,2019-01-22 01:38:00,2019-01-22 12:00:00,ev_K,K,2,
20190122013810,2019-01-22 01:38:10,2019-01-22 12:00:00,ev_C,C,8,
20190122013820,2019-01-22 01:38:20,2019-01-22 12:00:00,ev_C,C,1,
20190122013830,2019-01-22 01:38:30,2019-01-22 12:00:00,ev_C,C,10,
20190122013840,2019-01-22 01:38:40,2019-01-22 12:00:00,ev_K,K,2,
20190122013850,2019-01-22 01:38:50,2019-01-22 12:00:00,ev_N,K,1,
20190122013900,2019-01-22 01:39:00,2019-01-22 12:00:00,ev_C,C,19,
20190122013910,2019-01-22 01:39:10,2019-01-22 12:00:00,ev_C,C,18,
20190122013920,2019-01-22 01:39:20,2019-01-22 12:00:00,ev_C,C,1,
20190122013930,2019-01-22 01:39:30,2019-01-22 12:00:00,ev_N,K,1,
20190122013940,2019-01-22 01:39:40,2019-01-22 12:00:00,ev_C,C,6,
20190122013950,2019-01-22 01:39:50,2019-01-22 12:00:00,ev_C,C,3,
20190122014000,2019-01-22 01:40:00,2019-01-22 12:00:00,ev_K,K,2,
20190122014010,2019-01-22 01:40:10,2019-01-22 12:00:00,ev_C,C,10,
20190122014020,2019-01-22 01:40:20,2019-01-22 12:00:00,ev_C,C,18,
20190122014030,2019-01-22 01:40:30,2019-01-22 12:00:00,ev_C,C,9,
20190122014040,2019-01-22 01:40:40,2019-01-22 12:00:00,ev_N,K,3,
20190122014050,2019-01-22 01:40:50,2019-01-22 12:00:00,ev_C,C,8,
20190122014100,2019-01-22 01:41:00,2019-01-22 12:00:00,ev_K,K,2,
20190122014110,2019-01-22 01:41:10,2019-01-22 12:00:00,ev_C,C,17,
20190122014120,2019-01-22 01:41:20,2019-01-22 12:00:00,ev_C,C,11,
20190122014130,2019-01-22 01:41:30,2019-01-22 12:00:00,ev_C,C,15,
20190122014140,2019-01-22 01:41:40,2019-01-22 12:00:00,ev_C,C,7,
20190122014150,2019-01-22 01:41:50,2019-01-22 12:00:00,ev_C,C,6,
20190122014200,2019-01-22 01:42:00,2019-01-22 12:00:00,ev_C,C,20,
20190122014210,2019-01-22 01:42:10,2019-01-22 12:00:00,ev_C,C,3,
20190122014220,2019-01-22 01:42:20,2019-01-22 12:00:00,ev_C,C,8,
20190122014230,2019-01-22 01:42:30,2019-01-22 12:00:00,ev_K,K,4,
20190122014240,2019-01-22 01:42:40,2019-01-22 12:00:00,ev_C,C,2,
20190122014250,2019-01-22 01:42:50,2019-01-22 12:00:00,ev_C,C,12,
20190122014300,2019-01-22 01:43:00,2019-01-22 12:00:00,ev_C,C,3,
20190122014310,2019-01-22 01:43:10,2019-01-22 12:00:00,ev_C,C,5,
20190122014320,2019-01-22 01:43:20,2019-01-22 12:00:00,ev_N,K,3,
20190122014330,2019-01-22 01:43:30,2019-01-22 12:00:00,ev_N,K,4,
20190122014340,2019-01-22 01:43:40,2019-01-22 12:00:00,ev_C,C,1,
20190122014350,2019-01-22 01:43:50,2019-01-22 12:00:00,ev_C,C,2,
20190122014400,2019-01-22 01:44:00,2019-01-22 12:00:00,ev_C,C,9,
20190122014410,2019-01-22 01:44:10,2019-01-22 12:00:00,ev_C,C,11,
20190122014420,2019-01-22 01:44:20,2019-01-22 12:00:00,ev_C,C,9,
20190122014430,2019-01-22 01:44:30,2019-01-22 12:00:00,ev_C,C,17,
20190122014440,2019-01-22 01:44:40,2019-01-22 12:00:00,ev_C,C,18,
20190122014450,2019-01-22 01:44:50,2019-01-22 12:00:00,ev_C,C,1,
20190122014500,2019-01-22 01:45:00,2019-01-22 12:00:00,ev_C,C,9,
20190122014510,2019-01-22 01:45:10,2019-01-22 12:00:00,ev_C,C,3,
20190122014520,2019-01-22 01:45:20,2019-01-22 12:00:00,ev_N,K,2,
20190122014530,2019-01-22 01:45:30,2019-01-22 12:00:00,ev_C,C,16,
20190122014540,2019-01-22 01:45:40,2019-01-22 12:00:00,ev_N,K,5,
20190122014550,2019-01-22 01:45:50,2019-01-22 12:00:00,ev_C,C,8,
20190122014600,2019-01-22 01:46:00,2019-01-22 12:00:00,ev_C,C,13,
20190122014610,2019-01-22 01:46:10,2019-01-22 12:00:00,ev_C,C,2,
20190122014620,2019-01-22 01:46:20,2019-01-22 12:00:00,ev_C,C,9,
20190122014630,2019-01-22 01:46:30,2019-01-22 12:00:00,ev_C,C,18,
20190122014640,2019-01-22 01:46:40,2019-01-22 12:00:00,ev_K,K,3,
20190122014650,2019-01-22 01:46:50,2019-01-22 12:00:00,ev_N,K,1,
20190122014700,2019-01-22 01:47:00,2019-01-22 12:00:00,ev_K,K,4,
20190122014710,2019-01-22 01:47:10,2019-01-22 12:00:00,ev_C,C,5,
20190122014720,2019-01-22 01:47:20,2019-01-22 12:00:00,ev_C,C,15,
20190122014730,2019-01-22 01:47:30,2019-01-22 12:00:00,ev_C,C,14,
20190122014740,2019-01-22 01:47:40,2019-01-22 12:00:00,ev_C,C,6,
20190122014750,2019-01-22 01:47:50,2019-01-22 12:00:00,ev_C,C,15,
20190122014800,2019-01-22 01:48:00,2019-01-22 12:00:00,ev_C,C,10,
20190122014810,2019-01-22 01:48:10,2019-01-22 12:00:00,ev_C,C,7,
20190122014820,2019-01-22 01:48:20,2019-01-22 12:00:00,ev_N,K,2,
20190122014830,2019-01-22 01:48:30,2019-01-22 12:00:00,ev_C,C,10,
20190122014840,2019-01-22 01:48:40,2019-01-22 12:00:00,ev_C,C,4,
20190122014850,2019-01-22 01:48:50,2019-01-22 12:00:00,ev_K,K,1,
20190122014900,2019-01-22 01:49:00,2019-01-22 12:00:00,ev_C,C,10,
20190122014910,2019-01-22 01:49:10,2019-01-22 12:00:00,ev_K,K,2,
20190122014920,2019-01-22 01:49:20,2019-01-22 12:00:00,ev_C,C,4,
20190122014930,2019-01-22 01:49:30,2019-01-22 12:00:00,ev_K,K,4,
20190122014940,2019-01-22 01:49:40,2019-01-22 12:00:00,ev_N,K,3,
20190122014950,2019-01-22 01:49:50,2019-01-22 12:00:00,ev_C,C,17,
20190122015000,2019-01-22 01:50:00,2019-01-22 12:00:00,ev_K,K,4,
20190122015010,2019-01-22 01:50:10,2019-01-22 12:00:00,ev_C,C,15,
20190122015020,2019-01-22 01:50:20,2019-01-22 12:00:00,ev_N,K,1,
20190122015030,2019-01-22 01:50:30,2019-01-22 12:00:00,ev_C,C,6,
20190122015040,2019-01-22 01:50:40,2019-01-22 12:00:00,ev_K,K,2,
20190122015050,2019-01-22 01:50:50,2019-01-22 12:00:00,ev_N,K,4,
20190122015100,2019-01-22 01:51:00,2019-01-22 12:00:00,ev_K,K,5,
20190122015110,2019-01-22 01:51:10,2019-01-22 12:00:00,ev_C,C,18,
20190122015120,2019-01-22 01:51:20,2019-01-22 12:00:00,ev_K,K,3,
20190122015130,2019-01-22 01:51:30,2019-01-22 12:00:00,ev_K,K,4,
20190122015140,2019-01-22 01:51:40,2019-01-22 12:00:00,ev_C,C,20,
20190122015150,2019-01-22 01:51:50,2019-01-22 12:00:00,ev_C,C,3,
20190122015200,2019-01-22 01:52:00,2019-01-22 12:00:00,ev_N,K,4,
20190122015210,2019-01-22 01:52:10,2019-01-22 12:00:00,ev_K,K,4,
20190122015220,2019-01-22 01:52:20,2019-01-22 12:00:00,ev_C,C,5,
20190122015230,2019-01-22 01:52:30,2019-01-22 12:00:00,ev_N,K,2,
20190122015240,2019-01-22 01:52:40,2019-01-22 12:00:00,ev_C,C,7,
20190122015250,2019-01-22 01:52:50,2019-01-22 12:00:00,ev_C,C,4,
20190122015300,2019-01-22 01:53:00,2019-01-22 12:00:00,ev_C,C,10,
20190122015310,2019-01-22 01:53:10,2019-01-22 12:00:00,ev_C,C,18,
20190122015320,2019-01-22 01:53:20,2019-01-22 12:00:00,ev_C,C,2,
20190122015330,2019-01-22 01:53:30,2019-01-22 12:00:00,ev_K,K,4,
20190122015340,2019-01-22 01:53:40,2019-01-22 12:00:00,ev_C,C,4,
20190122015350,2019-01-22 01:53:50,2019-01-22 12:00:00,ev_C,C,2,
20190122015400,2019-01-22 01:54:00,2019-01-22 12:00:00,ev_C,C,4,
20190122015410,2019-01-22 01:54:10,2019-01-22 12:00:00,ev_N,K,2,
20190122015420,2019-01-22 01:54:20,2019-01-22 12:00:00,ev_C,C,13,
20190122015430,2019-01-22 01:54:30,2019-01-22 12:00:00,ev_N,K,3,
20190122015440,2019-01-22 01:54:40,2019-01-22 12:00:00,ev_N,K,4,
20190122015450,2019-01-22 01:54:50,2019-01-22 12:00:00,ev_K,K,1,
20190122015500,2019-01-22 01:55:00,2019-01-22 12:00:00,ev_C,C,5,
20190122015510,2019-01-22 01:55:10,2019-01-22 12:00:00,ev_C,C,13,
20190122015520,2019-01-22 01:55:20,2019-01-22 12:00:00,ev_C,C,1,
20190122015530,2019-01-22 01:55:30,2019-01-22 12:00:00,ev_C,C,15,
20190122015540,2019-01-22 01:55:40,2019-01-22 12:00:00,ev_K,K,2,
20190122015550,2019-01-22 01:55:50,2019-01-22 12:00:00,ev_C,C,14,
20190122015600,2019-01-22 01:56:00,2019-01-22 12:00:00,ev_C,C,6,
20190122015610,2019-01-22 01:56:10,2019-01-22 12:00:00,ev_K,K,1,
20190122015620,2019-01-22 01:56:20,2019-01-22 12:00:00,ev_C,C,4,
20190122015630,2019-01-22 01:56:30,2019-01-22 12:00:00,ev_C,C,4,
20190122015640,2019-01-22 01:56:40,2019-01-22 12:00:00,ev_C,C,16,
20190122015650,2019-01-22 01:56:50,2019-01-22 12:00:00,ev_C,C,18,
20190122015700,2019-01-22 01:57:00,2019-01-22 12:00:00,ev_C,C,11,
20190122015710,2019-01-22 01:57:10,2019-01-22 12:00:00,ev_C,C,8,
20190122015720,2019-01-22 01:57:20,2019-01-22 12:00:00,ev_C,C,3,
20190122015730,2019-01-22 01:57:30,2019-01-22 12:00:00,ev_K,K,5,
20190122015740,2019-01-22 01:57:40,2019-01-22 12:00:00,ev_C,C,12,
20190122015750,2019-01-22 01:57:50,2019-01-22 12:00:00,ev_K,K,2,
20190122015800,2019-01-22 01:58:00,2019-01-22 12:00:00,ev_C,C,17,
20190122015810,2019-01-22 01:58:10,2019-01-22 12:00:00,ev_K,K,4,
20190122015820,2019-01-22 01:58:20,2019-01-22 12:00:00,ev_C,C,9,
20190122015830,2019-01-22 01:58:30,2019-01-22 12:00:00,ev_C,C,16,
20190122015840,2019-01-22 01:58:40,2019-01-22 12:00:00,ev_K,K,3,
20190122015850,2019-01-22 01:58:50,2019-01-22 12:00:00,ev_K,K,5,
20190122015900,2019-01-22 01:59:00,2019-01-22 12:00:00,ev_C,C,9,
20190122015910,2019-01-22 01:59:10,2019-01-22 12:00:00,ev_C,C,14,
20190122015920,2019-01-22 01:59:20,2019-01-22 12:00:00,ev_C,C,8,
20190122015930,2019-01-22 01:59:30,2019-01-22 12:00:00,ev_C,C,9,
20190122015940,2019-01-22 01:59:40,2019-01-22 12:00:00,ev_C,C,19,
20190122015950,2019-01-22 01:59:50,2019-01-22 12:00:00,ev_C,C,18,
20190122020000,2019-01-22 02:00:00,2019-01-22 12:00:00,ev_C,C,5,
20190122020010,2019-01-22 02:00:10,2019-01-22 12:00:00,ev_C,C,14,
20190122020020,2019-01-22 02:00:20,2019-01-22 12:00:00,ev_C,C,14,
20190122020030,2019-01-22 02:00:30,2019-01-22 12:00:00,ev_C,C,2,
20190122020040,2019-01-22 02:00:40,2019-01-22 12:00:00,ev_C,C,18,
20190122020050,2019-01-22 02:00:50,2019-01-22 12:00:00,ev_K,K,1,
20190122020100,2019-01-22 02:01:00,2019-01-22 12:00:00,ev_C,C,20,
20190122020110,2019-01-22 02:01:10,2019-01-22 12:00:00,ev_C,C,18,
20190122020120,2019-01-22 02:01:20,2019-01-22 12:00:00,ev_C,C,5,
20190122020130,2019-01-22 02:01:30,2019-01-22 12:00:00,ev_C,C,16,
20190122020140,2019-01-22 02:01:40,2019-01-22 12:00:00,ev_C,C,13,
20190122020150,2019-01-22 02:01:50,2019-01-22 12:00:00,ev_C,C,1,
20190122020200,2019-01-22 02:02:00,2019-01-22 12:00:00,ev_K,K,5,
20190122020210,2019-01-22 02:02:10,2019-01-22 12:00:00,ev_C,C,10,
20190122020220,2019-01-22 02:02:20,2019-01-22 12:00:00,ev_C,C,6,
20190122020230,2019-01-22 02:02:30,2019-01-22 12:00:00,ev_K,K,4,
20190122020240,2019-01-22 02:02:40,2019-01-22 12:00:00,ev_C,C,14,
20190122020250,2019-01-22 02:02:50,2019-01-22 12:00:00,ev_C,C,15,
20190122020300,2019-01-22 02:03:00,2019-01-22 12:00:00,ev_C,C,16,
20190122020310,2019-01-22 02:03:10,2019-01-22 12:00:00,ev_C,C,17,
20190122020320,2019-01-22 02:03:20,2019-01-22 12:00:00,ev_C,C,17,
20190122020330,2019-01-22 02:03:30,2019-01-22 12:00:00,ev_C,C,6,
20190122020340,2019-01-22 02:03:40,2019-01-22 12:00:00,ev_N,K,5,
20190122020350,2019-01-22 02:03:50,2019-01-22 12:00:00,ev_C,C,18,
20190122020400,2019-01-22 02:04:00,2019-01-22 12:00:00,ev_K,K,3,
20190122020410,2019-01-22 02:04:10,2019-01-22 12:00:00,ev_C,C,8,
20190122020420,2019-01-22 02:04:20,2019-01-22 12:00:00,ev_K,K,2,
20190122020430,2019-01-22 02:04:30,2019-01-22 12:00:00,ev_C,C,11,
20190122020440,2019-01-22 02:04:40,2019-01-22 12:00:00,ev_K,K,5,
20190122020450,2019-01-22 02:04:50,2019-01-22 12:00:00,ev_C,C,16,
20190122020500,2019-01-22 02:05:00,2019-01-22 12:00:00,ev_K,K,4,
20190122020510,2019-01-22 02:05:10,2019-01-22 12:00:00,ev_C,C,8,
20190122020520,2019-01-22 02:05:20,2019-01-22 12:00:00,ev_K,K,4,
20190122020530,2019-01-22 02:05:30,2019-01-22 12:00:00,ev_C,C,19,
20190122020540,2019-01-22 02:05:40,2019-01-22 12:00:00,ev_C,C,5,
20190122020550,2019-01-22 02:05:50,2019-01-22 12:00:00,ev_C,C,2,
20190122020600,2019-01-22 02:06:00,2019-01-22 12:00:00,ev_C,C,4,
20190122020610,2019-01-22 02:06:10,2019-01-22 12:00:00,ev_K,K,2,
20190122020620,2019-01-22 02:06:20,2019-01-22 12:00:00,ev_C,C,15,
20190122020630,2019-01-22 02:06:30,2019-01-22 12:00:00,ev_C,C,7,
20190122020640,2019-01-22 02:06:40,2019-01-22 12:00:00,ev_C,C,12,
20190122020650,2019-01-22 02:06:50,2019-01-22 12:00:00,ev_K,K,1,
20190122020700,2019-01-22 02:07:00,2019-01-22 12:00:00,ev_C,C,5,
20190122020710,2019-01-22 02:07:10,2019-01-22 12:00:00,ev_C,C,2,
20190122020720,2019-01-22 02:07:20,2019-01-22 12:00:00,ev_K,K,3,
20190122020730,2019-01-22 02:07:30,2019-01-22 12:00:00,ev_C,C,6,
20190122020740,2019-01-22 02:07:40,2019-01-22 12:00:00,ev_C,C,12,
20190122020750,2019-01-22 02:07:50,2019-01-22 12:00:00,ev_N,K,3,
20190122020800,2019-01-22 02:08:00,2019-01-22 12:00:00,ev_K,K,2,
20190122020810,2019-01-22 02:08:10,2019-01-22 12:00:00,ev_C,C,15,
20190122020820,2019-01-22 02:08:20,2019-01-22 12:00:00,ev_K,K,4,
20190122020830,2019-01-22 02:08:30,2019-01-22 12:00:00,ev_K,K,5,
20190122020840,2019-01-22 02:08:40,2019-01-22 12:00:00,ev_C,C,20,
20190122020850,2019-01-22 02:08:50,2019-01-22 12:00:00,ev_C,C,11,
20190122020900,2019-01-22 02:09:00,2019-01-22 12:00:00,ev_K,K,3,
20190122020910,2019-01-22 02:09:10,2019-01-22 12:00:00,ev_C,C,13,
20190122020920,2019-01-22 02:09:20,2019-01-22 12:00:00,ev_K,K,4,
20190122020930,2019-01-22 02:09:30,2019-01-22 12:00:00,ev_C,C,10,
20190122020940,2019-01-22 02:09:40,2019-01-22 12:00:00,ev_C,C,7,
20190122020950,2019-01-22 02:09:50,2019-01-22 12:00:00,ev_C,C,11,
20190122021000,2019-01-22 02:10:00,2019-01-22 12:00:00,ev_C,C,14,
20190122021010,2019-01-22 02:10:10,2019-01-22 12:00:00,ev_C,C,12,
20190122021020,2019-01-22 02:10:20,2019-01-22 12:00:00,ev_C,C,13,
20190122021030,2019-01-22 02:10:30,2019-01-22 12:00:00,ev_C,C,12,
20190122021040,2019-01-22 02:10:40,2019-01-22 12:00:00,ev_C,C,8,
20190122021050,2019-01-22 02:10:50,2019-01-22 12:00:00,ev_C,C,18,
20190122021100,2019-01-22 02:11:00,2019-01-22 12:00:00,ev_C,C,17,
20190122021110,2019-01-22 02:11:10,2019-01-22 12:00:00,ev_K,K,4,
20190122021120,2019-01-22 02:11:20,2019-01-22 12:00:00,ev_C,C,12,
20190122021130,2019-01-22 02:11:30,2019-01-22 12:00:00,ev_C,C,13,
20190122021140,2019-01-22 02:11:40,2019-01-22 12:00:00,ev_K,K,1,
20190122021150,2019-01-22 02:11:50,2019-01-22 12:00:00,ev_C,C,2,
20190122021200,2019-01-22 02:12:00,2019-01-22 12:00:00,ev_C,C,17,
20190122021210,2019-01-22 02:12:10,2019-01-22 12:00:00,ev_C,C,3,
20190122021220,2019-01-22 02:12:20,2019-01-22 12:00:00,ev_C,C,7,
20190122021230,2019-01-22 02:12:30,2019-01-22 12:00:00,ev_N,K,3,
20190122021240,2019-01-22 02:12:40,2019-01-22 12:00:00,ev_K,K,2,
20190122021250,2019-01-22 02:12:50,2019-01-22 12:00:00,ev_C,C,17,
20190122021300,2019-01-22 02:13:00,2019-01-22 12:00:00,ev_C,C,6,
20190122021310,2019-01-22 02:13:10,2019-01-22 12:00:00,ev_C,C,16,
20190122021320,2019-01-22 02:13:20,2019-01-22 12:00:00,ev_K,K,3,
20190122021330,2019-01-22 02:13:30,2019-01-22 12:00:00,ev_C,C,4,
20190122021340,2019-01-22 02:13:40,2019-01-22 12:00:00,ev_C,C,10,
20190122021350,2019-01-22 02:13:50,2019-01-22 12:00:00,ev_C,C,7,
20190122021400,2019-01-22 02:14:00,2019-01-22 12:00:00,ev_C,C,11,
20190122021410,2019-01-22 02:14:10,2019-01-22 12:00:00,ev_C,C,1,
20190122021420,2019-01-22 02:14:20,2019-01-22 12:00:00,ev_C,C,1,
20190122021430,2019-01-22 02:14:30,2019-01-22 12:00:00,ev_N,K,3,
20190122021440,2019-01-22 02:14:40,2019-01-22 12:00:00,ev_C,C,2,
20190122021450,2019-01-22 02:14:50,2019-01-22 12:00:00,ev_C,C,17,
20190122021500,2019-01-22 02:15:00,2019-01-22 12:00:00,ev_C,C,4,
20190122021510,2019-01-22 02:15:10,2019-01-22 12:00:00,ev_C,C,5,
20190122021520,2019-01-22 02:15:20,2019-01-22 12:00:00,ev_C,C,17,
20190122021530,2019-01-22 02:15:30,2019-01-22 12:00:00,ev_C,C,2,
20190122021540,2019-01-22 02:15:40,2019-01-22 12:00:00,ev_K,K,4,
20190122021550,2019-01-22 02:15:50,2019-01-22 12:00:00,ev_C,C,13,
20190122021600,2019-01-22 02:16:00,2019-01-22 12:00:00,ev_C,C,15,
20190122021610,2019-01-22 02:16:10,2019-01-22 12:00:00,ev_N,K,2,
20190122021620,2019-01-22 02:16:20,2019-01-22 12:00:00,ev_C,C,14,
20190122021630,2019-01-22 02:16:30,2019-01-22 12:00:00,ev_K,K,3,
20190122021640,2019-01-22 02:16:40,2019-01-22 12:00:00,ev_K,K,3,
20190122021650,2019-01-22 02:16:50,2019-01-22 12:00:00,ev_N,K,4,
20190122021700,2019-01-22 02:17:00,2019-01-22 12:00:00,ev_K,K,5,
20190122021710,2019-01-22 02:17:10,2019-01-22 12:00:00,ev_C,C,1,
20190122021720,2019-01-22 02:17:20,2019-01-22 12:00:00,ev_K,K,5,
20190122021730,2019-01-22 02:17:30,2019-01-22 12:00:00,ev_C,C,9,
20190122021740,2019-01-22 02:17:40,2019-01-22 12:00:00,ev_N,K,1,
20190122021750,2019-01-22 02:17:50,2019-01-22 12:00:00,ev_C,C,14,
20190122021800,2019-01-22 02:18:00,2019-01-22 12:00:00,ev_C,C,13,
20190122021810,2019-01-22 02:18:10,2019-01-22 12:00:00,ev_K,K,3,
20190122021820,2019-01-22 02:18:20,2019-01-22 12:00:00,ev_C,C,5,
20190122021830,2019-01-22 02:18:30,2019-01-22 12:00:00,ev_C,C,2,
20190122021840,2019-01-22 02:18:40,2019-01-22 12:00:00,ev_C,C,16,
20190122021850,2019-01-22 02:18:50,2019-01-22 12:00:00,ev_C,C,9,
20190122021900,2019-01-22 02:19:00,2019-01-22 12:00:00,ev_C,C,9,
20190122021910,2019-01-22 02:19:10,2019-01-22 12:00:00,ev_C,C,5,
20190122021920,2019-01-22 02:19:20,2019-01-22 12:00:00,ev_K,K,2,
20190122021930,2019-01-22 02:19:30,2019-01-22 12:00:00,ev_C,C,16,
20190122021940,2019-01-22 02:19:40,2019-01-22 12:00:00,ev_C,C,4,
20190122021950,2019-01-22 02:19:50,2019-01-22 12:00:00,ev_C,C,4,
20190122022000,2019-01-22 02:20:00,2019-01-22 12:00:00,ev_K,K,4,
20190122022010,2019-01-22 02:20:10,2019-01-22 12:00:00,ev_K,K,3,
20190122022020,2019-01-22 02:20:20,2019-01-22 12:00:00,ev_C,C,9,
20190122022030,2019-01-22 02:20:30,2019-01-22 12:00:00,ev_C,C,17,
20190122022040,2019-01-22 02:20:40,2019-01-22 12:00:00,ev_C,C,17,
20190122022050,2019-01-22 02:20:50,2019-01-22 12:00:00,ev_K,K,5,
20190122022100,2019-01-22 02:21:00,2019-01-22 12:00:00,ev_C,C,5,
20190122022110,2019-01-22 02:21:10,2019-01-22 12:00:00,ev_C,C,11,
20190122022120,2019-01-22 02:21:20,2019-01-22 12:00:00,ev_C,C,16,
20190122022130,2019-01-22 02:21:30,2019-01-22 12:00:00,ev_C,C,18,
20190122022140,2019-01-22 02:21:40,2019-01-22 12:00:00,ev_C,C,13,
20190122022150,2019-01-22 02:21:50,2019-01-22 12:00:00,ev_C,C,6,
20190122022200,2019-01-22 02:22:00,2019-01-22 12:00:00,ev_C,C,17,
20190122022210,2019-01-22 02:22:10,2019-01-22 12:00:00,ev_C,C,5,
20190122022220,2019-01-22 02:22:20,2019-01-22 12:00:00,ev_K,K,5,
20190122022230,2019-01-22 02:22:30,2019-01-22 12:00:00,ev_C,C,9,
20190122022240,2019-01-22 02:22:40,2019-01-22 12:00:00,ev_C,C,10,
20190122022250,2019-01-22 02:22:50,2019-01-22 12:00:00,ev_K,K,2,
20190122022300,2019-01-22 02:23:00,2019-01-22 12:00:00,ev_C,C,1,
20190122022310,2019-01-22 02:23:10,2019-01-22 12:00:00,ev_K,K,4,
20190122022320,2019-01-22 02:23:20,2019-01-22 12:00:00,ev_C,C,20,
20190122022330,2019-01-22 02:23:30,2019-01-22 12:00:00,ev_N,K,1,
20190122022340,2019-01-22 02:23:40,2019-01-22 12:00:00,ev_C,C,1,
20190122022350,2019-01-22 02:23:50,2019-01-22 12:00:00,ev_C,C,13,
20190122022400,2019-01-22 02:24:00,2019-01-22 12:00:00,ev_C,C,10,
20190122022410,2019-01-22 02:24:10,2019-01-22 12:00:00,ev_C,C,9,
20190122022420,2019-01-22 02:24:20,2019-01-22 12:00:00,ev_C,C,10,
20190122022430,2019-01-22 02:24:30,2019-01-22 12:00:00,ev_C,C,19,
20190122022440,2019-01-22 02:24:40,2019-01-22 12:00:00,ev_C,C,10,
20190122022450,2019-01-22 02:24:50,2019-01-22 12:00:00,ev_N,K,4,
20190122022500,2019-01-22 02:25:00,2019-01-22 12:00:00,ev_C,C,2,
20190122022510,2019-01-22 02:25:10,2019-01-22 12:00:00,ev_C,C,17,
20190122022520,2019-01-22 02:25:20,2019-01-22 12:00:00,ev_N,K,1,
20190122022530,2019-01-22 02:25:30,2019-01-22 12:00:00,ev_C,C,14,
20190122022540,2019-01-22 02:25:40,2019-01-22 12:00:00,ev_K,K,5,
20190122022550,2019-01-22 02:25:50,2019-01-22 12:00:00,ev_C,C,19,
20190122022600,2019-01-22 02:26:00,2019-01-22 12:00:00,ev_K,K,5,
20190122022610,2019-01-22 02:26:10,2019-01-22 12:00:00,ev_K,K,1,
20190122022620,2019-01-22 02:26:20,2019-01-22 12:00:00,ev_C,C,20,
20190122022630,2019-01-22 02:26:30,2019-01-22 12:00:00,ev_C,C,6,
20190122022640,2019-01-22 02:26:40,2019-01-22 12:00:00,ev_C,C,5,
20190122022650,2019-01-22 02:26:50,2019-01-22 12:00:00,ev_C,C,1,
20190122022700,2019-01-22 02:27:00,2019-01-22 12:00:00,ev_N,K,1,
20190122022710,2019-01-22 02:27:10,2019-01-22 12:00:00,ev_C,C,2,
20190122022720,2019-01-22 02:27:20,2019-01-22 12:00:00,ev_C,C,4,
20190122022730,2019-01-22 02:27:30,2019-01-22 12:00:00,ev_C,C,16,
20190122022740,2019-01-22 02:27:40,2019-01-22 12:00:00,ev_C,C,11,
20190122022750,2019-01-22 02:27:50,2019-01-22 12:00:00,ev_C,C,8,
20190122022800,2019-01-22 02:28:00,2019-01-22 12:00:00,ev_K,K,4,
20190122022810,2019-01-22 02:28:10,2019-01-22 12:00:00,ev_C,C,9,
20190122022820,2019-01-22 02:28:20,2019-01-22 12:00:00,ev_N,K,5,
20190122022830,2019-01-22 02:28:30,2019-01-22 12:00:00,ev_C,C,4,
20190122022840,2019-01-22 02:28:40,2019-01-22 12:00:00,ev_C,C,18,
20190122022850,2019-01-22 02:28:50,2019-01-22 12:00:00,ev_C,C,12,
20190122022900,2019-01-22 02:29:00,2019-01-22 12:00:00,ev_C,C,6,
20190122022910,2019-01-22 02:29:10,2019-01-22 12:00:00,ev_K,K,5,
20190122022920,2019-01-22 02:29:20,2019-01-22 12:00:00,ev_C,C,19,
20190122022930,2019-01-22 02:29:30,2019-01-22 12:00:00,ev_C,C,16,
20190122022940,2019-01-22 02:29:40,2019-01-22 12:00:00,ev_C,C,8,
20190122022950,2019-01-22 02:29:50,2019-01-22 12:00:00,ev_C,C,16,
20190122023000,2019-01-22 02:30:00,2019-01-22 12:00:00,ev_K,K,1,
20190122023010,2019-01-22 02:30:10,2019-01-22 12:00:00,ev_K,K,4,
20190122023020,2019-01-22 02:30:20,2019-01-22 12:00:00,ev_C,C,11,
20190122023030,2019-01-22 02:30:30,2019-01-22 12:00:00,ev_C,C,19,
20190122023040,2019-01-22 02:30:40,2019-01-22 12:00:00,ev_C,C,20,
20190122023050,2019-01-22 02:30:50,2019-01-22 12:00:00,ev_C,C,17,
20190122023100,2019-01-22 02:31:00,2019-01-22 12:00:00,ev_K,K,1,
20190122023110,2019-01-22 02:31:10,2019-01-22 12:00:00,ev_C,C,15,
20190122023120,2019-01-22 02:31:20,2019-01-22 12:00:00,ev_K,K,2,
20190122023130,2019-01-22 02:31:30,2019-01-22 12:00:00,ev_C,C,10,
20190122023140,2019-01-22 02:31:40,2019-01-22 12:00:00,ev_C,C,12,
20190122023150,2019-01-22 02:31:50,2019-01-22 12:00:00,ev_C,C,4,
20190122023200,2019-01-22 02:32:00,2019-01-22 12:00:00,ev_C,C,2,
20190122023210,2019-01-22 02:32:10,2019-01-22 12:00:00,ev_K,K,5,
20190122023220,2019-01-22 02:32:20,2019-01-22 12:00:00,ev_C,C,15,
20190122023230,2019-01-22 02:32:30,2019-01-22 12:00:00,ev_C,C,9,
20190122023240,2019-01-22 02:32:40,2019-01-22 12:00:00,ev_C,C,17,
20190122023250,2019-01-22 02:32:50,2019-01-22 12:00:00,ev_C,C,14,
20190122023300,2019-01-22 02:33:00,2019-01-22 12:00:00,ev_N,K,2,
20190122023310,2019-01-22 02:33:10,2019-01-22 12:00:00,ev_C,C,7,
20190122023320,2019-01-22 02:33:20,2019-01-22 12:00:00,ev_N,K,4,
20190122023330,2019-01-22 02:33:30,2019-01-22 12:00:00,ev_C,C,11,
20190122023340,2019-01-22 02:33:40,2019-01-22 12:00:00,ev_N,K,3,
20190122023350,2019-01-22 02:33:50,2019-01-22 12:00:00,ev_C,C,14,
20190122023400,2019-01-22 02:34:00,2019-01-22 12:00:00,ev_C,C,11,
20190122023410,2019-01-22 02:34:10,2019-01-22 12:00:00,ev_C,C,20,
20190122023420,2019-01-22 02:34:20,2019-01-22 12:00:00,ev_C,C,6,
20190122023430,2019-01-22 02:34:30,2019-01-22 12:00:00,ev_C,C,3,
20190122023440,2019-01-22 02:34:40,2019-01-22 12:00:00,ev_C,C,7,
20190122023450,2019-01-22 02:34:50,2019-01-22 12:00:00,ev_C,C,14,
20190122023500,2019-01-22 02:35:00,2019-01-22 12:00:00,ev_N,K,4,
20190122023510,2019-01-22 02:35:10,2019-01-22 12:00:00,ev_C,C,19,
20190122023520,2019-01-22 02:35:20,2019-01-22 12:00:00,ev_C,C,11,
20190122023530,2019-01-22 02:35:30,2019-01-22 12:00:00,ev_C,C,1,
20190122023540,2019-01-22 02:35:40,2019-01-22 12:00:00,ev_C,C,12,
20190122023550,2019-01-22 02:35:50,2019-01-22 12:00:00,ev_C,C,10,
20190122023600,2019-01-22 02:36:00,2019-01-22 12:00:00,ev_K,K,2,
20190122023610,2019-01-22 02:36:10,2019-01-22 12:00:00,ev_C,C,4,
20190122023620,2019-01-22 02:36:20,2019-01-22 12:00:00,ev_C,C,1,
20190122023630,2019-01-22 02:36:30,2019-01-22 12:00:00,ev_C,C,5,
20190122023640,2019-01-22 02:36:40,2019-01-22 12:00:00,ev_C,C,12,
20190122023650,2019-01-22 02:36:50,2019-01-22 12:00:00,ev_C,C,2,
20190122023700,2019-01-22 02:37:00,2019-01-22 12:00:00,ev_C,C,12,
20190122023710,2019-01-22 02:37:10,2019-01-22 12:00:00,ev_C,C,20,
20190122023720,2019-01-22 02:37:20,2019-01-22 12:00:00,ev_K,K,3,
20190122023730,2019-01-22 02:37:30,2019-01-22 12:00:00,ev_C,C,18,
20190122023740,2019-01-22 02:37:40,2019-01-22 12:00:00,ev_C,C,7,
20190122023750,2019-01-22 02:37:50,2019-01-22 12:00:00,ev_N,K,4,
20190122023800,2019-01-22 02:38:00,2019-01-22 12:00:00,ev_C,C,2,
20190122023810,2019-01-22 02:38:10,2019-01-22 12:00:00,ev_C,C,3,
20190122023820,2019-01-22 02:38:20,2019-01-22 12:00:00,ev_K,K,1,
20190122023830,2019-01-22 02:38:30,2019-01-22 12:00:00,ev_C,C,8,
20190122023840,2019-01-22 02:38:40,2019-01-22 12:00:00,ev_C,C,20,
20190122023850,2019-01-22 02:38:50,2019-01-22 12:00:00,ev_C,C,19,
20190122023900,2019-01-22 02:39:00,2019-01-22 12:00:00,ev_C,C,6,
20190122023910,2019-01-22 02:39:10,2019-01-22 12:00:00,ev_C,C,10,
20190122023920,2019-01-22 02:39:20,2019-01-22 12:00:00,ev_C,C,4,
20190122023930,2019-01-22 02:39:30,2019-01-22 12:00:00,ev_C,C,18,
20190122023940,2019-01-22 02:39:40,2019-01-22 12:00:00,ev_C,C,10,
20190122023950,2019-01-22 02:39:50,2019-01-22 12:00:00,ev_C,C,15,
20190122024000,2019-01-22 02:40:00,2019-01-22 12:00:00,ev_C,C,2,
20190122024010,2019-01-22 02:40:10,2019-01-22 12:00:00,ev_K,K,1,
20190122024020,2019-01-22 02:40:20,2019-01-22 12:00:00,ev_C,C,11,
20190122024030,2019-01-22 02:40:30,2019-01-22 12:00:00,ev_C,C,2,
20190122024040,2019-01-22 02:40:40,2019-01-22 12:00:00,ev_K,K,1,
20190122024050,2019-01-22 02:40:50,2019-01-22 12:00:00,ev_C,C,9,
20190122024100,2019-01-22 02:41:00,2019-01-22 12:00:00,ev_K,K,2,
20190122024110,2019-01-22 02:41:10,2019-01-22 12:00:00,ev_C,C,15,
20190122024120,2019-01-22 02:41:20,2019-01-22 12:00:00,ev_N,K,4,
20190122024130,2019-01-22 02:41:30,2019-01-22 12:00:00,ev_K,K,3,
20190122024140,2019-01-22 02:41:40,2019-01-22 12:00:00,ev_N,K,5,
20190122024150,2019-01-22 02:41:50,2019-01-22 12:00:00,ev_N,K,2,
20190122024200,2019-01-22 02:42:00,2019-01-22 12:00:00,ev_K,K,1,
20190122024210,2019-01-22 02:42:10,2019-01-22 12:00:00,ev_C,C,11,
20190122024220,2019-01-22 02:42:20,2019-01-22 12:00:00,ev_C,C,9,
20190122024230,2019-01-22 02:42:30,2019-01-22 12:00:00,ev_C,C,6,
20190122024240,2019-01-22 02:42:40,2019-01-22 12:00:00,ev_C,C,8,
20190122024250,2019-01-22 02:42:50,2019-01-22 12:00:00,ev_K,K,5,
20190122024300,2019-01-22 02:43:00,2019-01-22 12:00:00,ev_C,C,11,
20190122024310,2019-01-22 02:43:10,2019-01-22 12:00:00,ev_C,C,14,
20190122024320,2019-01-22 02:43:20,2019-01-22 12:00:00,ev_C,C,16,
20190122024330,2019-01-22 02:43:30,2019-01-22 12:00:00,ev_C,C,14,
20190122024340,2019-01-22 02:43:40,2019-01-22 12:00:00,ev_C,C,19,
20190122024350,2019-01-22 02:43:50,2019-01-22 12:00:00,ev_C,C,18,
20190122024400,2019-01-22 02:44:00,2019-01-22 12:00:00,ev_C,C,2,
20190122024410,2019-01-22 02:44:10,2019-01-22 12:00:00,ev_C,C,19,
20190122024420,2019-01-22 02:44:20,2019-01-22 12:00:00,ev_C,C,11,
20190122024430,2019-01-22 02:44:30,2019-01-22 12:00:00,ev_K,K,1,
20190122024440,2019-01-22 02:44:40,2019-01-22 12:00:00,ev_K,K,4,
20190122024450,2019-01-22 02:44:50,2019-01-22 12:00:00,ev_C,C,8,
20190122024500,2019-01-22 02:45:00,2019-01-22 12:00:00,ev_C,C,16,
20190122024510,2019-01-22 02:45:10,2019-01-22 12:00:00,ev_C,C,8,
20190122024520,2019-01-22 02:45:20,2019-01-22 12:00:00,ev_C,C,19,
20190122024530,2019-01-22 02:45:30,2019-01-22 12:00:00,ev_C,C,1,
20190122024540,2019-01-22 02:45:40,2019-01-22 12:00:00,ev_C,C,3,
20190122024550,2019-01-22 02:45:50,2019-01-22 12:00:00,ev_C,C,20,
20190122024600,2019-01-22 02:46:00,2019-01-22 12:00:00,ev_C,C,2,
20190122024610,2019-01-22 02:46:10,2019-01-22 12:00:00,ev_C,C,13,
20190122024620,2019-01-22 02:46:20,2019-01-22 12:00:00,ev_K,K,1,
20190122024630,2019-01-22 02:46:30,2019-01-22 12:00:00,ev_C,C,8,
20190122024640,2019-01-22 02:46:40,2019-01-22 12:00:00,ev_C,C,13,
20190122024650,2019-01-22 02:46:50,2019-01-22 12:00:00,ev_C,C,16,
20190122024700,2019-01-22 02:47:00,2019-01-22 12:00:00,ev_C,C,2,
20190122024710,2019-01-22 02:47:10,2019-01-22 12:00:00,ev_C,C,19,
20190122024720,2019-01-22 02:47:20,2019-01-22 12:00:00,ev_C,C,16,
20190122024730,2019-01-22 02:47:30,2019-01-22 12:00:00,ev_C,C,15,
20190122024740,2019-01-22 02:47:40,2019-01-22 12:00:00,ev_C,C,18,
20190122024750,2019-01-22 02:47:50,2019-01-22 12:00:00,ev_C,C,13,
20190122024800,2019-01-22 02:48:00,2019-01-22 12:00:00,ev_C,C,19,
20190122024810,2019-01-22 02:48:10,2019-01-22 12:00:00,ev_K,K,2,
20190122024820,2019-01-22 02:48:20,2019-01-22 12:00:00,ev_K,K,1,
20190122024830,2019-01-22 02:48:30,2019-01-22 12:00:00,ev_C,C,14,
20190122024840,2019-01-22 02:48:40,2019-01-22 12:00:00,ev_K,K,2,
20190122024850,2019-01-22 02:48:50,2019-01-22 12:00:00,ev_C,C,20,
20190122024900,2019-01-22 02:49:00,2019-01-22 12:00:00,ev_K,K,5,
20190122024910,2019-01-22 02:49:10,2019-01-22 12:00:00,ev_K,K,4,
20190122024920,2019-01-22 02:49:20,2019-01-22 12:00:00,ev_N,K,2,
20190122024930,2019-01-22 02:49:30,2019-01-22 12:00:00,ev_K,K,5,
20190122024940,2019-01-22 02:49:40,2019-01-22 12:00:00,ev_C,C,12,
20190122024950,2019-01-22 02:49:50,2019-01-22 12:00:00,ev_C,C,10,
20190122025000,2019-01-22 02:50:00,2019-01-22 12:00:00,ev_K,K,5,
20190122025010,2019-01-22 02:50:10,2019-01-22 12:00:00,ev_C,C,16,
20190122025020,2019-01-22 02:50:20,2019-01-22 12:00:00,ev_K,K,5,
20190122025030,2019-01-22 02:50:30,2019-01-22 12:00:00,ev_K,K,1,
20190122025040,2019-01-22 02:50:40,2019-01-22 12:00:00,ev_C,C,18,
20190122025050,2019-01-22 02:50:50,2019-01-22 12:00:00,ev_C,C,14,
20190122025100,2019-01-22 02:51:00,2019-01-22 12:00:00,ev_C,C,13,
20190122025110,2019-01-22 02:51:10,2019-01-22 12:00:00,ev_C,C,13,
20190122025120,2019-01-22 02:51:20,2019-01-22 12:00:00,ev_C,C,12,
20190122025130,2019-01-22 02:51:30,2019-01-22 12:00:00,ev_C,C,14,
20190122025140,2019-01-22 02:51:40,2019-01-22 12:00:00,ev_C,C,10,
20190122025150,2019-01-22 02:51:50,2019-01-22 12:00:00,ev_K,K,4,
20190122025200,2019-01-22 02:52:00,2019-01-22 12:00:00,ev_K,K,4,
20190122025210,2019-01-22 02:52:10,2019-01-22 12:00:00,ev_K,K,1,
20190122025220,2019-01-22 02:52:20,2019-01-22 12:00:00,ev_C,C,14,
20190122025230,2019-01-22 02:52:30,2019-01-22 12:00:00,ev_K,K,1,
20190122025240,2019-01-22 02:52:40,2019-01-22 12:00:00,ev_K,K,4,
20190122025250,2019-01-22 02:52:50,2019-01-22 12:00:00,ev_C,C,4,
20190122025300,2019-01-22 02:53:00,2019-01-22 12:00:00,ev_C,C,7,
20190122025310,2019-01-22 02:53:10,2019-01-22 12:00:00,ev_C,C,7,
20190122025320,2019-01-22 02:53:20,2019-01-22 12:00:00,ev_C,C,19,
20190122025330,2019-01-22 02:53:30,2019-01-22 12:00:00,ev_C,C,7,
20190122025340,2019-01-22 02:53:40,2019-01-22 12:00:00,ev_C,C,13,
20190122025350,2019-01-22 02:53:50,2019-01-22 12:00:00,ev_N,K,3,
20190122025400,2019-01-22 02:54:00,2019-01-22 12:00:00,ev_C,C,20,
20190122025410,2019-01-22 02:54:10,2019-01-22 12:00:00,ev_C,C,10,
20190122025420,2019-01-22 02:54:20,2019-01-22 12:00:00,ev_K,K,4,
20190122025430,2019-01-22 02:54:30,2019-01-22 12:00:00,ev_K,K,3,
20190122025440,2019-01-22 02:54:40,2019-01-22 12:00:00,ev_C,C,7,
20190122025450,2019-01-22 02:54:50,2019-01-22 12:00:00,ev_K,K,3,
20190122025500,2019-01-22 02:55:00,2019-01-22 12:00:00,ev_C,C,16,
20190122025510,2019-01-22 02:55:10,2019-01-22 12:00:00,ev_C,C,2,
20190122025520,2019-01-22 02:55:20,2019-01-22 12:00:00,ev_K,K,2,
20190122025530,2019-01-22 02:55:30,2019-01-22 12:00:00,ev_C,C,14,
20190122025540,2019-01-22 02:55:40,2019-01-22 12:00:00,ev_C,C,5,
20190122025550,2019-01-22 02:55:50,2019-01-22 12:00:00,ev_C,C,1,
20190122025600,2019-01-22 02:56:00,2019-01-22 12:00:00,ev_N,K,4,
20190122025610,2019-01-22 02:56:10,2019-01-22 12:00:00,ev_C,C,8,
20190122025620,2019-01-22 02:56:20,2019-01-22 12:00:00,ev_C,C,15,
20190122025630,2019-01-22 02:56:30,2019-01-22 12:00:00,ev_C,C,7,
20190122025640,2019-01-22 02:56:40,2019-01-22 12:00:00,ev_C,C,6,
20190122025650,2019-01-22 02:56:50,2019-01-22 12:00:00,ev_C,C,4,
20190122025700,2019-01-22 02:57:00,2019-01-22 12:00:00,ev_C,C,1,
20190122025710,2019-01-22 02:57:10,2019-01-22 12:00:00,ev_K,K,4,
20190122025720,2019-01-22 02:57:20,2019-01-22 12:00:00,ev_C,C,10,
20190122025730,2019-01-22 02:57:30,2019-01-22 12:00:00,ev_K,K,1,
20190122025740,2019-01-22 02:57:40,2019-01-22 12:00:00,ev_C,C,8,
20190122025750,2019-01-22 02:57:50,2019-01-22 12:00:00,ev_K,K,4,
20190122025800,2019-01-22 02:58:00,2019-01-22 12:00:00,ev_K,K,2,
20190122025810,2019-01-22 02:58:10,2019-01-22 12:00:00,ev_C,C,13,
20190122025820,2019-01-22 02:58:20,2019-01-22 12:00:00,ev_K,K,2,
20190122025830,2019-01-22 02:58:30,2019-01-22 12:00:00,ev_C,C,18,
20190122025840,2019-01-22 02:58:40,2019-01-22 12:00:00,ev_C,C,6,
20190122025850,2019-01-22 02:58:50,2019-01-22 12:00:00,ev_K,K,3,
20190122025900,2019-01-22 02:59:00,2019-01-22 12:00:00,ev_C,C,9,
20190122025910,2019-01-22 02:59:10,2019-01-22 12:00:00,ev_C,C,6,
20190122025920,2019-01-22 02:59:20,2019-01-22 12:00:00,ev_C,C,6,
20190122025930,2019-01-22 02:59:30,2019-01-22 12:00:00,ev_C,C,10,
20190122025940,2019-01-22 02:59:40,2019-01-22 12:00:00,ev_C,C,12,
20190122025950,2019-01-22 02:59:50,2019-01-22 12:00:00,ev_C,C,1,
20190122030000,2019-01-22 03:00:00,2019-01-22 12:00:00,ev_C,C,17,
20190122030010,2019-01-22 03:00:10,2019-01-22 12:00:00,ev_C,C,16,
20190122030020,2019-01-22 03:00:20,2019-01-22 12:00:00,ev_C,C,10,
20190122030030,2019-01-22 03:00:30,2019-01-22 12:00:00,ev_C,C,11,
20190122030040,2019-01-22 03:00:40,2019-01-22 12:00:00,ev_C,C,1,
20190122030050,2019-01-22 03:00:50,2019-01-22 12:00:00,ev_C,C,9,
20190122030100,2019-01-22 03:01:00,2019-01-22 12:00:00,ev_C,C,5,
20190122030110,2019-01-22 03:01:10,2019-01-22 12:00:00,ev_C,C,7,
20190122030120,2019-01-22 03:01:20,2019-01-22 12:00:00,ev_C,C,17,
20190122030130,2019-01-22 03:01:30,2019-01-22 12:00:00,ev_C,C,18,
20190122030140,2019-01-22 03:01:40,2019-01-22 12:00:00,ev_C,C,13,
20190122030150,2019-01-22 03:01:50,2019-01-22 12:00:00,ev_C,C,16,
20190122030200,2019-01-22 03:02:00,2019-01-22 12:00:00,ev_N,K,3,
20190122030210,2019-01-22 03:02:10,2019-01-22 12:00:00,ev_K,K,1,
20190122030220,2019-01-22 03:02:20,2019-01-22 12:00:00,ev_C,C,1,
20190122030230,2019-01-22 03:02:30,2019-01-22 12:00:00,ev_K,K,4,
20190122030240,2019-01-22 03:02:40,2019-01-22 12:00:00,ev_C,C,7,
20190122030250,2019-01-22 03:02:50,2019-01-22 12:00:00,ev_C,C,3,
20190122030300,2019-01-22 03:03:00,2019-01-22 12:00:00,ev_C,C,18,
20190122030310,2019-01-22 03:03:10,2019-01-22 12:00:00,ev_C,C,18,
20190122030320,2019-01-22 03:03:20,2019-01-22 12:00:00,ev_C,C,19,
20190122030330,2019-01-22 03:03:30,2019-01-22 12:00:00,ev_C,C,4,
20190122030340,2019-01-22 03:03:40,2019-01-22 12:00:00,ev_C,C,13,
20190122030350,2019-01-22 03:03:50,2019-01-22 12:00:00,ev_K,K,5,
20190122030400,2019-01-22 03:04:00,2019-01-22 12:00:00,ev_C,C,10,
20190122030410,2019-01-22 03:04:10,2019-01-22 12:00:00,ev_C,C,4,
20190122030420,2019-01-22 03:04:20,2019-01-22 12:00:00,ev_K,K,3,
20190122030430,2019-01-22 03:04:30,2019-01-22 12:00:00,ev_C,C,2,
20190122030440,2019-01-22 03:04:40,2019-01-22 12:00:00,ev_K,K,3,
20190122030450,2019-01-22 03:04:50,2019-01-22 12:00:00,ev_C,C,14,
20190122030500,2019-01-22 03:05:00,2019-01-22 12:00:00,ev_K,K,1,
20190122030510,2019-01-22 03:05:10,2019-01-22 12:00:00,ev_C,C,3,
20190122030520,2019-01-22 03:05:20,2019-01-22 12:00:00,ev_K,K,3,
20190122030530,2019-01-22 03:05:30,2019-01-22 12:00:00,ev_C,C,5,
20190122030540,2019-01-22 03:05:40,2019-01-22 12:00:00,ev_C,C,12,
20190122030550,2019-01-22 03:05:50,2019-01-22 12:00:00,ev_C,C,20,
20190122030600,2019-01-22 03:06:00,2019-01-22 12:00:00,ev_C,C,2,
20190122030610,2019-01-22 03:06:10,2019-01-22 12:00:00,ev_C,C,14,
20190122030620,2019-01-22 03:06:20,2019-01-22 12:00:00,ev_C,C,5,
20190122030630,2019-01-22 03:06:30,2019-01-22 12:00:00,ev_C,C,8,
20190122030640,2019-01-22 03:06:40,2019-01-22 12:00:00,ev_C,C,9,
20190122030650,2019-01-22 03:06:50,2019-01-22 12:00:00,ev_C,C,19,
20190122030700,2019-01-22 03:07:00,2019-01-22 12:00:00,ev_C,C,13,
20190122030710,2019-01-22 03:07:10,2019-01-22 12:00:00,ev_C,C,3,
20190122030720,2019-01-22 03:07:20,2019-01-22 12:00:00,ev_C,C,7,
20190122030730,2019-01-22 03:07:30,2019-01-22 12:00:00,ev_C,C,4,
20190122030740,2019-01-22 03:07:40,2019-01-22 12:00:00,ev_C,C,9,
20190122030750,2019-01-22 03:07:50,2019-01-22 12:00:00,ev_N,K,3,
20190122030800,2019-01-22 03:08:00,2019-01-22 12:00:00,ev_C,C,8,
20190122030810,2019-01-22 03:08:10,2019-01-22 12:00:00,ev_C,C,3,
20190122030820,2019-01-22 03:08:20,2019-01-22 12:00:00,ev_K,K,5,
20190122030830,2019-01-22 03:08:30,2019-01-22 12:00:00,ev_C,C,20,
20190122030840,2019-01-22 03:08:40,2019-01-22 12:00:00,ev_C,C,1,
20190122030850,2019-01-22 03:08:50,2019-01-22 12:00:00,ev_C,C,16,
20190122030900,2019-01-22 03:09:00,2019-01-22 12:00:00,ev_K,K,1,
20190122030910,2019-01-22 03:09:10,2019-01-22 12:00:00,ev_C,C,13,
20190122030920,2019-01-22 03:09:20,2019-01-22 12:00:00,ev_C,C,2,
20190122030930,2019-01-22 03:09:30,2019-01-22 12:00:00,ev_K,K,3,
20190122030940,2019-01-22 03:09:40,2019-01-22 12:00:00,ev_C,C,5,
20190122030950,2019-01-22 03:09:50,2019-01-22 12:00:00,ev_K,K,2,
20190122031000,2019-01-22 03:10:00,2019-01-22 12:00:00,ev_C,C,6,
20190122031010,2019-01-22 03:10:10,2019-01-22 12:00:00,ev_C,C,2,
20190122031020,2019-01-22 03:10:20,2019-01-22 12:00:00,ev_C,C,12,
20190122031030,2019-01-22 03:10:30,2019-01-22 12:00:00,ev_C,C,3,
20190122031040,2019-01-22 03:10:40,2019-01-22 12:00:00,ev_K,K,4,
20190122031050,2019-01-22 03:10:50,2019-01-22 12:00:00,ev_C,C,10,
20190122031100,2019-01-22 03:11:00,2019-01-22 12:00:00,ev_C,C,11,
20190122031110,2019-01-22 03:11:10,2019-01-22 12:00:00,ev_C,C,10,
20190122031120,2019-01-22 03:11:20,2019-01-22 12:00:00,ev_K,K,2,
20190122031130,2019-01-22 03:11:30,2019-01-22 12:00:00,ev_C,C,7,
20190122031140,2019-01-22 03:11:40,2019-01-22 12:00:00,ev_C,C,7,
20190122031150,2019-01-22 03:11:50,2019-01-22 12:00:00,ev_C,C,15,
20190122031200,2019-01-22 03:12:00,2019-01-22 12:00:00,ev_C,C,12,
20190122031210,2019-01-22 03:12:10,2019-01-22 12:00:00,ev_C,C,3,
20190122031220,2019-01-22 03:12:20,2019-01-22 12:00:00,ev_C,C,11,
20190122031230,2019-01-22 03:12:30,2019-01-22 12:00:00,ev_C,C,5,
20190122031240,2019-01-22 03:12:40,2019-01-22 12:00:00,ev_C,C,3,
20190122031250,2019-01-22 03:12:50,2019-01-22 12:00:00,ev_C,C,12,
20190122031300,2019-01-22 03:13:00,2019-01-22 12:00:00,ev_C,C,15,
20190122031310,2019-01-22 03:13:10,2019-01-22 12:00:00,ev_C,C,11,
20190122031320,2019-01-22 03:13:20,2019-01-22 12:00:00,ev_C,C,9,
20190122031330,2019-01-22 03:13:30,2019-01-22 12:00:00,ev_C,C,9,
20190122031340,2019-01-22 03:13:40,2019-01-22 12:00:00,ev_K,K,5,
20190122031350,2019-01-22 03:13:50,2019-01-22 12:00:00,ev_C,C,17,
20190122031400,2019-01-22 03:14:00,2019-01-22 12:00:00,ev_C,C,19,
20190122031410,2019-01-22 03:14:10,2019-01-22 12:00:00,ev_C,C,8,
20190122031420,2019-01-22 03:14:20,2019-01-22 12:00:00,ev_C,C,9,
20190122031430,2019-01-22 03:14:30,2019-01-22 12:00:00,ev_C,C,8,
20190122031440,2019-01-22 03:14:40,2019-01-22 12:00:00,ev_C,C,13,
20190122031450,2019-01-22 03:14:50,2019-01-22 12:00:00,ev_C,C,18,
20190122031500,2019-01-22 03:15:00,2019-01-22 12:00:00,ev_K,K,2,
20190122031510,2019-01-22 03:15:10,2019-01-22 12:00:00,ev_C,C,1,
20190122031520,2019-01-22 03:15:20,2019-01-22 12:00:00,ev_C,C,9,
20190122031530,2019-01-22 03:15:30,2019-01-22 12:00:00,ev_C,C,14,
20190122031540,2019-01-22 03:15:40,2019-01-22 12:00:00,ev_C,C,18,
20190122031550,2019-01-22 03:15:50,2019-01-22 12:00:00,ev_N,K,2,
20190122031600,2019-01-22 03:16:00,2019-01-22 12:00:00,ev_K,K,2,
20190122031610,2019-01-22 03:16:10,2019-01-22 12:00:00,ev_C,C,6,
20190122031620,2019-01-22 03:16:20,2019-01-22 12:00:00,ev_C,C,15,
20190122031630,2019-01-22 03:16:30,2019-01-22 12:00:00,ev_C,C,19,
20190122031640,2019-01-22 03:16:40,2019-01-22 12:00:00,ev_K,K,1,
20190122031650,2019-01-22 03:16:50,2019-01-22 12:00:00,ev_C,C,16,
20190122031700,2019-01-22 03:17:00,2019-01-22 12:00:00,ev_C,C,10,
20190122031710,2019-01-22 03:17:10,2019-01-22 12:00:00,ev_C,C,19,
20190122031720,2019-01-22 03:17:20,2019-01-22 12:00:00,ev_C,C,20,
20190122031730,2019-01-22 03:17:30,2019-01-22 12:00:00,ev_C,C,20,
20190122031740,2019-01-22 03:17:40,2019-01-22 12:00:00,ev_C,C,18,
20190122031750,2019-01-22 03:17:50,2019-01-22 12:00:00,ev_N,K,1,
20190122031800,2019-01-22 03:18:00,2019-01-22 12:00:00,ev_K,K,3,
20190122031810,2019-01-22 03:18:10,2019-01-22 12:00:00,ev_C,C,1,
20190122031820,2019-01-22 03:18:20,2019-01-22 12:00:00,ev_C,C,1,
20190122031830,2019-01-22 03:18:30,2019-01-22 12:00:00,ev_K,K,5,
20190122031840,2019-01-22 03:18:40,2019-01-22 12:00:00,ev_K,K,3,
20190122031850,2019-01-22 03:18:50,2019-01-22 12:00:00,ev_K,K,4,
20190122031900,2019-01-22 03:19:00,2019-01-22 12:00:00,ev_C,C,12,
20190122031910,2019-01-22 03:19:10,2019-01-22 12:00:00,ev_C,C,1,
20190122031920,2019-01-22 03:19:20,2019-01-22 12:00:00,ev_C,C,6,
20190122031930,2019-01-22 03:19:30,2019-01-22 12:00:00,ev_K,K,5,
20190122031940,2019-01-22 03:19:40,2019-01-22 12:00:00,ev_K,K,2,
20190122031950,2019-01-22 03:19:50,2019-01-22 12:00:00,ev_C,C,1,
20190122032000,2019-01-22 03:20:00,2019-01-22 12:00:00,ev_C,C,13,
20190122032010,2019-01-22 03:20:10,2019-01-22 12:00:00,ev_C,C,15,
20190122032020,2019-01-22 03:20:20,2019-01-22 12:00:00,ev_C,C,16,
20190122032030,2019-01-22 03:20:30,2019-01-22 12:00:00,ev_C,C,1,
20190122032040,2019-01-22 03:20:40,2019-01-22 12:00:00,ev_C,C,13,
20190122032050,2019-01-22 03:20:50,2019-01-22 12:00:00,ev_C,C,5,
20190122032100,2019-01-22 03:21:00,2019-01-22 12:00:00,ev_C,C,6,
20190122032110,2019-01-22 03:21:10,2019-01-22 12:00:00,ev_C,C,2,
20190122032120,2019-01-22 03:21:20,2019-01-22 12:00:00,ev_C,C,7,
20190122032130,2019-01-22 03:21:30,2019-01-22 12:00:00,ev_C,C,15,
20190122032140,2019-01-22 03:21:40,2019-01-22 12:00:00,ev_C,C,6,
20190122032150,2019-01-22 03:21:50,2019-01-22 12:00:00,ev_N,K,3,
20190122032200,2019-01-22 03:22:00,2019-01-22 12:00:00,ev_C,C,7,
20190122032210,2019-01-22 03:22:10,2019-01-22 12:00:00,ev_K,K,4,
20190122032220,2019-01-22 03:22:20,2019-01-22 12:00:00,ev_C,C,4,
20190122032230,2019-01-22 03:22:30,2019-01-22 12:00:00,ev_K,K,1,
20190122032240,2019-01-22 03:22:40,2019-01-22 12:00:00,ev_C,C,1,
20190122032250,2019-01-22 03:22:50,2019-01-22 12:00:00,ev_K,K,2,
20190122032300,2019-01-22 03:23:00,2019-01-22 12:00:00,ev_C,C,11,
20190122032310,2019-01-22 03:23:10,2019-01-22 12:00:00,ev_C,C,12,
20190122032320,2019-01-22 03:23:20,2019-01-22 12:00:00,ev_K,K,4,
20190122032330,2019-01-22 03:23:30,2019-01-22 12:00:00,ev_K,K,1,
20190122032340,2019-01-22 03:23:40,2019-01-22 12:00:00,ev_K,K,1,
20190122032350,2019-01-22 03:23:50,2019-01-22 12:00:00,ev_K,K,1,
20190122032400,2019-01-22 03:24:00,2019-01-22 12:00:00,ev_C,C,4,
20190122032410,2019-01-22 03:24:10,2019-01-22 12:00:00,ev_C,C,14,
20190122032420,2019-01-22 03:24:20,2019-01-22 12:00:00,ev_C,C,20,
20190122032430,2019-01-22 03:24:30,2019-01-22 12:00:00,ev_C,C,19,
20190122032440,2019-01-22 03:24:40,2019-01-22 12:00:00,ev_C,C,5,
20190122032450,2019-01-22 03:24:50,2019-01-22 12:00:00,ev_C,C,3,
20190122032500,2019-01-22 03:25:00,2019-01-22 12:00:00,ev_C,C,17,
20190122032510,2019-01-22 03:25:10,2019-01-22 12:00:00,ev_C,C,12,
20190122032520,2019-01-22 03:25:20,2019-01-22 12:00:00,ev_C,C,1,
20190122032530,2019-01-22 03:25:30,2019-01-22 12:00:00,ev_C,C,2,
20190122032540,2019-01-22 03:25:40,2019-01-22 12:00:00,ev_C,C,14,
20190122032550,2019-01-22 03:25:50,2019-01-22 12:00:00,ev_K,K,2,
20190122032600,2019-01-22 03:26:00,2019-01-22 12:00:00,ev_C,C,12,
20190122032610,2019-01-22 03:26:10,2019-01-22 12:00:00,ev_C,C,7,
20190122032620,2019-01-22 03:26:20,2019-01-22 12:00:00,ev_C,C,19,
20190122032630,2019-01-22 03:26:30,2019-01-22 12:00:00,ev_C,C,10,
20190122032640,2019-01-22 03:26:40,2019-01-22 12:00:00,ev_C,C,1,
20190122032650,2019-01-22 03:26:50,2019-01-22 12:00:00,ev_C,C,16,
20190122032700,2019-01-22 03:27:00,2019-01-22 12:00:00,ev_C,C,9,
20190122032710,2019-01-22 03:27:10,2019-01-22 12:00:00,ev_K,K,4,
20190122032720,2019-01-22 03:27:20,2019-01-22 12:00:00,ev_K,K,4,
20190122032730,2019-01-22 03:27:30,2019-01-22 12:00:00,ev_C,C,9,
20190122032740,2019-01-22 03:27:40,2019-01-22 12:00:00,ev_C,C,15,
20190122032750,2019-01-22 03:27:50,2019-01-22 12:00:00,ev_C,C,17,
20190122032800,2019-01-22 03:28:00,2019-01-22 12:00:00,ev_C,C,20,
20190122032810,2019-01-22 03:28:10,2019-01-22 12:00:00,ev_K,K,4,
20190122032820,2019-01-22 03:28:20,2019-01-22 12:00:00,ev_N,K,5,
20190122032830,2019-01-22 03:28:30,2019-01-22 12:00:00,ev_C,C,6,
20190122032840,2019-01-22 03:28:40,2019-01-22 12:00:00,ev_C,C,6,
20190122032850,2019-01-22 03:28:50,2019-01-22 12:00:00,ev_C,C,18,
20190122032900,2019-01-22 03:29:00,2019-01-22 12:00:00,ev_C,C,3,
20190122032910,2019-01-22 03:29:10,2019-01-22 12:00:00,ev_C,C,7,
20190122032920,2019-01-22 03:29:20,2019-01-22 12:00:00,ev_C,C,9,
20190122032930,2019-01-22 03:29:30,2019-01-22 12:00:00,ev_C,C,13,
20190122032940,2019-01-22 03:29:40,2019-01-22 12:00:00,ev_C,C,11,
20190122032950,2019-01-22 03:29:50,2019-01-22 12:00:00,ev_C,C,1,
20190122033000,2019-01-22 03:30:00,2019-01-22 12:00:00,ev_K,K,5,
20190122033010,2019-01-22 03:30:10,2019-01-22 12:00:00,ev_N,K,5,
20190122033020,2019-01-22 03:30:20,2019-01-22 12:00:00,ev_C,C,9,
20190122033030,2019-01-22 03:30:30,2019-01-22 12:00:00,ev_C,C,18,
20190122033040,2019-01-22 03:30:40,2019-01-22 12:00:00,ev_K,K,2,
20190122033050,2019-01-22 03:30:50,2019-01-22 12:00:00,ev_C,C,5,
20190122033100,2019-01-22 03:31:00,2019-01-22 12:00:00,ev_C,C,4,
20190122033110,2019-01-22 03:31:10,2019-01-22 12:00:00,ev_C,C,9,
20190122033120,2019-01-22 03:31:20,2019-01-22 12:00:00,ev_C,C,7,
20190122033130,2019-01-22 03:31:30,2019-01-22 12:00:00,ev_C,C,13,
20190122033140,2019-01-22 03:31:40,2019-01-22 12:00:00,ev_C,C,8,
20190122033150,2019-01-22 03:31:50,2019-01-22 12:00:00,ev_C,C,11,
20190122033200,2019-01-22 03:32:00,2019-01-22 12:00:00,ev_C,C,4,
20190122033210,2019-01-22 03:32:10,2019-01-22 12:00:00,ev_C,C,2,
20190122033220,2019-01-22 03:32:20,2019-01-22 12:00:00,ev_K,K,5,
20190122033230,2019-01-22 03:32:30,2019-01-22 12:00:00,ev_C,C,2,
20190122033240,2019-01-22 03:32:40,2019-01-22 12:00:00,ev_C,C,14,
20190122033250,2019-01-22 03:32:50,2019-01-22 12:00:00,ev_C,C,14,
20190122033300,2019-01-22 03:33:00,2019-01-22 12:00:00,ev_C,C,7,
20190122033310,2019-01-22 03:33:10,2019-01-22 12:00:00,ev_C,C,20,
20190122033320,2019-01-22 03:33:20,2019-01-22 12:00:00,ev_C,C,3,
20190122033330,2019-01-22 03:33:30,2019-01-22 12:00:00,ev_C,C,14,
20190122033340,2019-01-22 03:33:40,2019-01-22 12:00:00,ev_C,C,4,
20190122033350,2019-01-22 03:33:50,2019-01-22 12:00:00,ev_K,K,5,
20190122033400,2019-01-22 03:34:00,2019-01-22 12:00:00,ev_C,C,11,
20190122033410,2019-01-22 03:34:10,2019-01-22 12:00:00,ev_C,C,2,
20190122033420,2019-01-22 03:34:20,2019-01-22 12:00:00,ev_C,C,5,
20190122033430,2019-01-22 03:34:30,2019-01-22 12:00:00,ev_C,C,13,
20190122033440,2019-01-22 03:34:40,2019-01-22 12:00:00,ev_N,K,5,
20190122033450,2019-01-22 03:34:50,2019-01-22 12:00:00,ev_C,C,14,
20190122033500,2019-01-22 03:35:00,2019-01-22 12:00:00,ev_K,K,2,
20190122033510,2019-01-22 03:35:10,2019-01-22 12:00:00,ev_K,K,4,
20190122033520,2019-01-22 03:35:20,2019-01-22 12:00:00,ev_C,C,12,
20190122033530,2019-01-22 03:35:30,2019-01-22 12:00:00,ev_C,C,11,
20190122033540,2019-01-22 03:35:40,2019-01-22 12:00:00,ev_C,C,5,
20190122033550,2019-01-22 03:35:50,2019-01-22 12:00:00,ev_K,K,5,
20190122033600,2019-01-22 03:36:00,2019-01-22 12:00:00,ev_C,C,7,
20190122033610,2019-01-22 03:36:10,2019-01-22 12:00:00,ev_C,C,3,
20190122033620,2019-01-22 03:36:20,2019-01-22 12:00:00,ev_C,C,2,
20190122033630,2019-01-22 03:36:30,2019-01-22 12:00:00,ev_K,K,1,
20190122033640,2019-01-22 03:36:40,2019-01-22 12:00:00,ev_K,K,4,
20190122033650,2019-01-22 03:36:50,2019-01-22 12:00:00,ev_C,C,1,
20190122033700,2019-01-22 03:37:00,2019-01-22 12:00:00,ev_C,C,7,
20190122033710,2019-01-22 03:37:10,2019-01-22 12:00:00,ev_C,C,8,
20190122033720,2019-01-22 03:37:20,2019-01-22 12:00:00,ev_C,C,8,
20190122033730,2019-01-22 03:37:30,2019-01-22 12:00:00,ev_C,C,6,
20190122033740,2019-01-22 03:37:40,2019-01-22 12:00:00,ev_K,K,2,
20190122033750,2019-01-22 03:37:50,2019-01-22 12:00:00,ev_C,C,2,
20190122033800,2019-01-22 03:38:00,2019-01-22 12:00:00,ev_C,C,7,
20190122033810,2019-01-22 03:38:10,2019-01-22 12:00:00,ev_K,K,5,
20190122033820,2019-01-22 03:38:20,2019-01-22 12:00:00,ev_C,C,4,
20190122033830,2019-01-22 03:38:30,2019-01-22 12:00:00,ev_K,K,4,
20190122033840,2019-01-22 03:38:40,2019-01-22 12:00:00,ev_K,K,4,
20190122033850,2019-01-22 03:38:50,2019-01-22 12:00:00,ev_C,C,7,
20190122033900,2019-01-22 03:39:00,2019-01-22 12:00:00,ev_C,C,3,
20190122033910,2019-01-22 03:39:10,2019-01-22 12:00:00,ev_C,C,20,
20190122033920,2019-01-22 03:39:20,2019-01-22 12:00:00,ev_C,C,10,
20190122033930,2019-01-22 03:39:30,2019-01-22 12:00:00,ev_C,C,19,
20190122033940,2019-01-22 03:39:40,2019-01-22 12:00:00,ev_C,C,2,
20190122033950,2019-01-22 03:39:50,2019-01-22 12:00:00,ev_K,K,4,
20190122034000,2019-01-22 03:40:00,2019-01-22 12:00:00,ev_C,C,14,
20190122034010,2019-01-22 03:40:10,2019-01-22 12:00:00,ev_C,C,14,
20190122034020,2019-01-22 03:40:20,2019-01-22 12:00:00,ev_C,C,14,
20190122034030,2019-01-22 03:40:30,2019-01-22 12:00:00,ev_C,C,6,
20190122034040,2019-01-22 03:40:40,2019-01-22 12:00:00,ev_C,C,8,
20190122034050,2019-01-22 03:40:50,2019-01-22 12:00:00,ev_C,C,17,
20190122034100,2019-01-22 03:41:00,2019-01-22 12:00:00,ev_C,C,6,
20190122034110,2019-01-22 03:41:10,2019-01-22 12:00:00,ev_C,C,17,
20190122034120,2019-01-22 03:41:20,2019-01-22 12:00:00,ev_C,C,13,
20190122034130,2019-01-22 03:41:30,2019-01-22 12:00:00,ev_C,C,15,
20190122034140,2019-01-22 03:41:40,2019-01-22 12:00:00,ev_C,C,7,
20190122034150,2019-01-22 03:41:50,2019-01-22 12:00:00,ev_C,C,3,
20190122034200,2019-01-22 03:42:00,2019-01-22 12:00:00,ev_C,C,1,
20190122034210,2019-01-22 03:42:10,2019-01-22 12:00:00,ev_C,C,7,
20190122034220,2019-01-22 03:42:20,2019-01-22 12:00:00,ev_C,C,3,
20190122034230,2019-01-22 03:42:30,2019-01-22 12:00:00,ev_C,C,11,
20190122034240,2019-01-22 03:42:40,2019-01-22 12:00:00,ev_K,K,3,
20190122034250,2019-01-22 03:42:50,2019-01-22 12:00:00,ev_C,C,11,
20190122034300,2019-01-22 03:43:00,2019-01-22 12:00:00,ev_C,C,7,
20190122034310,2019-01-22 03:43:10,2019-01-22 12:00:00,ev_K,K,5,
20190122034320,2019-01-22 03:43:20,2019-01-22 12:00:00,ev_C,C,19,
20190122034330,2019-01-22 03:43:30,2019-01-22 12:00:00,ev_K,K,2,
20190122034340,2019-01-22 03:43:40,2019-01-22 12:00:00,ev_C,C,18,
20190122034350,2019-01-22 03:43:50,2019-01-22 12:00:00,ev_C,C,5,
20190122034400,2019-01-22 03:44:00,2019-01-22 12:00:00,ev_C,C,12,
20190122034410,2019-01-22 03:44:10,2019-01-22 12:00:00,ev_C,C,11,
20190122034420,2019-01-22 03:44:20,2019-01-22 12:00:00,ev_C,C,1,
20190122034430,2019-01-22 03:44:30,2019-01-22 12:00:00,ev_C,C,11,
20190122034440,2019-01-22 03:44:40,2019-01-22 12:00:00,ev_C,C,5,
20190122034450,2019-01-22 03:44:50,2019-01-22 12:00:00,ev_C,C,4,
20190122034500,2019-01-22 03:45:00,2019-01-22 12:00:00,ev_C,C,15,
20190122034510,2019-01-22 03:45:10,2019-01-22 12:00:00,ev_K,K,4,
20190122034520,2019-01-22 03:45:20,2019-01-22 12:00:00,ev_C,C,14,
20190122034530,2019-01-22 03:45:30,2019-01-22 12:00:00,ev_C,C,20,
20190122034540,2019-01-22 03:45:40,2019-01-22 12:00:00,ev_C,C,1,
20190122034550,2019-01-22 03:45:50,2019-01-22 12:00:00,ev_C,C,3,
20190122034600,2019-01-22 03:46:00,2019-01-22 12:00:00,ev_K,K,1,
20190122034610,2019-01-22 03:46:10,2019-01-22 12:00:00,ev_K,K,2,
20190122034620,2019-01-22 03:46:20,2019-01-22 12:00:00,ev_C,C,8,
20190122034630,2019-01-22 03:46:30,2019-01-22 12:00:00,ev_K,K,4,
20190122034640,2019-01-22 03:46:40,2019-01-22 12:00:00,ev_K,K,2,
20190122034650,2019-01-22 03:46:50,2019-01-22 12:00:00,ev_C,C,9,
20190122034700,2019-01-22 03:47:00,2019-01-22 12:00:00,ev_C,C,10,
20190122034710,2019-01-22 03:47:10,2019-01-22 12:00:00,ev_C,C,20,
20190122034720,2019-01-22 03:47:20,2019-01-22 12:00:00,ev_C,C,18,
20190122034730,2019-01-22 03:47:30,2019-01-22 12:00:00,ev_C,C,2,
20190122034740,2019-01-22 03:47:40,2019-01-22 12:00:00,ev_C,C,19,
20190122034750,2019-01-22 03:47:50,2019-01-22 12:00:00,ev_C,C,3,
20190122034800,2019-01-22 03:48:00,2019-01-22 12:00:00,ev_K,K,4,
20190122034810,2019-01-22 03:48:10,2019-01-22 12:00:00,ev_C,C,18,
20190122034820,2019-01-22 03:48:20,2019-01-22 12:00:00,ev_C,C,4,
20190122034830,2019-01-22 03:48:30,2019-01-22 12:00:00,ev_C,C,7,
20190122034840,2019-01-22 03:48:40,2019-01-22 12:00:00,ev_C,C,4,
20190122034850,2019-01-22 03:48:50,2019-01-22 12:00:00,ev_C,C,5,
20190122034900,2019-01-22 03:49:00,2019-01-22 12:00:00,ev_C,C,8,
20190122034910,2019-01-22 03:49:10,2019-01-22 12:00:00,ev_C,C,13,
20190122034920,2019-01-22 03:49:20,2019-01-22 12:00:00,ev_K,K,1,
20190122034930,2019-01-22 03:49:30,2019-01-22 12:00:00,ev_C,C,4,
20190122034940,2019-01-22 03:49:40,2019-01-22 12:00:00,ev_C,C,6,
20190122034950,2019-01-22 03:49:50,2019-01-22 12:00:00,ev_C,C,18,
20190122035000,2019-01-22 03:50:00,2019-01-22 12:00:00,ev_C,C,6,
20190122035010,2019-01-22 03:50:10,2019-01-22 12:00:00,ev_C,C,15,
20190122035020,2019-01-22 03:50:20,2019-01-22 12:00:00,ev_C,C,6,
20190122035030,2019-01-22 03:50:30,2019-01-22 12:00:00,ev_C,C,11,
20190122035040,2019-01-22 03:50:40,2019-01-22 12:00:00,ev_C,C,5,
20190122035050,2019-01-22 03:50:50,2019-01-22 12:00:00,ev_K,K,3,
20190122035100,2019-01-22 03:51:00,2019-01-22 12:00:00,ev_N,K,1,
20190122035110,2019-01-22 03:51:10,2019-01-22 12:00:00,ev_C,C,3,
20190122035120,2019-01-22 03:51:20,2019-01-22 12:00:00,ev_C,C,12,
20190122035130,2019-01-22 03:51:30,2019-01-22 12:00:00,ev_K,K,2,
20190122035140,2019-01-22 03:51:40,2019-01-22 12:00:00,ev_C,C,9,
20190122035150,2019-01-22 03:51:50,2019-01-22 12:00:00,ev_C,C,14,
20190122035200,2019-01-22 03:52:00,2019-01-22 12:00:00,ev_C,C,20,
20190122035210,2019-01-22 03:52:10,2019-01-22 12:00:00,ev_K,K,1,
20190122035220,2019-01-22 03:52:20,2019-01-22 12:00:00,ev_C,C,20,
20190122035230,2019-01-22 03:52:30,2019-01-22 12:00:00,ev_N,K,2,
20190122035240,2019-01-22 03:52:40,2019-01-22 12:00:00,ev_C,C,5,
20190122035250,2019-01-22 03:52:50,2019-01-22 12:00:00,ev_C,C,20,
20190122035300,2019-01-22 03:53:00,2019-01-22 12:00:00,ev_C,C,6,
20190122035310,2019-01-22 03:53:10,2019-01-22 12:00:00,ev_C,C,16,
20190122035320,2019-01-22 03:53:20,2019-01-22 12:00:00,ev_K,K,1,
20190122035330,2019-01-22 03:53:30,2019-01-22 12:00:00,ev_C,C,3,
20190122035340,2019-01-22 03:53:40,2019-01-22 12:00:00,ev_C,C,13,
20190122035350,2019-01-22 03:53:50,2019-01-22 12:00:00,ev_C,C,4,
20190122035400,2019-01-22 03:54:00,2019-01-22 12:00:00,ev_C,C,11,
20190122035410,2019-01-22 03:54:10,2019-01-22 12:00:00,ev_C,C,10,
20190122035420,2019-01-22 03:54:20,2019-01-22 12:00:00,ev_C,C,5,
20190122035430,2019-01-22 03:54:30,2019-01-22 12:00:00,ev_N,K,2,
20190122035440,2019-01-22 03:54:40,2019-01-22 12:00:00,ev_N,K,4,
20190122035450,2019-01-22 03:54:50,2019-01-22 12:00:00,ev_C,C,19,
20190122035500,2019-01-22 03:55:00,2019-01-22 12:00:00,ev_C,C,2,
20190122035510,2019-01-22 03:55:10,2019-01-22 12:00:00,ev_C,C,3,
20190122035520,2019-01-22 03:55:20,2019-01-22 12:00:00,ev_C,C,6,
20190122035530,2019-01-22 03:55:30,2019-01-22 12:00:00,ev_C,C,12,
20190122035540,2019-01-22 03:55:40,2019-01-22 12:00:00,ev_C,C,11,
20190122035550,2019-01-22 03:55:50,2019-01-22 12:00:00,ev_C,C,11,
20190122035600,2019-01-22 03:56:00,2019-01-22 12:00:00,ev_K,K,3,
20190122035610,2019-01-22 03:56:10,2019-01-22 12:00:00,ev_C,C,20,
20190122035620,2019-01-22 03:56:20,2019-01-22 12:00:00,ev_C,C,19,
20190122035630,2019-01-22 03:56:30,2019-01-22 12:00:00,ev_C,C,17,
20190122035640,2019-01-22 03:56:40,2019-01-22 12:00:00,ev_C,C,6,
20190122035650,2019-01-22 03:56:50,2019-01-22 12:00:00,ev_C,C,7,
20190122035700,2019-01-22 03:57:00,2019-01-22 12:00:00,ev_C,C,8,
20190122035710,2019-01-22 03:57:10,2019-01-22 12:00:00,ev_C,C,4,
20190122035720,2019-01-22 03:57:20,2019-01-22 12:00:00,ev_C,C,12,
20190122035730,2019-01-22 03:57:30,2019-01-22 12:00:00,ev_C,C,1,
20190122035740,2019-01-22 03:57:40,2019-01-22 12:00:00,ev_K,K,5,
20190122035750,2019-01-22 03:57:50,2019-01-22 12:00:00,ev_C,C,1,
20190122035800,2019-01-22 03:58:00,2019-01-22 12:00:00,ev_C,C,10,
20190122035810,2019-01-22 03:58:10,2019-01-22 12:00:00,ev_C,C,4,
20190122035820,2019-01-22 03:58:20,2019-01-22 12:00:00,ev_C,C,7,
20190122035830,2019-01-22 03:58:30,2019-01-22 12:00:00,ev_C,C,20,
20190122035840,2019-01-22 03:58:40,2019-01-22 12:00:00,ev_C,C,6,
20190122035850,2019-01-22 03:58:50,2019-01-22 12:00:00,ev_C,C,3,
20190122035900,2019-01-22 03:59:00,2019-01-22 12:00:00,ev_C,C,3,
20190122035910,2019-01-22 03:59:10,2019-01-22 12:00:00,ev_C,C,8,
20190122035920,2019-01-22 03:59:20,2019-01-22 12:00:00,ev_C,C,6,
20190122035930,2019-01-22 03:59:30,2019-01-22 12:00:00,ev_C,C,20,
20190122035940,2019-01-22 03:59:40,2019-01-22 12:00:00,ev_C,C,10,
20190122035950,2019-01-22 03:59:50,2019-01-22 12:00:00,ev_N,K,2,
20190122040000,2019-01-22 04:00:00,2019-01-22 12:00:00,ev_C,C,20,
20190122040010,2019-01-22 04:00:10,2019-01-22 12:00:00,ev_C,C,13,
20190122040020,2019-01-22 04:00:20,2019-01-22 12:00:00,ev_C,C,10,
20190122040030,2019-01-22 04:00:30,2019-01-22 12:00:00,ev_C,C,18,
20190122040040,2019-01-22 04:00:40,2019-01-22 12:00:00,ev_C,C,16,
20190122040050,2019-01-22 04:00:50,2019-01-22 12:00:00,ev_N,K,2,
20190122040100,2019-01-22 04:01:00,2019-01-22 12:00:00,ev_C,C,12,
20190122040110,2019-01-22 04:01:10,2019-01-22 12:00:00,ev_K,K,2,
20190122040120,2019-01-22 04:01:20,2019-01-22 12:00:00,ev_C,C,11,
20190122040130,2019-01-22 04:01:30,2019-01-22 12:00:00,ev_N,K,4,
20190122040140,2019-01-22 04:01:40,2019-01-22 12:00:00,ev_C,C,1,
20190122040150,2019-01-22 04:01:50,2019-01-22 12:00:00,ev_N,K,5,
20190122040200,2019-01-22 04:02:00,2019-01-22 12:00:00,ev_K,K,2,
20190122040210,2019-01-22 04:02:10,2019-01-22 12:00:00,ev_C,C,5,
20190122040220,2019-01-22 04:02:20,2019-01-22 12:00:00,ev_K,K,2,
20190122040230,2019-01-22 04:02:30,2019-01-22 12:00:00,ev_C,C,13,
20190122040240,2019-01-22 04:02:40,2019-01-22 12:00:00,ev_C,C,6,
20190122040250,2019-01-22 04:02:50,2019-01-22 12:00:00,ev_N,K,5,
20190122040300,2019-01-22 04:03:00,2019-01-22 12:00:00,ev_K,K,5,
20190122040310,2019-01-22 04:03:10,2019-01-22 12:00:00,ev_C,C,10,
20190122040320,2019-01-22 04:03:20,2019-01-22 12:00:00,ev_C,C,16,
20190122040330,2019-01-22 04:03:30,2019-01-22 12:00:00,ev_K,K,3,
20190122040340,2019-01-22 04:03:40,2019-01-22 12:00:00,ev_C,C,10,
20190122040350,2019-01-22 04:03:50,2019-01-22 12:00:00,ev_C,C,4,
20190122040400,2019-01-22 04:04:00,2019-01-22 12:00:00,ev_C,C,19,
20190122040410,2019-01-22 04:04:10,2019-01-22 12:00:00,ev_C,C,2,
20190122040420,2019-01-22 04:04:20,2019-01-22 12:00:00,ev_N,K,4,
20190122040430,2019-01-22 04:04:30,2019-01-22 12:00:00,ev_C,C,6,
20190122040440,2019-01-22 04:04:40,2019-01-22 12:00:00,ev_C,C,2,
20190122040450,2019-01-22 04:04:50,2019-01-22 12:00:00,ev_K,K,1,
20190122040500,2019-01-22 04:05:00,2019-01-22 12:00:00,ev_C,C,2,
20190122040510,2019-01-22 04:05:10,2019-01-22 12:00:00,ev_N,K,4,
20190122040520,2019-01-22 04:05:20,2019-01-22 12:00:00,ev_K,K,4,
20190122040530,2019-01-22 04:05:30,2019-01-22 12:00:00,ev_C,C,16,
20190122040540,2019-01-22 04:05:40,2019-01-22 12:00:00,ev_N,K,3,
20190122040550,2019-01-22 04:05:50,2019-01-22 12:00:00,ev_C,C,14,
20190122040600,2019-01-22 04:06:00,2019-01-22 12:00:00,ev_C,C,19,
20190122040610,2019-01-22 04:06:10,2019-01-22 12:00:00,ev_C,C,18,
20190122040620,2019-01-22 04:06:20,2019-01-22 12:00:00,ev_N,K,1,
20190122040630,2019-01-22 04:06:30,2019-01-22 12:00:00,ev_C,C,8,
20190122040640,2019-01-22 04:06:40,2019-01-22 12:00:00,ev_C,C,2,
20190122040650,2019-01-22 04:06:50,2019-01-22 12:00:00,ev_K,K,2,
20190122040700,2019-01-22 04:07:00,2019-01-22 12:00:00,ev_C,C,2,
20190122040710,2019-01-22 04:07:10,2019-01-22 12:00:00,ev_C,C,15,
20190122040720,2019-01-22 04:07:20,2019-01-22 12:00:00,ev_C,C,1,
20190122040730,2019-01-22 04:07:30,2019-01-22 12:00:00,ev_C,C,5,
20190122040740,2019-01-22 04:07:40,2019-01-22 12:00:00,ev_N,K,3,
20190122040750,2019-01-22 04:07:50,2019-01-22 12:00:00,ev_C,C,10,
20190122040800,2019-01-22 04:08:00,2019-01-22 12:00:00,ev_N,K,2,
20190122040810,2019-01-22 04:08:10,2019-01-22 12:00:00,ev_C,C,20,
20190122040820,2019-01-22 04:08:20,2019-01-22 12:00:00,ev_C,C,3,
20190122040830,2019-01-22 04:08:30,2019-01-22 12:00:00,ev_C,C,13,
20190122040840,2019-01-22 04:08:40,2019-01-22 12:00:00,ev_C,C,4,
20190122040850,2019-01-22 04:08:50,2019-01-22 12:00:00,ev_C,C,9,
20190122040900,2019-01-22 04:09:00,2019-01-22 12:00:00,ev_K,K,3,
20190122040910,2019-01-22 04:09:10,2019-01-22 12:00:00,ev_C,C,7,
20190122040920,2019-01-22 04:09:20,2019-01-22 12:00:00,ev_K,K,1,
20190122040930,2019-01-22 04:09:30,2019-01-22 12:00:00,ev_C,C,18,
20190122040940,2019-01-22 04:09:40,2019-01-22 12:00:00,ev_C,C,17,
20190122040950,2019-01-22 04:09:50,2019-01-22 12:00:00,ev_C,C,15,
20190122041000,2019-01-22 04:10:00,2019-01-22 12:00:00,ev_C,C,12,
20190122041010,2019-01-22 04:10:10,2019-01-22 12:00:00,ev_K,K,1,
20190122041020,2019-01-22 04:10:20,2019-01-22 12:00:00,ev_C,C,9,
20190122041030,2019-01-22 04:10:30,2019-01-22 12:00:00,ev_C,C,17,
20190122041040,2019-01-22 04:10:40,2019-01-22 12:00:00,ev_C,C,8,
20190122041050,2019-01-22 04:10:50,2019-01-22 12:00:00,ev_C,C,6,
20190122041100,2019-01-22 04:11:00,2019-01-22 12:00:00,ev_C,C,5,
20190122041110,2019-01-22 04:11:10,2019-01-22 12:00:00,ev_K,K,2,
20190122041120,2019-01-22 04:11:20,2019-01-22 12:00:00,ev_K,K,2,
20190122041130,2019-01-22 04:11:30,2019-01-22 12:00:00,ev_C,C,11,
20190122041140,2019-01-22 04:11:40,2019-01-22 12:00:00,ev_C,C,1,
20190122041150,2019-01-22 04:11:50,2019-01-22 12:00:00,ev_K,K,2,
20190122041200,2019-01-22 04:12:00,2019-01-22 12:00:00,ev_C,C,2,
20190122041210,2019-01-22 04:12:10,2019-01-22 12:00:00,ev_C,C,20,
20190122041220,2019-01-22 04:12:20,2019-01-22 12:00:00,ev_C,C,19,
20190122041230,2019-01-22 04:12:30,2019-01-22 12:00:00,ev_C,C,20,
20190122041240,2019-01-22 04:12:40,2019-01-22 12:00:00,ev_C,C,20,
20190122041250,2019-01-22 04:12:50,2019-01-22 12:00:00,ev_K,K,1,
20190122041300,2019-01-22 04:13:00,2019-01-22 12:00:00,ev_C,C,14,
20190122041310,2019-01-22 04:13:10,2019-01-22 12:00:00,ev_C,C,13,
20190122041320,2019-01-22 04:13:20,2019-01-22 12:00:00,ev_C,C,8,
20190122041330,2019-01-22 04:13:30,2019-01-22 12:00:00,ev_K,K,2,
20190122041340,2019-01-22 04:13:40,2019-01-22 12:00:00,ev_C,C,17,
20190122041350,2019-01-22 04:13:50,2019-01-22 12:00:00,ev_K,K,4,
20190122041400,2019-01-22 04:14:00,2019-01-22 12:00:00,ev_C,C,11,
20190122041410,2019-01-22 04:14:10,2019-01-22 12:00:00,ev_C,C,1,
20190122041420,2019-01-22 04:14:20,2019-01-22 12:00:00,ev_C,C,8,
20190122041430,2019-01-22 04:14:30,2019-01-22 12:00:00,ev_C,C,16,
20190122041440,2019-01-22 04:14:40,2019-01-22 12:00:00,ev_C,C,1,
20190122041450,2019-01-22 04:14:50,2019-01-22 12:00:00,ev_C,C,17,
20190122041500,2019-01-22 04:15:00,2019-01-22 12:00:00,ev_C,C,3,
20190122041510,2019-01-22 04:15:10,2019-01-22 12:00:00,ev_C,C,12,
20190122041520,2019-01-22 04:15:20,2019-01-22 12:00:00,ev_C,C,10,
20190122041530,2019-01-22 04:15:30,2019-01-22 12:00:00,ev_C,C,14,
20190122041540,2019-01-22 04:15:40,2019-01-22 12:00:00,ev_N,K,1,
20190122041550,2019-01-22 04:15:50,2019-01-22 12:00:00,ev_C,C,13,
20190122041600,2019-01-22 04:16:00,2019-01-22 12:00:00,ev_N,K,3,
20190122041610,2019-01-22 04:16:10,2019-01-22 12:00:00,ev_C,C,6,
20190122041620,2019-01-22 04:16:20,2019-01-22 12:00:00,ev_C,C,1,
20190122041630,2019-01-22 04:16:30,2019-01-22 12:00:00,ev_K,K,1,
20190122041640,2019-01-22 04:16:40,2019-01-22 12:00:00,ev_C,C,17,
20190122041650,2019-01-22 04:16:50,2019-01-22 12:00:00,ev_K,K,4,
20190122041700,2019-01-22 04:17:00,2019-01-22 12:00:00,ev_K,K,5,
20190122041710,2019-01-22 04:17:10,2019-01-22 12:00:00,ev_K,K,2,
20190122041720,2019-01-22 04:17:20,2019-01-22 12:00:00,ev_K,K,3,
20190122041730,2019-01-22 04:17:30,2019-01-22 12:00:00,ev_C,C,15,
20190122041740,2019-01-22 04:17:40,2019-01-22 12:00:00,ev_C,C,17,
20190122041750,2019-01-22 04:17:50,2019-01-22 12:00:00,ev_C,C,1,
20190122041800,2019-01-22 04:18:00,2019-01-22 12:00:00,ev_C,C,10,
20190122041810,2019-01-22 04:18:10,2019-01-22 12:00:00,ev_C,C,6,
20190122041820,2019-01-22 04:18:20,2019-01-22 12:00:00,ev_C,C,9,
20190122041830,2019-01-22 04:18:30,2019-01-22 12:00:00,ev_C,C,8,
20190122041840,2019-01-22 04:18:40,2019-01-22 12:00:00,ev_K,K,1,
20190122041850,2019-01-22 04:18:50,2019-01-22 12:00:00,ev_K,K,4,
20190122041900,2019-01-22 04:19:00,2019-01-22 12:00:00,ev_N,K,2,
20190122041910,2019-01-22 04:19:10,2019-01-22 12:00:00,ev_K,K,4,
20190122041920,2019-01-22 04:19:20,2019-01-22 12:00:00,ev_K,K,2,
20190122041930,2019-01-22 04:19:30,2019-01-22 12:00:00,ev_C,C,18,
20190122041940,2019-01-22 04:19:40,2019-01-22 12:00:00,ev_C,C,7,
20190122041950,2019-01-22 04:19:50,2019-01-22 12:00:00,ev_C,C,12,
20190122042000,2019-01-22 04:20:00,2019-01-22 12:00:00,ev_C,C,17,
20190122042010,2019-01-22 04:20:10,2019-01-22 12:00:00,ev_C,C,15,
20190122042020,2019-01-22 04:20:20,2019-01-22 12:00:00,ev_C,C,10,
20190122042030,2019-01-22 04:20:30,2019-01-22 12:00:00,ev_N,K,1,
20190122042040,2019-01-22 04:20:40,2019-01-22 12:00:00,ev_C,C,17,
20190122042050,2019-01-22 04:20:50,2019-01-22 12:00:00,ev_C,C,19,
20190122042100,2019-01-22 04:21:00,2019-01-22 12:00:00,ev_C,C,11,
20190122042110,2019-01-22 04:21:10,2019-01-22 12:00:00,ev_C,C,5,
20190122042120,2019-01-22 04:21:20,2019-01-22 12:00:00,ev_N,K,3,
20190122042130,2019-01-22 04:21:30,2019-01-22 12:00:00,ev_C,C,5,
20190122042140,2019-01-22 04:21:40,2019-01-22 12:00:00,ev_K,K,3,
20190122042150,2019-01-22 04:21:50,2019-01-22 12:00:00,ev_C,C,7,
20190122042200,2019-01-22 04:22:00,2019-01-22 12:00:00,ev_K,K,4,
20190122042210,2019-01-22 04:22:10,2019-01-22 12:00:00,ev_C,C,4,
20190122042220,2019-01-22 04:22:20,2019-01-22 12:00:00,ev_C,C,7,
20190122042230,2019-01-22 04:22:30,2019-01-22 12:00:00,ev_K,K,1,
20190122042240,2019-01-22 04:22:40,2019-01-22 12:00:00,ev_K,K,4,
20190122042250,2019-01-22 04:22:50,2019-01-22 12:00:00,ev_C,C,10,
20190122042300,2019-01-22 04:23:00,2019-01-22 12:00:00,ev_C,C,18,
20190122042310,2019-01-22 04:23:10,2019-01-22 12:00:00,ev_C,C,4,
20190122042320,2019-01-22 04:23:20,2019-01-22 12:00:00,ev_K,K,4,
20190122042330,2019-01-22 04:23:30,2019-01-22 12:00:00,ev_N,K,2,
20190122042340,2019-01-22 04:23:40,2019-01-22 12:00:00,ev_C,C,18,
20190122042350,2019-01-22 04:23:50,2019-01-22 12:00:00,ev_C,C,20,
20190122042400,2019-01-22 04:24:00,2019-01-22 12:00:00,ev_C,C,15,
20190122042410,2019-01-22 04:24:10,2019-01-22 12:00:00,ev_C,C,15,
20190122042420,2019-01-22 04:24:20,2019-01-22 12:00:00,ev_K,K,4,
20190122042430,2019-01-22 04:24:30,2019-01-22 12:00:00,ev_C,C,12,
20190122042440,2019-01-22 04:24:40,2019-01-22 12:00:00,ev_C,C,15,
20190122042450,2019-01-22 04:24:50,2019-01-22 12:00:00,ev_C,C,8,
20190122042500,2019-01-22 04:25:00,2019-01-22 12:00:00,ev_C,C,5,
20190122042510,2019-01-22 04:25:10,2019-01-22 12:00:00,ev_C,C,5,
20190122042520,2019-01-22 04:25:20,2019-01-22 12:00:00,ev_C,C,10,
20190122042530,2019-01-22 04:25:30,2019-01-22 12:00:00,ev_C,C,17,
20190122042540,2019-01-22 04:25:40,2019-01-22 12:00:00,ev_C,C,2,
20190122042550,2019-01-22 04:25:50,2019-01-22 12:00:00,ev_K,K,5,
20190122042600,2019-01-22 04:26:00,2019-01-22 12:00:00,ev_C,C,7,
20190122042610,2019-01-22 04:26:10,2019-01-22 12:00:00,ev_C,C,17,
20190122042620,2019-01-22 04:26:20,2019-01-22 12:00:00,ev_C,C,3,
20190122042630,2019-01-22 04:26:30,2019-01-22 12:00:00,ev_C,C,16,
20190122042640,2019-01-22 04:26:40,2019-01-22 12:00:00,ev_C,C,12,
20190122042650,2019-01-22 04:26:50,2019-01-22 12:00:00,ev_K,K,3,
20190122042700,2019-01-22 04:27:00,2019-01-22 12:00:00,ev_K,K,4,
20190122042710,2019-01-22 04:27:10,2019-01-22 12:00:00,ev_C,C,11,
20190122042720,2019-01-22 04:27:20,2019-01-22 12:00:00,ev_C,C,20,
20190122042730,2019-01-22 04:27:30,2019-01-22 12:00:00,ev_C,C,8,
20190122042740,2019-01-22 04:27:40,2019-01-22 12:00:00,ev_C,C,11,
20190122042750,2019-01-22 04:27:50,2019-01-22 12:00:00,ev_C,C,14,
20190122042800,2019-01-22 04:28:00,2019-01-22 12:00:00,ev_C,C,19,
20190122042810,2019-01-22 04:28:10,2019-01-22 12:00:00,ev_C,C,4,
20190122042820,2019-01-22 04:28:20,2019-01-22 12:00:00,ev_K,K,3,
20190122042830,2019-01-22 04:28:30,2019-01-22 12:00:00,ev_C,C,15,
20190122042840,2019-01-22 04:28:40,2019-01-22 12:00:00,ev_C,C,17,
20190122042850,2019-01-22 04:28:50,2019-01-22 12:00:00,ev_C,C,15,
20190122042900,2019-01-22 04:29:00,2019-01-22 12:00:00,ev_K,K,2,
20190122042910,2019-01-22 04:29:10,2019-01-22 12:00:00,ev_K,K,4,
20190122042920,2019-01-22 04:29:20,2019-01-22 12:00:00,ev_K,K,1,
20190122042930,2019-01-22 04:29:30,2019-01-22 12:00:00,ev_N,K,2,
20190122042940,2019-01-22 04:29:40,2019-01-22 12:00:00,ev_C,C,7,
20190122042950,2019-01-22 04:29:50,2019-01-22 12:00:00,ev_C,C,10,
20190122043000,2019-01-22 04:30:00,2019-01-22 12:00:00,ev_C,C,14,
20190122043010,2019-01-22 04:30:10,2019-01-22 12:00:00,ev_K,K,2,
20190122043020,2019-01-22 04:30:20,2019-01-22 12:00:00,ev_C,C,8,
20190122043030,2019-01-22 04:30:30,2019-01-22 12:00:00,ev_C,C,12,
20190122043040,2019-01-22 04:30:40,2019-01-22 12:00:00,ev_C,C,10,
20190122043050,2019-01-22 04:30:50,2019-01-22 12:00:00,ev_C,C,19,
20190122043100,2019-01-22 04:31:00,2019-01-22 12:00:00,ev_C,C,14,
20190122043110,2019-01-22 04:31:10,2019-01-22 12:00:00,ev_C,C,20,
20190122043120,2019-01-22 04:31:20,2019-01-22 12:00:00,ev_C,C,14,
20190122043130,2019-01-22 04:31:30,2019-01-22 12:00:00,ev_C,C,13,
20190122043140,2019-01-22 04:31:40,2019-01-22 12:00:00,ev_C,C,4,
20190122043150,2019-01-22 04:31:50,2019-01-22 12:00:00,ev_C,C,15,
20190122043200,2019-01-22 04:32:00,2019-01-22 12:00:00,ev_C,C,2,
20190122043210,2019-01-22 04:32:10,2019-01-22 12:00:00,ev_C,C,10,
20190122043220,2019-01-22 04:32:20,2019-01-22 12:00:00,ev_N,K,4,
20190122043230,2019-01-22 04:32:30,2019-01-22 12:00:00,ev_C,C,12,
20190122043240,2019-01-22 04:32:40,2019-01-22 12:00:00,ev_C,C,5,
20190122043250,2019-01-22 04:32:50,2019-01-22 12:00:00,ev_C,C,8,
20190122043300,2019-01-22 04:33:00,2019-01-22 12:00:00,ev_C,C,6,
20190122043310,2019-01-22 04:33:10,2019-01-22 12:00:00,ev_N,K,5,
20190122043320,2019-01-22 04:33:20,2019-01-22 12:00:00,ev_C,C,20,
20190122043330,2019-01-22 04:33:30,2019-01-22 12:00:00,ev_K,K,1,
20190122043340,2019-01-22 04:33:40,2019-01-22 12:00:00,ev_C,C,16,
20190122043350,2019-01-22 04:33:50,2019-01-22 12:00:00,ev_C,C,9,
20190122043400,2019-01-22 04:34:00,2019-01-22 12:00:00,ev_C,C,1,
20190122043410,2019-01-22 04:34:10,2019-01-22 12:00:00,ev_C,C,5,
20190122043420,2019-01-22 04:34:20,2019-01-22 12:00:00,ev_C,C,3,
20190122043430,2019-01-22 04:34:30,2019-01-22 12:00:00,ev_N,K,3,
20190122043440,2019-01-22 04:34:40,2019-01-22 12:00:00,ev_C,C,14,
20190122043450,2019-01-22 04:34:50,2019-01-22 12:00:00,ev_C,C,2,
20190122043500,2019-01-22 04:35:00,2019-01-22 12:00:00,ev_C,C,15,
20190122043510,2019-01-22 04:35:10,2019-01-22 12:00:00,ev_N,K,5,
20190122043520,2019-01-22 04:35:20,2019-01-22 12:00:00,ev_C,C,15,
20190122043530,2019-01-22 04:35:30,2019-01-22 12:00:00,ev_C,C,13,
20190122043540,2019-01-22 04:35:40,2019-01-22 12:00:00,ev_C,C,11,
20190122043550,2019-01-22 04:35:50,2019-01-22 12:00:00,ev_C,C,13,
20190122043600,2019-01-22 04:36:00,2019-01-22 12:00:00,ev_C,C,17,
20190122043610,2019-01-22 04:36:10,2019-01-22 12:00:00,ev_C,C,2,
20190122043620,2019-01-22 04:36:20,2019-01-22 12:00:00,ev_C,C,1,
20190122043630,2019-01-22 04:36:30,2019-01-22 12:00:00,ev_N,K,4,
20190122043640,2019-01-22 04:36:40,2019-01-22 12:00:00,ev_C,C,3,
20190122043650,2019-01-22 04:36:50,2019-01-22 12:00:00,ev_C,C,13,
20190122043700,2019-01-22 04:37:00,2019-01-22 12:00:00,ev_C,C,2,
20190122043710,2019-01-22 04:37:10,2019-01-22 12:00:00,ev_K,K,3,
20190122043720,2019-01-22 04:37:20,2019-01-22 12:00:00,ev_C,C,3,
20190122043730,2019-01-22 04:37:30,2019-01-22 12:00:00,ev_C,C,3,
20190122043740,2019-01-22 04:37:40,2019-01-22 12:00:00,ev_C,C,1,
20190122043750,2019-01-22 04:37:50,2019-01-22 12:00:00,ev_C,C,16,
20190122043800,2019-01-22 04:38:00,2019-01-22 12:00:00,ev_C,C,5,
20190122043810,2019-01-22 04:38:10,2019-01-22 12:00:00,ev_C,C,5,
20190122043820,2019-01-22 04:38:20,2019-01-22 12:00:00,ev_K,K,3,
20190122043830,2019-01-22 04:38:30,2019-01-22 12:00:00,ev_C,C,12,
20190122043840,2019-01-22 04:38:40,2019-01-22 12:00:00,ev_K,K,4,
20190122043850,2019-01-22 04:38:50,2019-01-22 12:00:00,ev_C,C,19,
20190122043900,2019-01-22 04:39:00,2019-01-22 12:00:00,ev_C,C,15,
20190122043910,2019-01-22 04:39:10,2019-01-22 12:00:00,ev_C,C,3,
20190122043920,2019-01-22 04:39:20,2019-01-22 12:00:00,ev_C,C,8,
20190122043930,2019-01-22 04:39:30,2019-01-22 12:00:00,ev_C,C,10,
20190122043940,2019-01-22 04:39:40,2019-01-22 12:00:00,ev_C,C,12,
20190122043950,2019-01-22 04:39:50,2019-01-22 12:00:00,ev_C,C,4,
20190122044000,2019-01-22 04:40:00,2019-01-22 12:00:00,ev_K,K,5,
20190122044010,2019-01-22 04:40:10,2019-01-22 12:00:00,ev_K,K,2,
20190122044020,2019-01-22 04:40:20,2019-01-22 12:00:00,ev_C,C,18,
20190122044030,2019-01-22 04:40:30,2019-01-22 12:00:00,ev_N,K,3,
20190122044040,2019-01-22 04:40:40,2019-01-22 12:00:00,ev_K,K,2,
20190122044050,2019-01-22 04:40:50,2019-01-22 12:00:00,ev_C,C,19,
20190122044100,2019-01-22 04:41:00,2019-01-22 12:00:00,ev_C,C,8,
20190122044110,2019-01-22 04:41:10,2019-01-22 12:00:00,ev_C,C,6,
20190122044120,2019-01-22 04:41:20,2019-01-22 12:00:00,ev_C,C,10,
20190122044130,2019-01-22 04:41:30,2019-01-22 12:00:00,ev_C,C,19,
20190122044140,2019-01-22 04:41:40,2019-01-22 12:00:00,ev_C,C,9,
20190122044150,2019-01-22 04:41:50,2019-01-22 12:00:00,ev_C,C,4,
20190122044200,2019-01-22 04:42:00,2019-01-22 12:00:00,ev_N,K,1,
20190122044210,2019-01-22 04:42:10,2019-01-22 12:00:00,ev_C,C,2,
20190122044220,2019-01-22 04:42:20,2019-01-22 12:00:00,ev_C,C,15,
20190122044230,2019-01-22 04:42:30,2019-01-22 12:00:00,ev_C,C,20,
20190122044240,2019-01-22 04:42:40,2019-01-22 12:00:00,ev_K,K,1,
20190122044250,2019-01-22 04:42:50,2019-01-22 12:00:00,ev_C,C,18,
20190122044300,2019-01-22 04:43:00,2019-01-22 12:00:00,ev_C,C,4,
20190122044310,2019-01-22 04:43:10,2019-01-22 12:00:00,ev_C,C,18,
20190122044320,2019-01-22 04:43:20,2019-01-22 12:00:00,ev_C,C,14,
20190122044330,2019-01-22 04:43:30,2019-01-22 12:00:00,ev_C,C,15,
20190122044340,2019-01-22 04:43:40,2019-01-22 12:00:00,ev_C,C,2,
20190122044350,2019-01-22 04:43:50,2019-01-22 12:00:00,ev_K,K,2,
20190122044400,2019-01-22 04:44:00,2019-01-22 12:00:00,ev_C,C,3,
20190122044410,2019-01-22 04:44:10,2019-01-22 12:00:00,ev_C,C,6,
20190122044420,2019-01-22 04:44:20,2019-01-22 12:00:00,ev_K,K,2,
20190122044430,2019-01-22 04:44:30,2019-01-22 12:00:00,ev_C,C,13,
20190122044440,2019-01-22 04:44:40,2019-01-22 12:00:00,ev_C,C,3,
20190122044450,2019-01-22 04:44:50,2019-01-22 12:00:00,ev_C,C,5,
20190122044500,2019-01-22 04:45:00,2019-01-22 12:00:00,ev_C,C,8,
20190122044510,2019-01-22 04:45:10,2019-01-22 12:00:00,ev_C,C,6,
20190122044520,2019-01-22 04:45:20,2019-01-22 12:00:00,ev_K,K,3,
20190122044530,2019-01-22 04:45:30,2019-01-22 12:00:00,ev_C,C,2,
20190122044540,2019-01-22 04:45:40,2019-01-22 12:00:00,ev_K,K,3,
20190122044550,2019-01-22 04:45:50,2019-01-22 12:00:00,ev_K,K,4,
20190122044600,2019-01-22 04:46:00,2019-01-22 12:00:00,ev_C,C,9,
20190122044610,2019-01-22 04:46:10,2019-01-22 12:00:00,ev_C,C,17,
20190122044620,2019-01-22 04:46:20,2019-01-22 12:00:00,ev_C,C,3,
20190122044630,2019-01-22 04:46:30,2019-01-22 12:00:00,ev_C,C,16,
20190122044640,2019-01-22 04:46:40,2019-01-22 12:00:00,ev_C,C,6,
20190122044650,2019-01-22 04:46:50,2019-01-22 12:00:00,ev_C,C,8,
20190122044700,2019-01-22 04:47:00,2019-01-22 12:00:00,ev_C,C,18,
20190122044710,2019-01-22 04:47:10,2019-01-22 12:00:00,ev_C,C,4,
20190122044720,2019-01-22 04:47:20,2019-01-22 12:00:00,ev_N,K,3,
20190122044730,2019-01-22 04:47:30,2019-01-22 12:00:00,ev_C,C,7,
20190122044740,2019-01-22 04:47:40,2019-01-22 12:00:00,ev_C,C,17,
20190122044750,2019-01-22 04:47:50,2019-01-22 12:00:00,ev_C,C,7,
20190122044800,2019-01-22 04:48:00,2019-01-22 12:00:00,ev_K,K,2,
20190122044810,2019-01-22 04:48:10,2019-01-22 12:00:00,ev_C,C,20,
20190122044820,2019-01-22 04:48:20,2019-01-22 12:00:00,ev_C,C,5,
20190122044830,2019-01-22 04:48:30,2019-01-22 12:00:00,ev_C,C,7,
20190122044840,2019-01-22 04:48:40,2019-01-22 12:00:00,ev_C,C,1,
20190122044850,2019-01-22 04:48:50,2019-01-22 12:00:00,ev_C,C,7,
20190122044900,2019-01-22 04:49:00,2019-01-22 12:00:00,ev_C,C,18,
20190122044910,2019-01-22 04:49:10,2019-01-22 12:00:00,ev_C,C,18,
20190122044920,2019-01-22 04:49:20,2019-01-22 12:00:00,ev_C,C,2,
20190122044930,2019-01-22 04:49:30,2019-01-22 12:00:00,ev_C,C,14,
20190122044940,2019-01-22 04:49:40,2019-01-22 12:00:00,ev_C,C,4,
20190122044950,2019-01-22 04:49:50,2019-01-22 12:00:00,ev_C,C,7,
20190122045000,2019-01-22 04:50:00,2019-01-22 12:00:00,ev_C,C,5,
20190122045010,2019-01-22 04:50:10,2019-01-22 12:00:00,ev_C,C,14,
20190122045020,2019-01-22 04:50:20,2019-01-22 12:00:00,ev_C,C,9,
20190122045030,2019-01-22 04:50:30,2019-01-22 12:00:00,ev_K,K,5,
20190122045040,2019-01-22 04:50:40,2019-01-22 12:00:00,ev_C,C,3,
20190122045050,2019-01-22 04:50:50,2019-01-22 12:00:00,ev_C,C,14,
20190122045100,2019-01-22 04:51:00,2019-01-22 12:00:00,ev_C,C,2,
20190122045110,2019-01-22 04:51:10,2019-01-22 12:00:00,ev_K,K,5,
20190122045120,2019-01-22 04:51:20,2019-01-22 12:00:00,ev_C,C,12,
20190122045130,2019-01-22 04:51:30,2019-01-22 12:00:00,ev_C,C,13,
20190122045140,2019-01-22 04:51:40,2019-01-22 12:00:00,ev_K,K,3,
20190122045150,2019-01-22 04:51:50,2019-01-22 12:00:00,ev_K,K,3,
20190122045200,2019-01-22 04:52:00,2019-01-22 12:00:00,ev_C,C,6,
20190122045210,2019-01-22 04:52:10,2019-01-22 12:00:00,ev_C,C,9,
20190122045220,2019-01-22 04:52:20,2019-01-22 12:00:00,ev_C,C,10,
20190122045230,2019-01-22 04:52:30,2019-01-22 12:00:00,ev_C,C,13,
20190122045240,2019-01-22 04:52:40,2019-01-22 12:00:00,ev_C,C,1,
20190122045250,2019-01-22 04:52:50,2019-01-22 12:00:00,ev_C,C,20,
20190122045300,2019-01-22 04:53:00,2019-01-22 12:00:00,ev_K,K,3,
20190122045310,2019-01-22 04:53:10,2019-01-22 12:00:00,ev_K,K,4,
20190122045320,2019-01-22 04:53:20,2019-01-22 12:00:00,ev_K,K,4,
20190122045330,2019-01-22 04:53:30,2019-01-22 12:00:00,ev_C,C,13,
20190122045340,2019-01-22 04:53:40,2019-01-22 12:00:00,ev_C,C,19,
20190122045350,2019-01-22 04:53:50,2019-01-22 12:00:00,ev_C,C,14,
20190122045400,2019-01-22 04:54:00,2019-01-22 12:00:00,ev_C,C,13,
20190122045410,2019-01-22 04:54:10,2019-01-22 12:00:00,ev_C,C,5,
20190122045420,2019-01-22 04:54:20,2019-01-22 12:00:00,ev_C,C,5,
20190122045430,2019-01-22 04:54:30,2019-01-22 12:00:00,ev_N,K,4,
20190122045440,2019-01-22 04:54:40,2019-01-22 12:00:00,ev_C,C,20,
20190122045450,2019-01-22 04:54:50,2019-01-22 12:00:00,ev_C,C,15,
20190122045500,2019-01-22 04:55:00,2019-01-22 12:00:00,ev_N,K,3,
20190122045510,2019-01-22 04:55:10,2019-01-22 12:00:00,ev_C,C,5,
20190122045520,2019-01-22 04:55:20,2019-01-22 12:00:00,ev_C,C,9,
20190122045530,2019-01-22 04:55:30,2019-01-22 12:00:00,ev_C,C,15,
20190122045540,2019-01-22 04:55:40,2019-01-22 12:00:00,ev_C,C,13,
20190122045550,2019-01-22 04:55:50,2019-01-22 12:00:00,ev_C,C,2,
20190122045600,2019-01-22 04:56:00,2019-01-22 12:00:00,ev_N,K,4,
20190122045610,2019-01-22 04:56:10,2019-01-22 12:00:00,ev_C,C,20,
20190122045620,2019-01-22 04:56:20,2019-01-22 12:00:00,ev_C,C,11,
20190122045630,2019-01-22 04:56:30,2019-01-22 12:00:00,ev_C,C,6,
20190122045640,2019-01-22 04:56:40,2019-01-22 12:00:00,ev_C,C,2,
20190122045650,2019-01-22 04:56:50,2019-01-22 12:00:00,ev_C,C,16,
20190122045700,2019-01-22 04:57:00,2019-01-22 12:00:00,ev_C,C,5,
20190122045710,2019-01-22 04:57:10,2019-01-22 12:00:00,ev_C,C,11,
20190122045720,2019-01-22 04:57:20,2019-01-22 12:00:00,ev_K,K,2,
20190122045730,2019-01-22 04:57:30,2019-01-22 12:00:00,ev_C,C,9,
20190122045740,2019-01-22 04:57:40,2019-01-22 12:00:00,ev_C,C,15,
20190122045750,2019-01-22 04:57:50,2019-01-22 12:00:00,ev_C,C,7,
20190122045800,2019-01-22 04:58:00,2019-01-22 12:00:00,ev_C,C,8,
20190122045810,2019-01-22 04:58:10,2019-01-22 12:00:00,ev_C,C,6,
20190122045820,2019-01-22 04:58:20,2019-01-22 12:00:00,ev_C,C,19,
20190122045830,2019-01-22 04:58:30,2019-01-22 12:00:00,ev_C,C,19,
20190122045840,2019-01-22 04:58:40,2019-01-22 12:00:00,ev_C,C,19,
20190122045850,2019-01-22 04:58:50,2019-01-22 12:00:00,ev_C,C,15,
20190122045900,2019-01-22 04:59:00,2019-01-22 12:00:00,ev_K,K,1,
20190122045910,2019-01-22 04:59:10,2019-01-22 12:00:00,ev_C,C,8,
20190122045920,2019-01-22 04:59:20,2019-01-22 12:00:00,ev_N,K,2,
20190122045930,2019-01-22 04:59:30,2019-01-22 12:00:00,ev_C,C,19,
20190122045940,2019-01-22 04:59:40,2019-01-22 12:00:00,ev_K,K,4,
20190122045950,2019-01-22 04:59:50,2019-01-22 12:00:00,ev_C,C,10,
20190122050000,2019-01-22 05:00:00,2019-01-22 12:00:00,ev_C,C,8,
20190122050010,2019-01-22 05:00:10,2019-01-22 12:00:00,ev_C,C,19,
20190122050020,2019-01-22 05:00:20,2019-01-22 12:00:00,ev_C,C,3,
20190122050030,2019-01-22 05:00:30,2019-01-22 12:00:00,ev_C,C,10,
20190122050040,2019-01-22 05:00:40,2019-01-22 12:00:00,ev_C,C,1,
20190122050050,2019-01-22 05:00:50,2019-01-22 12:00:00,ev_C,C,7,
20190122050100,2019-01-22 05:01:00,2019-01-22 12:00:00,ev_C,C,14,
20190122050110,2019-01-22 05:01:10,2019-01-22 12:00:00,ev_C,C,9,
20190122050120,2019-01-22 05:01:20,2019-01-22 12:00:00,ev_N,K,5,
20190122050130,2019-01-22 05:01:30,2019-01-22 12:00:00,ev_C,C,16,
20190122050140,2019-01-22 05:01:40,2019-01-22 12:00:00,ev_K,K,2,
20190122050150,2019-01-22 05:01:50,2019-01-22 12:00:00,ev_N,K,2,
20190122050200,2019-01-22 05:02:00,2019-01-22 12:00:00,ev_C,C,7,
20190122050210,2019-01-22 05:02:10,2019-01-22 12:00:00,ev_C,C,2,
20190122050220,2019-01-22 05:02:20,2019-01-22 12:00:00,ev_C,C,7,
20190122050230,2019-01-22 05:02:30,2019-01-22 12:00:00,ev_C,C,18,
20190122050240,2019-01-22 05:02:40,2019-01-22 12:00:00,ev_K,K,5,
20190122050250,2019-01-22 05:02:50,2019-01-22 12:00:00,ev_C,C,6,
20190122050300,2019-01-22 05:03:00,2019-01-22 12:00:00,ev_C,C,5,
20190122050310,2019-01-22 05:03:10,2019-01-22 12:00:00,ev_C,C,1,
20190122050320,2019-01-22 05:03:20,2019-01-22 12:00:00,ev_N,K,1,
20190122050330,2019-01-22 05:03:30,2019-01-22 12:00:00,ev_C,C,7,
20190122050340,2019-01-22 05:03:40,2019-01-22 12:00:00,ev_C,C,7,
20190122050350,2019-01-22 05:03:50,2019-01-22 12:00:00,ev_C,C,7,
20190122050400,2019-01-22 05:04:00,2019-01-22 12:00:00,ev_C,C,20,
20190122050410,2019-01-22 05:04:10,2019-01-22 12:00:00,ev_K,K,5,
20190122050420,2019-01-22 05:04:20,2019-01-22 12:00:00,ev_C,C,13,
20190122050430,2019-01-22 05:04:30,2019-01-22 12:00:00,ev_N,K,4,
20190122050440,2019-01-22 05:04:40,2019-01-22 12:00:00,ev_K,K,5,
20190122050450,2019-01-22 05:04:50,2019-01-22 12:00:00,ev_C,C,20,
20190122050500,2019-01-22 05:05:00,2019-01-22 12:00:00,ev_C,C,1,
20190122050510,2019-01-22 05:05:10,2019-01-22 12:00:00,ev_C,C,15,
20190122050520,2019-01-22 05:05:20,2019-01-22 12:00:00,ev_C,C,15,
20190122050530,2019-01-22 05:05:30,2019-01-22 12:00:00,ev_C,C,2,
20190122050540,2019-01-22 05:05:40,2019-01-22 12:00:00,ev_C,C,9,
20190122050550,2019-01-22 05:05:50,2019-01-22 12:00:00,ev_C,C,20,
20190122050600,2019-01-22 05:06:00,2019-01-22 12:00:00,ev_K,K,5,
20190122050610,2019-01-22 05:06:10,2019-01-22 12:00:00,ev_C,C,4,
20190122050620,2019-01-22 05:06:20,2019-01-22 12:00:00,ev_C,C,12,
20190122050630,2019-01-22 05:06:30,2019-01-22 12:00:00,ev_C,C,2,
20190122050640,2019-01-22 05:06:40,2019-01-22 12:00:00,ev_C,C,17,
20190122050650,2019-01-22 05:06:50,2019-01-22 12:00:00,ev_C,C,20,
20190122050700,2019-01-22 05:07:00,2019-01-22 12:00:00,ev_C,C,4,
20190122050710,2019-01-22 05:07:10,2019-01-22 12:00:00,ev_C,C,19,
20190122050720,2019-01-22 05:07:20,2019-01-22 12:00:00,ev_C,C,6,
20190122050730,2019-01-22 05:07:30,2019-01-22 12:00:00,ev_C,C,3,
20190122050740,2019-01-22 05:07:40,2019-01-22 12:00:00,ev_N,K,2,
20190122050750,2019-01-22 05:07:50,2019-01-22 12:00:00,ev_K,K,3,
20190122050800,2019-01-22 05:08:00,2019-01-22 12:00:00,ev_C,C,20,
20190122050810,2019-01-22 05:08:10,2019-01-22 12:00:00,ev_C,C,3,
20190122050820,2019-01-22 05:08:20,2019-01-22 12:00:00,ev_C,C,3,
20190122050830,2019-01-22 05:08:30,2019-01-22 12:00:00,ev_K,K,4,
20190122050840,2019-01-22 05:08:40,2019-01-22 12:00:00,ev_C,C,2,
20190122050850,2019-01-22 05:08:50,2019-01-22 12:00:00,ev_N,K,5,
20190122050900,2019-01-22 05:09:00,2019-01-22 12:00:00,ev_C,C,17,
20190122050910,2019-01-22 05:09:10,2019-01-22 12:00:00,ev_K,K,2,
20190122050920,2019-01-22 05:09:20,2019-01-22 12:00:00,ev_C,C,15,
20190122050930,2019-01-22 05:09:30,2019-01-22 12:00:00,ev_C,C,15,
20190122050940,2019-01-22 05:09:40,2019-01-22 12:00:00,ev_C,C,12,
20190122050950,2019-01-22 05:09:50,2019-01-22 12:00:00,ev_K,K,5,
20190122051000,2019-01-22 05:10:00,2019-01-22 12:00:00,ev_K,K,3,
20190122051010,2019-01-22 05:10:10,2019-01-22 12:00:00,ev_C,C,7,
20190122051020,2019-01-22 05:10:20,2019-01-22 12:00:00,ev_K,K,4,
20190122051030,2019-01-22 05:10:30,2019-01-22 12:00:00,ev_C,C,1,
20190122051040,2019-01-22 05:10:40,2019-01-22 12:00:00,ev_C,C,8,
20190122051050,2019-01-22 05:10:50,2019-01-22 12:00:00,ev_C,C,10,
20190122051100,2019-01-22 05:11:00,2019-01-22 12:00:00,ev_C,C,11,
20190122051110,2019-01-22 05:11:10,2019-01-22 12:00:00,ev_K,K,5,
20190122051120,2019-01-22 05:11:20,2019-01-22 12:00:00,ev_C,C,9,
20190122051130,2019-01-22 05:11:30,2019-01-22 12:00:00,ev_C,C,5,
20190122051140,2019-01-22 05:11:40,2019-01-22 12:00:00,ev_C,C,20,
20190122051150,2019-01-22 05:11:50,2019-01-22 12:00:00,ev_C,C,5,
20190122051200,2019-01-22 05:12:00,2019-01-22 12:00:00,ev_C,C,7,
20190122051210,2019-01-22 05:12:10,2019-01-22 12:00:00,ev_C,C,11,
20190122051220,2019-01-22 05:12:20,2019-01-22 12:00:00,ev_N,K,3,
20190122051230,2019-01-22 05:12:30,2019-01-22 12:00:00,ev_C,C,17,
20190122051240,2019-01-22 05:12:40,2019-01-22 12:00:00,ev_K,K,3,
20190122051250,2019-01-22 05:12:50,2019-01-22 12:00:00,ev_C,C,12,
20190122051300,2019-01-22 05:13:00,2019-01-22 12:00:00,ev_C,C,1,
20190122051310,2019-01-22 05:13:10,2019-01-22 12:00:00,ev_N,K,1,
20190122051320,2019-01-22 05:13:20,2019-01-22 12:00:00,ev_C,C,12,
20190122051330,2019-01-22 05:13:30,2019-01-22 12:00:00,ev_C,C,12,
20190122051340,2019-01-22 05:13:40,2019-01-22 12:00:00,ev_C,C,1,
20190122051350,2019-01-22 05:13:50,2019-01-22 12:00:00,ev_C,C,12,
20190122051400,2019-01-22 05:14:00,2019-01-22 12:00:00,ev_K,K,1,
20190122051410,2019-01-22 05:14:10,2019-01-22 12:00:00,ev_C,C,16,
20190122051420,2019-01-22 05:14:20,2019-01-22 12:00:00,ev_C,C,13,
20190122051430,2019-01-22 05:14:30,2019-01-22 12:00:00,ev_C,C,20,
20190122051440,2019-01-22 05:14:40,2019-01-22 12:00:00,ev_C,C,4,
20190122051450,2019-01-22 05:14:50,2019-01-22 12:00:00,ev_C,C,10,
20190122051500,2019-01-22 05:15:00,2019-01-22 12:00:00,ev_N,K,2,
20190122051510,2019-01-22 05:15:10,2019-01-22 12:00:00,ev_N,K,5,
20190122051520,2019-01-22 05:15:20,2019-01-22 12:00:00,ev_C,C,2,
20190122051530,2019-01-22 05:15:30,2019-01-22 12:00:00,ev_C,C,7,
20190122051540,2019-01-22 05:15:40,2019-01-22 12:00:00,ev_N,K,1,
20190122051550,2019-01-22 05:15:50,2019-01-22 12:00:00,ev_K,K,5,
20190122051600,2019-01-22 05:16:00,2019-01-22 12:00:00,ev_C,C,15,
20190122051610,2019-01-22 05:16:10,2019-01-22 12:00:00,ev_C,C,1,
20190122051620,2019-01-22 05:16:20,2019-01-22 12:00:00,ev_C,C,4,
20190122051630,2019-01-22 05:16:30,2019-01-22 12:00:00,ev_C,C,2,
20190122051640,2019-01-22 05:16:40,2019-01-22 12:00:00,ev_C,C,15,
20190122051650,2019-01-22 05:16:50,2019-01-22 12:00:00,ev_C,C,19,
20190122051700,2019-01-22 05:17:00,2019-01-22 12:00:00,ev_C,C,11,
20190122051710,2019-01-22 05:17:10,2019-01-22 12:00:00,ev_C,C,9,
20190122051720,2019-01-22 05:17:20,2019-01-22 12:00:00,ev_K,K,3,
20190122051730,2019-01-22 05:17:30,2019-01-22 12:00:00,ev_N,K,1,
20190122051740,2019-01-22 05:17:40,2019-01-22 12:00:00,ev_C,C,18,
20190122051750,2019-01-22 05:17:50,2019-01-22 12:00:00,ev_K,K,3,
20190122051800,2019-01-22 05:18:00,2019-01-22 12:00:00,ev_K,K,1,
20190122051810,2019-01-22 05:18:10,2019-01-22 12:00:00,ev_N,K,4,
20190122051820,2019-01-22 05:18:20,2019-01-22 12:00:00,ev_C,C,17,
20190122051830,2019-01-22 05:18:30,2019-01-22 12:00:00,ev_N,K,3,
20190122051840,2019-01-22 05:18:40,2019-01-22 12:00:00,ev_C,C,3,
20190122051850,2019-01-22 05:18:50,2019-01-22 12:00:00,ev_C,C,14,
20190122051900,2019-01-22 05:19:00,2019-01-22 12:00:00,ev_C,C,18,
20190122051910,2019-01-22 05:19:10,2019-01-22 12:00:00,ev_C,C,5,
20190122051920,2019-01-22 05:19:20,2019-01-22 12:00:00,ev_C,C,12,
20190122051930,2019-01-22 05:19:30,2019-01-22 12:00:00,ev_K,K,5,
20190122051940,2019-01-22 05:19:40,2019-01-22 12:00:00,ev_K,K,2,
20190122051950,2019-01-22 05:19:50,2019-01-22 12:00:00,ev_C,C,15,
20190122052000,2019-01-22 05:20:00,2019-01-22 12:00:00,ev_C,C,19,
20190122052010,2019-01-22 05:20:10,2019-01-22 12:00:00,ev_C,C,5,
20190122052020,2019-01-22 05:20:20,2019-01-22 12:00:00,ev_C,C,4,
20190122052030,2019-01-22 05:20:30,2019-01-22 12:00:00,ev_C,C,11,
20190122052040,2019-01-22 05:20:40,2019-01-22 12:00:00,ev_C,C,4,
20190122052050,2019-01-22 05:20:50,2019-01-22 12:00:00,ev_C,C,4,
20190122052100,2019-01-22 05:21:00,2019-01-22 12:00:00,ev_C,C,11,
20190122052110,2019-01-22 05:21:10,2019-01-22 12:00:00,ev_C,C,15,
20190122052120,2019-01-22 05:21:20,2019-01-22 12:00:00,ev_C,C,14,
20190122052130,2019-01-22 05:21:30,2019-01-22 12:00:00,ev_C,C,13,
20190122052140,2019-01-22 05:21:40,2019-01-22 12:00:00,ev_C,C,2,
20190122052150,2019-01-22 05:21:50,2019-01-22 12:00:00,ev_C,C,1,
20190122052200,2019-01-22 05:22:00,2019-01-22 12:00:00,ev_C,C,5,
20190122052210,2019-01-22 05:22:10,2019-01-22 12:00:00,ev_N,K,3,
20190122052220,2019-01-22 05:22:20,2019-01-22 12:00:00,ev_C,C,12,
20190122052230,2019-01-22 05:22:30,2019-01-22 12:00:00,ev_C,C,19,
20190122052240,2019-01-22 05:22:40,2019-01-22 12:00:00,ev_C,C,1,
20190122052250,2019-01-22 05:22:50,2019-01-22 12:00:00,ev_C,C,5,
20190122052300,2019-01-22 05:23:00,2019-01-22 12:00:00,ev_C,C,12,
20190122052310,2019-01-22 05:23:10,2019-01-22 12:00:00,ev_C,C,7,
20190122052320,2019-01-22 05:23:20,2019-01-22 12:00:00,ev_C,C,2,
20190122052330,2019-01-22 05:23:30,2019-01-22 12:00:00,ev_C,C,18,
20190122052340,2019-01-22 05:23:40,2019-01-22 12:00:00,ev_K,K,2,
20190122052350,2019-01-22 05:23:50,2019-01-22 12:00:00,ev_C,C,6,
20190122052400,2019-01-22 05:24:00,2019-01-22 12:00:00,ev_K,K,5,
20190122052410,2019-01-22 05:24:10,2019-01-22 12:00:00,ev_K,K,3,
20190122052420,2019-01-22 05:24:20,2019-01-22 12:00:00,ev_C,C,13,
20190122052430,2019-01-22 05:24:30,2019-01-22 12:00:00,ev_K,K,3,
20190122052440,2019-01-22 05:24:40,2019-01-22 12:00:00,ev_C,C,18,
20190122052450,2019-01-22 05:24:50,2019-01-22 12:00:00,ev_C,C,18,
20190122052500,2019-01-22 05:25:00,2019-01-22 12:00:00,ev_C,C,8,
20190122052510,2019-01-22 05:25:10,2019-01-22 12:00:00,ev_C,C,2,
20190122052520,2019-01-22 05:25:20,2019-01-22 12:00:00,ev_C,C,9,
20190122052530,2019-01-22 05:25:30,2019-01-22 12:00:00,ev_K,K,4,
20190122052540,2019-01-22 05:25:40,2019-01-22 12:00:00,ev_C,C,13,
20190122052550,2019-01-22 05:25:50,2019-01-22 12:00:00,ev_C,C,2,
20190122052600,2019-01-22 05:26:00,2019-01-22 12:00:00,ev_C,C,17,
20190122052610,2019-01-22 05:26:10,2019-01-22 12:00:00,ev_C,C,12,
20190122052620,2019-01-22 05:26:20,2019-01-22 12:00:00,ev_C,C,17,
20190122052630,2019-01-22 05:26:30,2019-01-22 12:00:00,ev_C,C,19,
20190122052640,2019-01-22 05:26:40,2019-01-22 12:00:00,ev_K,K,1,
20190122052650,2019-01-22 05:26:50,2019-01-22 12:00:00,ev_K,K,2,
20190122052700,2019-01-22 05:27:00,2019-01-22 12:00:00,ev_C,C,19,
20190122052710,2019-01-22 05:27:10,2019-01-22 12:00:00,ev_K,K,4,
20190122052720,2019-01-22 05:27:20,2019-01-22 12:00:00,ev_C,C,10,
20190122052730,2019-01-22 05:27:30,2019-01-22 12:00:00,ev_N,K,3,
20190122052740,2019-01-22 05:27:40,2019-01-22 12:00:00,ev_C,C,20,
20190122052750,2019-01-22 05:27:50,2019-01-22 12:00:00,ev_K,K,1,
20190122052800,2019-01-22 05:28:00,2019-01-22 12:00:00,ev_C,C,2,
20190122052810,2019-01-22 05:28:10,2019-01-22 12:00:00,ev_C,C,8,
20190122052820,2019-01-22 05:28:20,2019-01-22 12:00:00,ev_N,K,4,
20190122052830,2019-01-22 05:28:30,2019-01-22 12:00:00,ev_C,C,14,
20190122052840,2019-01-22 05:28:40,2019-01-22 12:00:00,ev_C,C,4,
20190122052850,2019-01-22 05:28:50,2019-01-22 12:00:00,ev_C,C,6,
20190122052900,2019-01-22 05:29:00,2019-01-22 12:00:00,ev_C,C,15,
20190122052910,2019-01-22 05:29:10,2019-01-22 12:00:00,ev_C,C,6,
20190122052920,2019-01-22 05:29:20,2019-01-22 12:00:00,ev_K,K,3,
20190122052930,2019-01-22 05:29:30,2019-01-22 12:00:00,ev_K,K,5,
20190122052940,2019-01-22 05:29:40,2019-01-22 12:00:00,ev_C,C,4,
20190122052950,2019-01-22 05:29:50,2019-01-22 12:00:00,ev_N,K,5,
20190122053000,2019-01-22 05:30:00,2019-01-22 12:00:00,ev_C,C,19,
20190122053010,2019-01-22 05:30:10,2019-01-22 12:00:00,ev_N,K,1,
20190122053020,2019-01-22 05:30:20,2019-01-22 12:00:00,ev_C,C,17,
20190122053030,2019-01-22 05:30:30,2019-01-22 12:00:00,ev_C,C,19,
20190122053040,2019-01-22 05:30:40,2019-01-22 12:00:00,ev_K,K,4,
20190122053050,2019-01-22 05:30:50,2019-01-22 12:00:00,ev_C,C,17,
20190122053100,2019-01-22 05:31:00,2019-01-22 12:00:00,ev_C,C,18,
20190122053110,2019-01-22 05:31:10,2019-01-22 12:00:00,ev_C,C,7,
20190122053120,2019-01-22 05:31:20,2019-01-22 12:00:00,ev_K,K,2,
20190122053130,2019-01-22 05:31:30,2019-01-22 12:00:00,ev_C,C,3,
20190122053140,2019-01-22 05:31:40,2019-01-22 12:00:00,ev_C,C,7,
20190122053150,2019-01-22 05:31:50,2019-01-22 12:00:00,ev_C,C,4,
20190122053200,2019-01-22 05:32:00,2019-01-22 12:00:00,ev_C,C,12,
20190122053210,2019-01-22 05:32:10,2019-01-22 12:00:00,ev_C,C,12,
20190122053220,2019-01-22 05:32:20,2019-01-22 12:00:00,ev_C,C,9,
20190122053230,2019-01-22 05:32:30,2019-01-22 12:00:00,ev_K,K,1,
20190122053240,2019-01-22 05:32:40,2019-01-22 12:00:00,ev_C,C,8,
20190122053250,2019-01-22 05:32:50,2019-01-22 12:00:00,ev_C,C,4,
20190122053300,2019-01-22 05:33:00,2019-01-22 12:00:00,ev_C,C,12,
20190122053310,2019-01-22 05:33:10,2019-01-22 12:00:00,ev_C,C,16,
20190122053320,2019-01-22 05:33:20,2019-01-22 12:00:00,ev_C,C,1,
20190122053330,2019-01-22 05:33:30,2019-01-22 12:00:00,ev_C,C,12,
20190122053340,2019-01-22 05:33:40,2019-01-22 12:00:00,ev_K,K,4,
20190122053350,2019-01-22 05:33:50,2019-01-22 12:00:00,ev_C,C,14,
20190122053400,2019-01-22 05:34:00,2019-01-22 12:00:00,ev_C,C,1,
20190122053410,2019-01-22 05:34:10,2019-01-22 12:00:00,ev_C,C,6,
20190122053420,2019-01-22 05:34:20,2019-01-22 12:00:00,ev_C,C,7,
20190122053430,2019-01-22 05:34:30,2019-01-22 12:00:00,ev_C,C,15,
20190122053440,2019-01-22 05:34:40,2019-01-22 12:00:00,ev_C,C,15,
20190122053450,2019-01-22 05:34:50,2019-01-22 12:00:00,ev_C,C,13,
20190122053500,2019-01-22 05:35:00,2019-01-22 12:00:00,ev_C,C,8,
20190122053510,2019-01-22 05:35:10,2019-01-22 12:00:00,ev_C,C,19,
20190122053520,2019-01-22 05:35:20,2019-01-22 12:00:00,ev_C,C,7,
20190122053530,2019-01-22 05:35:30,2019-01-22 12:00:00,ev_C,C,1,
20190122053540,2019-01-22 05:35:40,2019-01-22 12:00:00,ev_C,C,7,
20190122053550,2019-01-22 05:35:50,2019-01-22 12:00:00,ev_C,C,14,
20190122053600,2019-01-22 05:36:00,2019-01-22 12:00:00,ev_K,K,2,
20190122053610,2019-01-22 05:36:10,2019-01-22 12:00:00,ev_C,C,1,
20190122053620,2019-01-22 05:36:20,2019-01-22 12:00:00,ev_C,C,1,
20190122053630,2019-01-22 05:36:30,2019-01-22 12:00:00,ev_C,C,3,
20190122053640,2019-01-22 05:36:40,2019-01-22 12:00:00,ev_C,C,4,
20190122053650,2019-01-22 05:36:50,2019-01-22 12:00:00,ev_C,C,10,
20190122053700,2019-01-22 05:37:00,2019-01-22 12:00:00,ev_C,C,3,
20190122053710,2019-01-22 05:37:10,2019-01-22 12:00:00,ev_C,C,5,
20190122053720,2019-01-22 05:37:20,2019-01-22 12:00:00,ev_C,C,18,
20190122053730,2019-01-22 05:37:30,2019-01-22 12:00:00,ev_C,C,14,
20190122053740,2019-01-22 05:37:40,2019-01-22 12:00:00,ev_C,C,8,
20190122053750,2019-01-22 05:37:50,2019-01-22 12:00:00,ev_C,C,7,
20190122053800,2019-01-22 05:38:00,2019-01-22 12:00:00,ev_K,K,4,
20190122053810,2019-01-22 05:38:10,2019-01-22 12:00:00,ev_C,C,20,
20190122053820,2019-01-22 05:38:20,2019-01-22 12:00:00,ev_N,K,5,
20190122053830,2019-01-22 05:38:30,2019-01-22 12:00:00,ev_C,C,8,
20190122053840,2019-01-22 05:38:40,2019-01-22 12:00:00,ev_C,C,15,
20190122053850,2019-01-22 05:38:50,2019-01-22 12:00:00,ev_C,C,2,
20190122053900,2019-01-22 05:39:00,2019-01-22 12:00:00,ev_K,K,2,
20190122053910,2019-01-22 05:39:10,2019-01-22 12:00:00,ev_C,C,9,
20190122053920,2019-01-22 05:39:20,2019-01-22 12:00:00,ev_C,C,1,
20190122053930,2019-01-22 05:39:30,2019-01-22 12:00:00,ev_C,C,4,
20190122053940,2019-01-22 05:39:40,2019-01-22 12:00:00,ev_K,K,5,
20190122053950,2019-01-22 05:39:50,2019-01-22 12:00:00,ev_C,C,9,
20190122054000,2019-01-22 05:40:00,2019-01-22 12:00:00,ev_C,C,9,
20190122054010,2019-01-22 05:40:10,2019-01-22 12:00:00,ev_C,C,8,
20190122054020,2019-01-22 05:40:20,2019-01-22 12:00:00,ev_C,C,17,
20190122054030,2019-01-22 05:40:30,2019-01-22 12:00:00,ev_K,K,4,
20190122054040,2019-01-22 05:40:40,2019-01-22 12:00:00,ev_C,C,11,
20190122054050,2019-01-22 05:40:50,2019-01-22 12:00:00,ev_K,K,2,
20190122054100,2019-01-22 05:41:00,2019-01-22 12:00:00,ev_C,C,5,
20190122054110,2019-01-22 05:41:10,2019-01-22 12:00:00,ev_C,C,11,
20190122054120,2019-01-22 05:41:20,2019-01-22 12:00:00,ev_C,C,14,
20190122054130,2019-01-22 05:41:30,2019-01-22 12:00:00,ev_C,C,16,
20190122054140,2019-01-22 05:41:40,2019-01-22 12:00:00,ev_C,C,11,
20190122054150,2019-01-22 05:41:50,2019-01-22 12:00:00,ev_C,C,3,
20190122054200,2019-01-22 05:42:00,2019-01-22 12:00:00,ev_C,C,13,
20190122054210,2019-01-22 05:42:10,2019-01-22 12:00:00,ev_K,K,1,
20190122054220,2019-01-22 05:42:20,2019-01-22 12:00:00,ev_C,C,14,
20190122054230,2019-01-22 05:42:30,2019-01-22 12:00:00,ev_C,C,1,
20190122054240,2019-01-22 05:42:40,2019-01-22 12:00:00,ev_C,C,4,
20190122054250,2019-01-22 05:42:50,2019-01-22 12:00:00,ev_C,C,13,
20190122054300,2019-01-22 05:43:00,2019-01-22 12:00:00,ev_C,C,8,
20190122054310,2019-01-22 05:43:10,2019-01-22 12:00:00,ev_C,C,3,
20190122054320,2019-01-22 05:43:20,2019-01-22 12:00:00,ev_C,C,11,
20190122054330,2019-01-22 05:43:30,2019-01-22 12:00:00,ev_C,C,7,
20190122054340,2019-01-22 05:43:40,2019-01-22 12:00:00,ev_C,C,5,
20190122054350,2019-01-22 05:43:50,2019-01-22 12:00:00,ev_C,C,2,
20190122054400,2019-01-22 05:44:00,2019-01-22 12:00:00,ev_C,C,2,
20190122054410,2019-01-22 05:44:10,2019-01-22 12:00:00,ev_N,K,2,
20190122054420,2019-01-22 05:44:20,2019-01-22 12:00:00,ev_C,C,11,
20190122054430,2019-01-22 05:44:30,2019-01-22 12:00:00,ev_C,C,15,
20190122054440,2019-01-22 05:44:40,2019-01-22 12:00:00,ev_C,C,3,
20190122054450,2019-01-22 05:44:50,2019-01-22 12:00:00,ev_C,C,7,
20190122054500,2019-01-22 05:45:00,2019-01-22 12:00:00,ev_K,K,2,
20190122054510,2019-01-22 05:45:10,2019-01-22 12:00:00,ev_K,K,3,
20190122054520,2019-01-22 05:45:20,2019-01-22 12:00:00,ev_C,C,13,
20190122054530,2019-01-22 05:45:30,2019-01-22 12:00:00,ev_C,C,20,
20190122054540,2019-01-22 05:45:40,2019-01-22 12:00:00,ev_C,C,1,
20190122054550,2019-01-22 05:45:50,2019-01-22 12:00:00,ev_N,K,2,
20190122054600,2019-01-22 05:46:00,2019-01-22 12:00:00,ev_N,K,3,
20190122054610,2019-01-22 05:46:10,2019-01-22 12:00:00,ev_C,C,5,
20190122054620,2019-01-22 05:46:20,2019-01-22 12:00:00,ev_C,C,15,
20190122054630,2019-01-22 05:46:30,2019-01-22 12:00:00,ev_C,C,18,
20190122054640,2019-01-22 05:46:40,2019-01-22 12:00:00,ev_K,K,4,
20190122054650,2019-01-22 05:46:50,2019-01-22 12:00:00,ev_C,C,8,
20190122054700,2019-01-22 05:47:00,2019-01-22 12:00:00,ev_C,C,12,
20190122054710,2019-01-22 05:47:10,2019-01-22 12:00:00,ev_C,C,12,
20190122054720,2019-01-22 05:47:20,2019-01-22 12:00:00,ev_C,C,3,
20190122054730,2019-01-22 05:47:30,2019-01-22 12:00:00,ev_K,K,4,
20190122054740,2019-01-22 05:47:40,2019-01-22 12:00:00,ev_C,C,16,
20190122054750,2019-01-22 05:47:50,2019-01-22 12:00:00,ev_C,C,2,
20190122054800,2019-01-22 05:48:00,2019-01-22 12:00:00,ev_C,C,14,
20190122054810,2019-01-22 05:48:10,2019-01-22 12:00:00,ev_C,C,11,
20190122054820,2019-01-22 05:48:20,2019-01-22 12:00:00,ev_C,C,11,
20190122054830,2019-01-22 05:48:30,2019-01-22 12:00:00,ev_C,C,16,
20190122054840,2019-01-22 05:48:40,2019-01-22 12:00:00,ev_C,C,4,
20190122054850,2019-01-22 05:48:50,2019-01-22 12:00:00,ev_C,C,9,
20190122054900,2019-01-22 05:49:00,2019-01-22 12:00:00,ev_K,K,2,
20190122054910,2019-01-22 05:49:10,2019-01-22 12:00:00,ev_K,K,2,
20190122054920,2019-01-22 05:49:20,2019-01-22 12:00:00,ev_C,C,20,
20190122054930,2019-01-22 05:49:30,2019-01-22 12:00:00,ev_C,C,7,
20190122054940,2019-01-22 05:49:40,2019-01-22 12:00:00,ev_K,K,4,
20190122054950,2019-01-22 05:49:50,2019-01-22 12:00:00,ev_C,C,1,
20190122055000,2019-01-22 05:50:00,2019-01-22 12:00:00,ev_C,C,9,
20190122055010,2019-01-22 05:50:10,2019-01-22 12:00:00,ev_C,C,7,
20190122055020,2019-01-22 05:50:20,2019-01-22 12:00:00,ev_C,C,16,
20190122055030,2019-01-22 05:50:30,2019-01-22 12:00:00,ev_C,C,16,
20190122055040,2019-01-22 05:50:40,2019-01-22 12:00:00,ev_C,C,9,
20190122055050,2019-01-22 05:50:50,2019-01-22 12:00:00,ev_K,K,4,
20190122055100,2019-01-22 05:51:00,2019-01-22 12:00:00,ev_C,C,5,
20190122055110,2019-01-22 05:51:10,2019-01-22 12:00:00,ev_C,C,12,
20190122055120,2019-01-22 05:51:20,2019-01-22 12:00:00,ev_C,C,16,
20190122055130,2019-01-22 05:51:30,2019-01-22 12:00:00,ev_C,C,17,
20190122055140,2019-01-22 05:51:40,2019-01-22 12:00:00,ev_C,C,10,
20190122055150,2019-01-22 05:51:50,2019-01-22 12:00:00,ev_C,C,12,
20190122055200,2019-01-22 05:52:00,2019-01-22 12:00:00,ev_K,K,1,
20190122055210,2019-01-22 05:52:10,2019-01-22 12:00:00,ev_C,C,4,
20190122055220,2019-01-22 05:52:20,2019-01-22 12:00:00,ev_C,C,18,
20190122055230,2019-01-22 05:52:30,2019-01-22 12:00:00,ev_K,K,2,
20190122055240,2019-01-22 05:52:40,2019-01-22 12:00:00,ev_K,K,5,
20190122055250,2019-01-22 05:52:50,2019-01-22 12:00:00,ev_N,K,2,
20190122055300,2019-01-22 05:53:00,2019-01-22 12:00:00,ev_K,K,4,
20190122055310,2019-01-22 05:53:10,2019-01-22 12:00:00,ev_K,K,2,
20190122055320,2019-01-22 05:53:20,2019-01-22 12:00:00,ev_K,K,1,
20190122055330,2019-01-22 05:53:30,2019-01-22 12:00:00,ev_C,C,13,
20190122055340,2019-01-22 05:53:40,2019-01-22 12:00:00,ev_C,C,9,
20190122055350,2019-01-22 05:53:50,2019-01-22 12:00:00,ev_C,C,6,
20190122055400,2019-01-22 05:54:00,2019-01-22 12:00:00,ev_C,C,16,
20190122055410,2019-01-22 05:54:10,2019-01-22 12:00:00,ev_K,K,3,
20190122055420,2019-01-22 05:54:20,2019-01-22 12:00:00,ev_C,C,2,
20190122055430,2019-01-22 05:54:30,2019-01-22 12:00:00,ev_C,C,6,
20190122055440,2019-01-22 05:54:40,2019-01-22 12:00:00,ev_C,C,9,
20190122055450,2019-01-22 05:54:50,2019-01-22 12:00:00,ev_C,C,12,
20190122055500,2019-01-22 05:55:00,2019-01-22 12:00:00,ev_C,C,19,
20190122055510,2019-01-22 05:55:10,2019-01-22 12:00:00,ev_C,C,12,
20190122055520,2019-01-22 05:55:20,2019-01-22 12:00:00,ev_C,C,13,
20190122055530,2019-01-22 05:55:30,2019-01-22 12:00:00,ev_C,C,17,
20190122055540,2019-01-22 05:55:40,2019-01-22 12:00:00,ev_K,K,4,
20190122055550,2019-01-22 05:55:50,2019-01-22 12:00:00,ev_C,C,13,
20190122055600,2019-01-22 05:56:00,2019-01-22 12:00:00,ev_C,C,18,
20190122055610,2019-01-22 05:56:10,2019-01-22 12:00:00,ev_K,K,4,
20190122055620,2019-01-22 05:56:20,2019-01-22 12:00:00,ev_C,C,7,
20190122055630,2019-01-22 05:56:30,2019-01-22 12:00:00,ev_C,C,14,
20190122055640,2019-01-22 05:56:40,2019-01-22 12:00:00,ev_K,K,4,
20190122055650,2019-01-22 05:56:50,2019-01-22 12:00:00,ev_C,C,4,
20190122055700,2019-01-22 05:57:00,2019-01-22 12:00:00,ev_K,K,4,
20190122055710,2019-01-22 05:57:10,2019-01-22 12:00:00,ev_C,C,8,
20190122055720,2019-01-22 05:57:20,2019-01-22 12:00:00,ev_K,K,4,
20190122055730,2019-01-22 05:57:30,2019-01-22 12:00:00,ev_C,C,16,
20190122055740,2019-01-22 05:57:40,2019-01-22 12:00:00,ev_C,C,15,
20190122055750,2019-01-22 05:57:50,2019-01-22 12:00:00,ev_C,C,16,
20190122055800,2019-01-22 05:58:00,2019-01-22 12:00:00,ev_C,C,8,
20190122055810,2019-01-22 05:58:10,2019-01-22 12:00:00,ev_C,C,2,
20190122055820,2019-01-22 05:58:20,2019-01-22 12:00:00,ev_K,K,1,
20190122055830,2019-01-22 05:58:30,2019-01-22 12:00:00,ev_C,C,15,
20190122055840,2019-01-22 05:58:40,2019-01-22 12:00:00,ev_C,C,1,
20190122055850,2019-01-22 05:58:50,2019-01-22 12:00:00,ev_C,C,13,
20190122055900,2019-01-22 05:59:00,2019-01-22 12:00:00,ev_C,C,18,
20190122055910,2019-01-22 05:59:10,2019-01-22 12:00:00,ev_C,C,4,
20190122055920,2019-01-22 05:59:20,2019-01-22 12:00:00,ev_C,C,20,
20190122055930,2019-01-22 05:59:30,2019-01-22 12:00:00,ev_C,C,4,
20190122055940,2019-01-22 05:59:40,2019-01-22 12:00:00,ev_C,C,14,
20190122055950,2019-01-22 05:59:50,2019-01-22 12:00:00,ev_C,C,10,
20190122060000,2019-01-22 06:00:00,2019-01-22 12:00:00,ev_C,C,20,
20190122060010,2019-01-22 06:00:10,2019-01-22 12:00:00,ev_C,C,12,
20190122060020,2019-01-22 06:00:20,2019-01-22 12:00:00,ev_C,C,20,
20190122060030,2019-01-22 06:00:30,2019-01-22 12:00:00,ev_C,C,9,
20190122060040,2019-01-22 06:00:40,2019-01-22 12:00:00,ev_C,C,19,
20190122060050,2019-01-22 06:00:50,2019-01-22 12:00:00,ev_C,C,8,
20190122060100,2019-01-22 06:01:00,2019-01-22 12:00:00,ev_C,C,13,
20190122060110,2019-01-22 06:01:10,2019-01-22 12:00:00,ev_N,K,3,
20190122060120,2019-01-22 06:01:20,2019-01-22 12:00:00,ev_C,C,3,
20190122060130,2019-01-22 06:01:30,2019-01-22 12:00:00,ev_K,K,1,
20190122060140,2019-01-22 06:01:40,2019-01-22 12:00:00,ev_C,C,8,
20190122060150,2019-01-22 06:01:50,2019-01-22 12:00:00,ev_C,C,6,
20190122060200,2019-01-22 06:02:00,2019-01-22 12:00:00,ev_C,C,15,
20190122060210,2019-01-22 06:02:10,2019-01-22 12:00:00,ev_C,C,4,
20190122060220,2019-01-22 06:02:20,2019-01-22 12:00:00,ev_K,K,4,
20190122060230,2019-01-22 06:02:30,2019-01-22 12:00:00,ev_C,C,17,
20190122060240,2019-01-22 06:02:40,2019-01-22 12:00:00,ev_C,C,6,
20190122060250,2019-01-22 06:02:50,2019-01-22 12:00:00,ev_C,C,20,
20190122060300,2019-01-22 06:03:00,2019-01-22 12:00:00,ev_N,K,3,
20190122060310,2019-01-22 06:03:10,2019-01-22 12:00:00,ev_C,C,20,
20190122060320,2019-01-22 06:03:20,2019-01-22 12:00:00,ev_C,C,4,
20190122060330,2019-01-22 06:03:30,2019-01-22 12:00:00,ev_C,C,17,
20190122060340,2019-01-22 06:03:40,2019-01-22 12:00:00,ev_C,C,10,
20190122060350,2019-01-22 06:03:50,2019-01-22 12:00:00,ev_C,C,14,
20190122060400,2019-01-22 06:04:00,2019-01-22 12:00:00,ev_C,C,20,
20190122060410,2019-01-22 06:04:10,2019-01-22 12:00:00,ev_C,C,8,
20190122060420,2019-01-22 06:04:20,2019-01-22 12:00:00,ev_K,K,4,
20190122060430,2019-01-22 06:04:30,2019-01-22 12:00:00,ev_C,C,20,
20190122060440,2019-01-22 06:04:40,2019-01-22 12:00:00,ev_N,K,2,
20190122060450,2019-01-22 06:04:50,2019-01-22 12:00:00,ev_N,K,4,
20190122060500,2019-01-22 06:05:00,2019-01-22 12:00:00,ev_C,C,10,
20190122060510,2019-01-22 06:05:10,2019-01-22 12:00:00,ev_C,C,9,
20190122060520,2019-01-22 06:05:20,2019-01-22 12:00:00,ev_C,C,15,
20190122060530,2019-01-22 06:05:30,2019-01-22 12:00:00,ev_C,C,16,
20190122060540,2019-01-22 06:05:40,2019-01-22 12:00:00,ev_K,K,2,
20190122060550,2019-01-22 06:05:50,2019-01-22 12:00:00,ev_C,C,8,
20190122060600,2019-01-22 06:06:00,2019-01-22 12:00:00,ev_C,C,18,
20190122060610,2019-01-22 06:06:10,2019-01-22 12:00:00,ev_N,K,4,
20190122060620,2019-01-22 06:06:20,2019-01-22 12:00:00,ev_C,C,9,
20190122060630,2019-01-22 06:06:30,2019-01-22 12:00:00,ev_C,C,14,
20190122060640,2019-01-22 06:06:40,2019-01-22 12:00:00,ev_K,K,4,
20190122060650,2019-01-22 06:06:50,2019-01-22 12:00:00,ev_K,K,4,
20190122060700,2019-01-22 06:07:00,2019-01-22 12:00:00,ev_C,C,20,
20190122060710,2019-01-22 06:07:10,2019-01-22 12:00:00,ev_C,C,10,
20190122060720,2019-01-22 06:07:20,2019-01-22 12:00:00,ev_K,K,1,
20190122060730,2019-01-22 06:07:30,2019-01-22 12:00:00,ev_C,C,9,
20190122060740,2019-01-22 06:07:40,2019-01-22 12:00:00,ev_C,C,9,
20190122060750,2019-01-22 06:07:50,2019-01-22 12:00:00,ev_K,K,4,
20190122060800,2019-01-22 06:08:00,2019-01-22 12:00:00,ev_C,C,2,
20190122060810,2019-01-22 06:08:10,2019-01-22 12:00:00,ev_K,K,4,
20190122060820,2019-01-22 06:08:20,2019-01-22 12:00:00,ev_C,C,18,
20190122060830,2019-01-22 06:08:30,2019-01-22 12:00:00,ev_N,K,5,
20190122060840,2019-01-22 06:08:40,2019-01-22 12:00:00,ev_N,K,1,
20190122060850,2019-01-22 06:08:50,2019-01-22 12:00:00,ev_C,C,12,
20190122060900,2019-01-22 06:09:00,2019-01-22 12:00:00,ev_C,C,15,
20190122060910,2019-01-22 06:09:10,2019-01-22 12:00:00,ev_C,C,6,
20190122060920,2019-01-22 06:09:20,2019-01-22 12:00:00,ev_K,K,3,
20190122060930,2019-01-22 06:09:30,2019-01-22 12:00:00,ev_C,C,4,
20190122060940,2019-01-22 06:09:40,2019-01-22 12:00:00,ev_C,C,1,
20190122060950,2019-01-22 06:09:50,2019-01-22 12:00:00,ev_K,K,5,
20190122061000,2019-01-22 06:10:00,2019-01-22 12:00:00,ev_C,C,7,
20190122061010,2019-01-22 06:10:10,2019-01-22 12:00:00,ev_C,C,8,
20190122061020,2019-01-22 06:10:20,2019-01-22 12:00:00,ev_C,C,7,
20190122061030,2019-01-22 06:10:30,2019-01-22 12:00:00,ev_K,K,5,
20190122061040,2019-01-22 06:10:40,2019-01-22 12:00:00,ev_C,C,5,
20190122061050,2019-01-22 06:10:50,2019-01-22 12:00:00,ev_N,K,1,
20190122061100,2019-01-22 06:11:00,2019-01-22 12:00:00,ev_C,C,20,
20190122061110,2019-01-22 06:11:10,2019-01-22 12:00:00,ev_C,C,6,
20190122061120,2019-01-22 06:11:20,2019-01-22 12:00:00,ev_K,K,2,
20190122061130,2019-01-22 06:11:30,2019-01-22 12:00:00,ev_C,C,4,
20190122061140,2019-01-22 06:11:40,2019-01-22 12:00:00,ev_K,K,2,
20190122061150,2019-01-22 06:11:50,2019-01-22 12:00:00,ev_C,C,13,
20190122061200,2019-01-22 06:12:00,2019-01-22 12:00:00,ev_C,C,5,
20190122061210,2019-01-22 06:12:10,2019-01-22 12:00:00,ev_C,C,6,
20190122061220,2019-01-22 06:12:20,2019-01-22 12:00:00,ev_C,C,3,
20190122061230,2019-01-22 06:12:30,2019-01-22 12:00:00,ev_K,K,4,
20190122061240,2019-01-22 06:12:40,2019-01-22 12:00:00,ev_C,C,9,
20190122061250,2019-01-22 06:12:50,2019-01-22 12:00:00,ev_K,K,2,
20190122061300,2019-01-22 06:13:00,2019-01-22 12:00:00,ev_C,C,12,
20190122061310,2019-01-22 06:13:10,2019-01-22 12:00:00,ev_C,C,6,
20190122061320,2019-01-22 06:13:20,2019-01-22 12:00:00,ev_C,C,5,
20190122061330,2019-01-22 06:13:30,2019-01-22 12:00:00,ev_C,C,12,
20190122061340,2019-01-22 06:13:40,2019-01-22 12:00:00,ev_C,C,16,
20190122061350,2019-01-22 06:13:50,2019-01-22 12:00:00,ev_C,C,17,
20190122061400,2019-01-22 06:14:00,2019-01-22 12:00:00,ev_C,C,10,
20190122061410,2019-01-22 06:14:10,2019-01-22 12:00:00,ev_C,C,2,
20190122061420,2019-01-22 06:14:20,2019-01-22 12:00:00,ev_K,K,2,
20190122061430,2019-01-22 06:14:30,2019-01-22 12:00:00,ev_C,C,12,
20190122061440,2019-01-22 06:14:40,2019-01-22 12:00:00,ev_C,C,10,
20190122061450,2019-01-22 06:14:50,2019-01-22 12:00:00,ev_C,C,17,
20190122061500,2019-01-22 06:15:00,2019-01-22 12:00:00,ev_C,C,15,
20190122061510,2019-01-22 06:15:10,2019-01-22 12:00:00,ev_C,C,13,
20190122061520,2019-01-22 06:15:20,2019-01-22 12:00:00,ev_K,K,3,
20190122061530,2019-01-22 06:15:30,2019-01-22 12:00:00,ev_C,C,8,
20190122061540,2019-01-22 06:15:40,2019-01-22 12:00:00,ev_K,K,1,
20190122061550,2019-01-22 06:15:50,2019-01-22 12:00:00,ev_C,C,20,
20190122061600,2019-01-22 06:16:00,2019-01-22 12:00:00,ev_C,C,13,
20190122061610,2019-01-22 06:16:10,2019-01-22 12:00:00,ev_C,C,1,
20190122061620,2019-01-22 06:16:20,2019-01-22 12:00:00,ev_C,C,20,
20190122061630,2019-01-22 06:16:30,2019-01-22 12:00:00,ev_N,K,1,
20190122061640,2019-01-22 06:16:40,2019-01-22 12:00:00,ev_K,K,3,
20190122061650,2019-01-22 06:16:50,2019-01-22 12:00:00,ev_C,C,18,
20190122061700,2019-01-22 06:17:00,2019-01-22 12:00:00,ev_C,C,13,
20190122061710,2019-01-22 06:17:10,2019-01-22 12:00:00,ev_C,C,2,
20190122061720,2019-01-22 06:17:20,2019-01-22 12:00:00,ev_N,K,1,
20190122061730,2019-01-22 06:17:30,2019-01-22 12:00:00,ev_C,C,20,
20190122061740,2019-01-22 06:17:40,2019-01-22 12:00:00,ev_K,K,3,
20190122061750,2019-01-22 06:17:50,2019-01-22 12:00:00,ev_C,C,20,
20190122061800,2019-01-22 06:18:00,2019-01-22 12:00:00,ev_C,C,16,
20190122061810,2019-01-22 06:18:10,2019-01-22 12:00:00,ev_C,C,4,
20190122061820,2019-01-22 06:18:20,2019-01-22 12:00:00,ev_C,C,18,
20190122061830,2019-01-22 06:18:30,2019-01-22 12:00:00,ev_K,K,1,
20190122061840,2019-01-22 06:18:40,2019-01-22 12:00:00,ev_C,C,17,
20190122061850,2019-01-22 06:18:50,2019-01-22 12:00:00,ev_C,C,3,
20190122061900,2019-01-22 06:19:00,2019-01-22 12:00:00,ev_C,C,17,
20190122061910,2019-01-22 06:19:10,2019-01-22 12:00:00,ev_C,C,17,
20190122061920,2019-01-22 06:19:20,2019-01-22 12:00:00,ev_C,C,14,
20190122061930,2019-01-22 06:19:30,2019-01-22 12:00:00,ev_C,C,2,
20190122061940,2019-01-22 06:19:40,2019-01-22 12:00:00,ev_K,K,4,
20190122061950,2019-01-22 06:19:50,2019-01-22 12:00:00,ev_C,C,18,
20190122062000,2019-01-22 06:20:00,2019-01-22 12:00:00,ev_C,C,16,
20190122062010,2019-01-22 06:20:10,2019-01-22 12:00:00,ev_C,C,1,
20190122062020,2019-01-22 06:20:20,2019-01-22 12:00:00,ev_C,C,12,
20190122062030,2019-01-22 06:20:30,2019-01-22 12:00:00,ev_K,K,3,
20190122062040,2019-01-22 06:20:40,2019-01-22 12:00:00,ev_C,C,17,
20190122062050,2019-01-22 06:20:50,2019-01-22 12:00:00,ev_C,C,18,
20190122062100,2019-01-22 06:21:00,2019-01-22 12:00:00,ev_C,C,4,
20190122062110,2019-01-22 06:21:10,2019-01-22 12:00:00,ev_C,C,3,
20190122062120,2019-01-22 06:21:20,2019-01-22 12:00:00,ev_C,C,3,
20190122062130,2019-01-22 06:21:30,2019-01-22 12:00:00,ev_C,C,9,
20190122062140,2019-01-22 06:21:40,2019-01-22 12:00:00,ev_K,K,5,
20190122062150,2019-01-22 06:21:50,2019-01-22 12:00:00,ev_C,C,13,
20190122062200,2019-01-22 06:22:00,2019-01-22 12:00:00,ev_C,C,7,
20190122062210,2019-01-22 06:22:10,2019-01-22 12:00:00,ev_C,C,10,
20190122062220,2019-01-22 06:22:20,2019-01-22 12:00:00,ev_C,C,14,
20190122062230,2019-01-22 06:22:30,2019-01-22 12:00:00,ev_C,C,20,
20190122062240,2019-01-22 06:22:40,2019-01-22 12:00:00,ev_C,C,13,
20190122062250,2019-01-22 06:22:50,2019-01-22 12:00:00,ev_K,K,4,
20190122062300,2019-01-22 06:23:00,2019-01-22 12:00:00,ev_C,C,19,
20190122062310,2019-01-22 06:23:10,2019-01-22 12:00:00,ev_C,C,9,
20190122062320,2019-01-22 06:23:20,2019-01-22 12:00:00,ev_C,C,2,
20190122062330,2019-01-22 06:23:30,2019-01-22 12:00:00,ev_K,K,5,
20190122062340,2019-01-22 06:23:40,2019-01-22 12:00:00,ev_C,C,12,
20190122062350,2019-01-22 06:23:50,2019-01-22 12:00:00,ev_C,C,8,
20190122062400,2019-01-22 06:24:00,2019-01-22 12:00:00,ev_C,C,16,
20190122062410,2019-01-22 06:24:10,2019-01-22 12:00:00,ev_C,C,6,
20190122062420,2019-01-22 06:24:20,2019-01-22 12:00:00,ev_C,C,8,
20190122062430,2019-01-22 06:24:30,2019-01-22 12:00:00,ev_K,K,2,
20190122062440,2019-01-22 06:24:40,2019-01-22 12:00:00,ev_C,C,11,
20190122062450,2019-01-22 06:24:50,2019-01-22 12:00:00,ev_C,C,4,
20190122062500,2019-01-22 06:25:00,2019-01-22 12:00:00,ev_C,C,12,
20190122062510,2019-01-22 06:25:10,2019-01-22 12:00:00,ev_C,C,9,
20190122062520,2019-01-22 06:25:20,2019-01-22 12:00:00,ev_K,K,3,
20190122062530,2019-01-22 06:25:30,2019-01-22 12:00:00,ev_C,C,8,
20190122062540,2019-01-22 06:25:40,2019-01-22 12:00:00,ev_K,K,1,
20190122062550,2019-01-22 06:25:50,2019-01-22 12:00:00,ev_C,C,11,
20190122062600,2019-01-22 06:26:00,2019-01-22 12:00:00,ev_C,C,9,
20190122062610,2019-01-22 06:26:10,2019-01-22 12:00:00,ev_C,C,14,
20190122062620,2019-01-22 06:26:20,2019-01-22 12:00:00,ev_C,C,7,
20190122062630,2019-01-22 06:26:30,2019-01-22 12:00:00,ev_N,K,4,
20190122062640,2019-01-22 06:26:40,2019-01-22 12:00:00,ev_K,K,5,
20190122062650,2019-01-22 06:26:50,2019-01-22 12:00:00,ev_C,C,12,
20190122062700,2019-01-22 06:27:00,2019-01-22 12:00:00,ev_N,K,2,
20190122062710,2019-01-22 06:27:10,2019-01-22 12:00:00,ev_C,C,4,
20190122062720,2019-01-22 06:27:20,2019-01-22 12:00:00,ev_C,C,6,
20190122062730,2019-01-22 06:27:30,2019-01-22 12:00:00,ev_C,C,3,
20190122062740,2019-01-22 06:27:40,2019-01-22 12:00:00,ev_C,C,4,
20190122062750,2019-01-22 06:27:50,2019-01-22 12:00:00,ev_C,C,1,
20190122062800,2019-01-22 06:28:00,2019-01-22 12:00:00,ev_C,C,18,
20190122062810,2019-01-22 06:28:10,2019-01-22 12:00:00,ev_C,C,11,
20190122062820,2019-01-22 06:28:20,2019-01-22 12:00:00,ev_C,C,1,
20190122062830,2019-01-22 06:28:30,2019-01-22 12:00:00,ev_C,C,3,
20190122062840,2019-01-22 06:28:40,2019-01-22 12:00:00,ev_C,C,17,
20190122062850,2019-01-22 06:28:50,2019-01-22 12:00:00,ev_C,C,17,
20190122062900,2019-01-22 06:29:00,2019-01-22 12:00:00,ev_C,C,4,
20190122062910,2019-01-22 06:29:10,2019-01-22 12:00:00,ev_K,K,4,
20190122062920,2019-01-22 06:29:20,2019-01-22 12:00:00,ev_C,C,19,
20190122062930,2019-01-22 06:29:30,2019-01-22 12:00:00,ev_C,C,16,
20190122062940,2019-01-22 06:29:40,2019-01-22 12:00:00,ev_C,C,11,
20190122062950,2019-01-22 06:29:50,2019-01-22 12:00:00,ev_C,C,13,
20190122063000,2019-01-22 06:30:00,2019-01-22 12:00:00,ev_C,C,19,
20190122063010,2019-01-22 06:30:10,2019-01-22 12:00:00,ev_C,C,19,
20190122063020,2019-01-22 06:30:20,2019-01-22 12:00:00,ev_C,C,19,
20190122063030,2019-01-22 06:30:30,2019-01-22 12:00:00,ev_K,K,3,
20190122063040,2019-01-22 06:30:40,2019-01-22 12:00:00,ev_C,C,14,
20190122063050,2019-01-22 06:30:50,2019-01-22 12:00:00,ev_C,C,9,
20190122063100,2019-01-22 06:31:00,2019-01-22 12:00:00,ev_C,C,13,
20190122063110,2019-01-22 06:31:10,2019-01-22 12:00:00,ev_C,C,20,
20190122063120,2019-01-22 06:31:20,2019-01-22 12:00:00,ev_C,C,17,
20190122063130,2019-01-22 06:31:30,2019-01-22 12:00:00,ev_N,K,2,
20190122063140,2019-01-22 06:31:40,2019-01-22 12:00:00,ev_C,C,4,
20190122063150,2019-01-22 06:31:50,2019-01-22 12:00:00,ev_C,C,12,
20190122063200,2019-01-22 06:32:00,2019-01-22 12:00:00,ev_C,C,11,
20190122063210,2019-01-22 06:32:10,2019-01-22 12:00:00,ev_K,K,2,
20190122063220,2019-01-22 06:32:20,2019-01-22 12:00:00,ev_K,K,2,
20190122063230,2019-01-22 06:32:30,2019-01-22 12:00:00,ev_K,K,5,
20190122063240,2019-01-22 06:32:40,2019-01-22 12:00:00,ev_C,C,13,
20190122063250,2019-01-22 06:32:50,2019-01-22 12:00:00,ev_N,K,4,
20190122063300,2019-01-22 06:33:00,2019-01-22 12:00:00,ev_C,C,14,
20190122063310,2019-01-22 06:33:10,2019-01-22 12:00:00,ev_N,K,2,
20190122063320,2019-01-22 06:33:20,2019-01-22 12:00:00,ev_C,C,8,
20190122063330,2019-01-22 06:33:30,2019-01-22 12:00:00,ev_C,C,18,
20190122063340,2019-01-22 06:33:40,2019-01-22 12:00:00,ev_C,C,16,
20190122063350,2019-01-22 06:33:50,2019-01-22 12:00:00,ev_K,K,3,
20190122063400,2019-01-22 06:34:00,2019-01-22 12:00:00,ev_C,C,7,
20190122063410,2019-01-22 06:34:10,2019-01-22 12:00:00,ev_K,K,2,
20190122063420,2019-01-22 06:34:20,2019-01-22 12:00:00,ev_C,C,8,
20190122063430,2019-01-22 06:34:30,2019-01-22 12:00:00,ev_C,C,9,
20190122063440,2019-01-22 06:34:40,2019-01-22 12:00:00,ev_C,C,12,
20190122063450,2019-01-22 06:34:50,2019-01-22 12:00:00,ev_C,C,16,
20190122063500,2019-01-22 06:35:00,2019-01-22 12:00:00,ev_C,C,16,
20190122063510,2019-01-22 06:35:10,2019-01-22 12:00:00,ev_N,K,5,
20190122063520,2019-01-22 06:35:20,2019-01-22 12:00:00,ev_C,C,12,
20190122063530,2019-01-22 06:35:30,2019-01-22 12:00:00,ev_C,C,12,
20190122063540,2019-01-22 06:35:40,2019-01-22 12:00:00,ev_C,C,10,
20190122063550,2019-01-22 06:35:50,2019-01-22 12:00:00,ev_K,K,2,
20190122063600,2019-01-22 06:36:00,2019-01-22 12:00:00,ev_C,C,13,
20190122063610,2019-01-22 06:36:10,2019-01-22 12:00:00,ev_C,C,11,
20190122063620,2019-01-22 06:36:20,2019-01-22 12:00:00,ev_C,C,10,
20190122063630,2019-01-22 06:36:30,2019-01-22 12:00:00,ev_N,K,5,
20190122063640,2019-01-22 06:36:40,2019-01-22 12:00:00,ev_C,C,18,
20190122063650,2019-01-22 06:36:50,2019-01-22 12:00:00,ev_C,C,2,
20190122063700,2019-01-22 06:37:00,2019-01-22 12:00:00,ev_N,K,3,
20190122063710,2019-01-22 06:37:10,2019-01-22 12:00:00,ev_C,C,18,
20190122063720,2019-01-22 06:37:20,2019-01-22 12:00:00,ev_C,C,14,
20190122063730,2019-01-22 06:37:30,2019-01-22 12:00:00,ev_K,K,3,
20190122063740,2019-01-22 06:37:40,2019-01-22 12:00:00,ev_C,C,7,
20190122063750,2019-01-22 06:37:50,2019-01-22 12:00:00,ev_C,C,19,
20190122063800,2019-01-22 06:38:00,2019-01-22 12:00:00,ev_C,C,1,
20190122063810,2019-01-22 06:38:10,2019-01-22 12:00:00,ev_C,C,1,
20190122063820,2019-01-22 06:38:20,2019-01-22 12:00:00,ev_N,K,4,
20190122063830,2019-01-22 06:38:30,2019-01-22 12:00:00,ev_N,K,4,
20190122063840,2019-01-22 06:38:40,2019-01-22 12:00:00,ev_K,K,5,
20190122063850,2019-01-22 06:38:50,2019-01-22 12:00:00,ev_C,C,14,
20190122063900,2019-01-22 06:39:00,2019-01-22 12:00:00,ev_C,C,16,
20190122063910,2019-01-22 06:39:10,2019-01-22 12:00:00,ev_K,K,4,
20190122063920,2019-01-22 06:39:20,2019-01-22 12:00:00,ev_C,C,17,
20190122063930,2019-01-22 06:39:30,2019-01-22 12:00:00,ev_C,C,9,
20190122063940,2019-01-22 06:39:40,2019-01-22 12:00:00,ev_C,C,20,
20190122063950,2019-01-22 06:39:50,2019-01-22 12:00:00,ev_C,C,10,
20190122064000,2019-01-22 06:40:00,2019-01-22 12:00:00,ev_C,C,16,
20190122064010,2019-01-22 06:40:10,2019-01-22 12:00:00,ev_N,K,4,
20190122064020,2019-01-22 06:40:20,2019-01-22 12:00:00,ev_K,K,5,
20190122064030,2019-01-22 06:40:30,2019-01-22 12:00:00,ev_C,C,1,
20190122064040,2019-01-22 06:40:40,2019-01-22 12:00:00,ev_C,C,4,
20190122064050,2019-01-22 06:40:50,2019-01-22 12:00:00,ev_C,C,19,
20190122064100,2019-01-22 06:41:00,2019-01-22 12:00:00,ev_C,C,7,
20190122064110,2019-01-22 06:41:10,2019-01-22 12:00:00,ev_C,C,11,
20190122064120,2019-01-22 06:41:20,2019-01-22 12:00:00,ev_C,C,4,
20190122064130,2019-01-22 06:41:30,2019-01-22 12:00:00,ev_C,C,14,
20190122064140,2019-01-22 06:41:40,2019-01-22 12:00:00,ev_C,C,2,
20190122064150,2019-01-22 06:41:50,2019-01-22 12:00:00,ev_C,C,2,
20190122064200,2019-01-22 06:42:00,2019-01-22 12:00:00,ev_K,K,5,
20190122064210,2019-01-22 06:42:10,2019-01-22 12:00:00,ev_C,C,9,
20190122064220,2019-01-22 06:42:20,2019-01-22 12:00:00,ev_C,C,6,
20190122064230,2019-01-22 06:42:30,2019-01-22 12:00:00,ev_K,K,2,
20190122064240,2019-01-22 06:42:40,2019-01-22 12:00:00,ev_K,K,4,
20190122064250,2019-01-22 06:42:50,2019-01-22 12:00:00,ev_C,C,7,
20190122064300,2019-01-22 06:43:00,2019-01-22 12:00:00,ev_C,C,20,
20190122064310,2019-01-22 06:43:10,2019-01-22 12:00:00,ev_C,C,17,
20190122064320,2019-01-22 06:43:20,2019-01-22 12:00:00,ev_C,C,19,
20190122064330,2019-01-22 06:43:30,2019-01-22 12:00:00,ev_C,C,6,
20190122064340,2019-01-22 06:43:40,2019-01-22 12:00:00,ev_C,C,2,
20190122064350,2019-01-22 06:43:50,2019-01-22 12:00:00,ev_C,C,3,
20190122064400,2019-01-22 06:44:00,2019-01-22 12:00:00,ev_C,C,7,
20190122064410,2019-01-22 06:44:10,2019-01-22 12:00:00,ev_K,K,4,
20190122064420,2019-01-22 06:44:20,2019-01-22 12:00:00,ev_C,C,9,
20190122064430,2019-01-22 06:44:30,2019-01-22 12:00:00,ev_C,C,3,
20190122064440,2019-01-22 06:44:40,2019-01-22 12:00:00,ev_K,K,4,
20190122064450,2019-01-22 06:44:50,2019-01-22 12:00:00,ev_C,C,17,
20190122064500,2019-01-22 06:45:00,2019-01-22 12:00:00,ev_C,C,14,
20190122064510,2019-01-22 06:45:10,2019-01-22 12:00:00,ev_C,C,15,
20190122064520,2019-01-22 06:45:20,2019-01-22 12:00:00,ev_C,C,20,
20190122064530,2019-01-22 06:45:30,2019-01-22 12:00:00,ev_C,C,15,
20190122064540,2019-01-22 06:45:40,2019-01-22 12:00:00,ev_C,C,13,
20190122064550,2019-01-22 06:45:50,2019-01-22 12:00:00,ev_K,K,1,
20190122064600,2019-01-22 06:46:00,2019-01-22 12:00:00,ev_C,C,7,
20190122064610,2019-01-22 06:46:10,2019-01-22 12:00:00,ev_C,C,6,
20190122064620,2019-01-22 06:46:20,2019-01-22 12:00:00,ev_C,C,5,
20190122064630,2019-01-22 06:46:30,2019-01-22 12:00:00,ev_K,K,1,
20190122064640,2019-01-22 06:46:40,2019-01-22 12:00:00,ev_K,K,2,
20190122064650,2019-01-22 06:46:50,2019-01-22 12:00:00,ev_C,C,11,
20190122064700,2019-01-22 06:47:00,2019-01-22 12:00:00,ev_K,K,2,
20190122064710,2019-01-22 06:47:10,2019-01-22 12:00:00,ev_C,C,12,
20190122064720,2019-01-22 06:47:20,2019-01-22 12:00:00,ev_C,C,4,
20190122064730,2019-01-22 06:47:30,2019-01-22 12:00:00,ev_C,C,6,
20190122064740,2019-01-22 06:47:40,2019-01-22 12:00:00,ev_C,C,6,
20190122064750,2019-01-22 06:47:50,2019-01-22 12:00:00,ev_K,K,5,
20190122064800,2019-01-22 06:48:00,2019-01-22 12:00:00,ev_C,C,8,
20190122064810,2019-01-22 06:48:10,2019-01-22 12:00:00,ev_C,C,4,
20190122064820,2019-01-22 06:48:20,2019-01-22 12:00:00,ev_C,C,14,
20190122064830,2019-01-22 06:48:30,2019-01-22 12:00:00,ev_N,K,1,
20190122064840,2019-01-22 06:48:40,2019-01-22 12:00:00,ev_K,K,1,
20190122064850,2019-01-22 06:48:50,2019-01-22 12:00:00,ev_C,C,9,
20190122064900,2019-01-22 06:49:00,2019-01-22 12:00:00,ev_C,C,11,
20190122064910,2019-01-22 06:49:10,2019-01-22 12:00:00,ev_C,C,1,
20190122064920,2019-01-22 06:49:20,2019-01-22 12:00:00,ev_C,C,15,
20190122064930,2019-01-22 06:49:30,2019-01-22 12:00:00,ev_C,C,3,
20190122064940,2019-01-22 06:49:40,2019-01-22 12:00:00,ev_C,C,8,
20190122064950,2019-01-22 06:49:50,2019-01-22 12:00:00,ev_K,K,3,
20190122065000,2019-01-22 06:50:00,2019-01-22 12:00:00,ev_C,C,11,
20190122065010,2019-01-22 06:50:10,2019-01-22 12:00:00,ev_N,K,5,
20190122065020,2019-01-22 06:50:20,2019-01-22 12:00:00,ev_C,C,15,
20190122065030,2019-01-22 06:50:30,2019-01-22 12:00:00,ev_C,C,10,
20190122065040,2019-01-22 06:50:40,2019-01-22 12:00:00,ev_C,C,4,
20190122065050,2019-01-22 06:50:50,2019-01-22 12:00:00,ev_C,C,12,
20190122065100,2019-01-22 06:51:00,2019-01-22 12:00:00,ev_C,C,7,
20190122065110,2019-01-22 06:51:10,2019-01-22 12:00:00,ev_K,K,5,
20190122065120,2019-01-22 06:51:20,2019-01-22 12:00:00,ev_C,C,6,
20190122065130,2019-01-22 06:51:30,2019-01-22 12:00:00,ev_C,C,11,
20190122065140,2019-01-22 06:51:40,2019-01-22 12:00:00,ev_C,C,7,
20190122065150,2019-01-22 06:51:50,2019-01-22 12:00:00,ev_C,C,6,
20190122065200,2019-01-22 06:52:00,2019-01-22 12:00:00,ev_K,K,3,
20190122065210,2019-01-22 06:52:10,2019-01-22 12:00:00,ev_C,C,11,
20190122065220,2019-01-22 06:52:20,2019-01-22 12:00:00,ev_C,C,14,
20190122065230,2019-01-22 06:52:30,2019-01-22 12:00:00,ev_C,C,1,
20190122065240,2019-01-22 06:52:40,2019-01-22 12:00:00,ev_C,C,3,
20190122065250,2019-01-22 06:52:50,2019-01-22 12:00:00,ev_C,C,15,
20190122065300,2019-01-22 06:53:00,2019-01-22 12:00:00,ev_C,C,2,
20190122065310,2019-01-22 06:53:10,2019-01-22 12:00:00,ev_C,C,4,
20190122065320,2019-01-22 06:53:20,2019-01-22 12:00:00,ev_C,C,20,
20190122065330,2019-01-22 06:53:30,2019-01-22 12:00:00,ev_C,C,20,
20190122065340,2019-01-22 06:53:40,2019-01-22 12:00:00,ev_N,K,3,
20190122065350,2019-01-22 06:53:50,2019-01-22 12:00:00,ev_K,K,4,
20190122065400,2019-01-22 06:54:00,2019-01-22 12:00:00,ev_C,C,7,
20190122065410,2019-01-22 06:54:10,2019-01-22 12:00:00,ev_C,C,15,
20190122065420,2019-01-22 06:54:20,2019-01-22 12:00:00,ev_C,C,19,
20190122065430,2019-01-22 06:54:30,2019-01-22 12:00:00,ev_C,C,16,
20190122065440,2019-01-22 06:54:40,2019-01-22 12:00:00,ev_C,C,10,
20190122065450,2019-01-22 06:54:50,2019-01-22 12:00:00,ev_C,C,18,
20190122065500,2019-01-22 06:55:00,2019-01-22 12:00:00,ev_C,C,8,
20190122065510,2019-01-22 06:55:10,2019-01-22 12:00:00,ev_C,C,5,
20190122065520,2019-01-22 06:55:20,2019-01-22 12:00:00,ev_C,C,12,
20190122065530,2019-01-22 06:55:30,2019-01-22 12:00:00,ev_K,K,3,
20190122065540,2019-01-22 06:55:40,2019-01-22 12:00:00,ev_C,C,10,
20190122065550,2019-01-22 06:55:50,2019-01-22 12:00:00,ev_C,C,2,
20190122065600,2019-01-22 06:56:00,2019-01-22 12:00:00,ev_K,K,3,
20190122065610,2019-01-22 06:56:10,2019-01-22 12:00:00,ev_C,C,2,
20190122065620,2019-01-22 06:56:20,2019-01-22 12:00:00,ev_N,K,3,
20190122065630,2019-01-22 06:56:30,2019-01-22 12:00:00,ev_K,K,5,
20190122065640,2019-01-22 06:56:40,2019-01-22 12:00:00,ev_C,C,12,
20190122065650,2019-01-22 06:56:50,2019-01-22 12:00:00,ev_C,C,9,
20190122065700,2019-01-22 06:57:00,2019-01-22 12:00:00,ev_K,K,5,
20190122065710,2019-01-22 06:57:10,2019-01-22 12:00:00,ev_K,K,3,
20190122065720,2019-01-22 06:57:20,2019-01-22 12:00:00,ev_C,C,4,
20190122065730,2019-01-22 06:57:30,2019-01-22 12:00:00,ev_C,C,6,
20190122065740,2019-01-22 06:57:40,2019-01-22 12:00:00,ev_N,K,5,
20190122065750,2019-01-22 06:57:50,2019-01-22 12:00:00,ev_C,C,2,
20190122065800,2019-01-22 06:58:00,2019-01-22 12:00:00,ev_K,K,3,
20190122065810,2019-01-22 06:58:10,2019-01-22 12:00:00,ev_C,C,9,
20190122065820,2019-01-22 06:58:20,2019-01-22 12:00:00,ev_C,C,20,
20190122065830,2019-01-22 06:58:30,2019-01-22 12:00:00,ev_C,C,20,
20190122065840,2019-01-22 06:58:40,2019-01-22 12:00:00,ev_C,C,4,
20190122065850,2019-01-22 06:58:50,2019-01-22 12:00:00,ev_K,K,4,
20190122065900,2019-01-22 06:59:00,2019-01-22 12:00:00,ev_C,C,12,
20190122065910,2019-01-22 06:59:10,2019-01-22 12:00:00,ev_C,C,10,
20190122065920,2019-01-22 06:59:20,2019-01-22 12:00:00,ev_C,C,7,
20190122065930,2019-01-22 06:59:30,2019-01-22 12:00:00,ev_K,K,1,
20190122065940,2019-01-22 06:59:40,2019-01-22 12:00:00,ev_N,K,3,
20190122065950,2019-01-22 06:59:50,2019-01-22 12:00:00,ev_K,K,1,
20190122070000,2019-01-22 07:00:00,2019-01-22 12:00:00,ev_C,C,15,
20190122070010,2019-01-22 07:00:10,2019-01-22 12:00:00,ev_C,C,1,
20190122070020,2019-01-22 07:00:20,2019-01-22 12:00:00,ev_C,C,14,
20190122070030,2019-01-22 07:00:30,2019-01-22 12:00:00,ev_K,K,3,
20190122070040,2019-01-22 07:00:40,2019-01-22 12:00:00,ev_N,K,5,
20190122070050,2019-01-22 07:00:50,2019-01-22 12:00:00,ev_N,K,1,
20190122070100,2019-01-22 07:01:00,2019-01-22 12:00:00,ev_N,K,1,
20190122070110,2019-01-22 07:01:10,2019-01-22 12:00:00,ev_C,C,20,
20190122070120,2019-01-22 07:01:20,2019-01-22 12:00:00,ev_C,C,13,
20190122070130,2019-01-22 07:01:30,2019-01-22 12:00:00,ev_K,K,5,
20190122070140,2019-01-22 07:01:40,2019-01-22 12:00:00,ev_C,C,14,
20190122070150,2019-01-22 07:01:50,2019-01-22 12:00:00,ev_K,K,3,
20190122070200,2019-01-22 07:02:00,2019-01-22 12:00:00,ev_C,C,2,
20190122070210,2019-01-22 07:02:10,2019-01-22 12:00:00,ev_C,C,2,
20190122070220,2019-01-22 07:02:20,2019-01-22 12:00:00,ev_C,C,12,
20190122070230,2019-01-22 07:02:30,2019-01-22 12:00:00,ev_C,C,6,
20190122070240,2019-01-22 07:02:40,2019-01-22 12:00:00,ev_C,C,15,
20190122070250,2019-01-22 07:02:50,2019-01-22 12:00:00,ev_C,C,2,
20190122070300,2019-01-22 07:03:00,2019-01-22 12:00:00,ev_C,C,1,
20190122070310,2019-01-22 07:03:10,2019-01-22 12:00:00,ev_C,C,16,
20190122070320,2019-01-22 07:03:20,2019-01-22 12:00:00,ev_C,C,2,
20190122070330,2019-01-22 07:03:30,2019-01-22 12:00:00,ev_C,C,2,
20190122070340,2019-01-22 07:03:40,2019-01-22 12:00:00,ev_C,C,2,
20190122070350,2019-01-22 07:03:50,2019-01-22 12:00:00,ev_C,C,10,
20190122070400,2019-01-22 07:04:00,2019-01-22 12:00:00,ev_C,C,18,
20190122070410,2019-01-22 07:04:10,2019-01-22 12:00:00,ev_C,C,10,
20190122070420,2019-01-22 07:04:20,2019-01-22 12:00:00,ev_C,C,2,
20190122070430,2019-01-22 07:04:30,2019-01-22 12:00:00,ev_C,C,7,
20190122070440,2019-01-22 07:04:40,2019-01-22 12:00:00,ev_C,C,5,
20190122070450,2019-01-22 07:04:50,2019-01-22 12:00:00,ev_C,C,8,
20190122070500,2019-01-22 07:05:00,2019-01-22 12:00:00,ev_C,C,16,
20190122070510,2019-01-22 07:05:10,2019-01-22 12:00:00,ev_C,C,3,
20190122070520,2019-01-22 07:05:20,2019-01-22 12:00:00,ev_C,C,4,
20190122070530,2019-01-22 07:05:30,2019-01-22 12:00:00,ev_C,C,16,
20190122070540,2019-01-22 07:05:40,2019-01-22 12:00:00,ev_C,C,4,
20190122070550,2019-01-22 07:05:50,2019-01-22 12:00:00,ev_C,C,14,
20190122070600,2019-01-22 07:06:00,2019-01-22 12:00:00,ev_C,C,6,
20190122070610,2019-01-22 07:06:10,2019-01-22 12:00:00,ev_K,K,4,
20190122070620,2019-01-22 07:06:20,2019-01-22 12:00:00,ev_C,C,13,
20190122070630,2019-01-22 07:06:30,2019-01-22 12:00:00,ev_C,C,8,
20190122070640,2019-01-22 07:06:40,2019-01-22 12:00:00,ev_C,C,9,
20190122070650,2019-01-22 07:06:50,2019-01-22 12:00:00,ev_C,C,6,
20190122070700,2019-01-22 07:07:00,2019-01-22 12:00:00,ev_C,C,20,
20190122070710,2019-01-22 07:07:10,2019-01-22 12:00:00,ev_K,K,1,
20190122070720,2019-01-22 07:07:20,2019-01-22 12:00:00,ev_C,C,7,
20190122070730,2019-01-22 07:07:30,2019-01-22 12:00:00,ev_N,K,1,
20190122070740,2019-01-22 07:07:40,2019-01-22 12:00:00,ev_N,K,3,
20190122070750,2019-01-22 07:07:50,2019-01-22 12:00:00,ev_C,C,5,
20190122070800,2019-01-22 07:08:00,2019-01-22 12:00:00,ev_K,K,3,
20190122070810,2019-01-22 07:08:10,2019-01-22 12:00:00,ev_C,C,15,
20190122070820,2019-01-22 07:08:20,2019-01-22 12:00:00,ev_C,C,17,
20190122070830,2019-01-22 07:08:30,2019-01-22 12:00:00,ev_K,K,1,
20190122070840,2019-01-22 07:08:40,2019-01-22 12:00:00,ev_C,C,20,
20190122070850,2019-01-22 07:08:50,2019-01-22 12:00:00,ev_C,C,1,
20190122070900,2019-01-22 07:09:00,2019-01-22 12:00:00,ev_K,K,2,
20190122070910,2019-01-22 07:09:10,2019-01-22 12:00:00,ev_C,C,13,
20190122070920,2019-01-22 07:09:20,2019-01-22 12:00:00,ev_C,C,20,
20190122070930,2019-01-22 07:09:30,2019-01-22 12:00:00,ev_C,C,5,
20190122070940,2019-01-22 07:09:40,2019-01-22 12:00:00,ev_C,C,3,
20190122070950,2019-01-22 07:09:50,2019-01-22 12:00:00,ev_N,K,3,
20190122071000,2019-01-22 07:10:00,2019-01-22 12:00:00,ev_C,C,7,
20190122071010,2019-01-22 07:10:10,2019-01-22 12:00:00,ev_C,C,16,
20190122071020,2019-01-22 07:10:20,2019-01-22 12:00:00,ev_C,C,19,
20190122071030,2019-01-22 07:10:30,2019-01-22 12:00:00,ev_C,C,5,
20190122071040,2019-01-22 07:10:40,2019-01-22 12:00:00,ev_C,C,8,
20190122071050,2019-01-22 07:10:50,2019-01-22 12:00:00,ev_C,C,15,
20190122071100,2019-01-22 07:11:00,2019-01-22 12:00:00,ev_K,K,3,
20190122071110,2019-01-22 07:11:10,2019-01-22 12:00:00,ev_K,K,4,
20190122071120,2019-01-22 07:11:20,2019-01-22 12:00:00,ev_C,C,2,
20190122071130,2019-01-22 07:11:30,2019-01-22 12:00:00,ev_C,C,16,
20190122071140,2019-01-22 07:11:40,2019-01-22 12:00:00,ev_C,C,10,
20190122071150,2019-01-22 07:11:50,2019-01-22 12:00:00,ev_K,K,4,
20190122071200,2019-01-22 07:12:00,2019-01-22 12:00:00,ev_C,C,11,
20190122071210,2019-01-22 07:12:10,2019-01-22 12:00:00,ev_K,K,2,
20190122071220,2019-01-22 07:12:20,2019-01-22 12:00:00,ev_K,K,1,
20190122071230,2019-01-22 07:12:30,2019-01-22 12:00:00,ev_K,K,1,
20190122071240,2019-01-22 07:12:40,2019-01-22 12:00:00,ev_C,C,17,
20190122071250,2019-01-22 07:12:50,2019-01-22 12:00:00,ev_C,C,12,
20190122071300,2019-01-22 07:13:00,2019-01-22 12:00:00,ev_N,K,5,
20190122071310,2019-01-22 07:13:10,2019-01-22 12:00:00,ev_C,C,15,
20190122071320,2019-01-22 07:13:20,2019-01-22 12:00:00,ev_C,C,1,
20190122071330,2019-01-22 07:13:30,2019-01-22 12:00:00,ev_C,C,4,
20190122071340,2019-01-22 07:13:40,2019-01-22 12:00:00,ev_C,C,6,
20190122071350,2019-01-22 07:13:50,2019-01-22 12:00:00,ev_C,C,10,
20190122071400,2019-01-22 07:14:00,2019-01-22 12:00:00,ev_C,C,18,
20190122071410,2019-01-22 07:14:10,2019-01-22 12:00:00,ev_C,C,1,
20190122071420,2019-01-22 07:14:20,2019-01-22 12:00:00,ev_K,K,4,
20190122071430,2019-01-22 07:14:30,2019-01-22 12:00:00,ev_K,K,3,
20190122071440,2019-01-22 07:14:40,2019-01-22 12:00:00,ev_C,C,19,
20190122071450,2019-01-22 07:14:50,2019-01-22 12:00:00,ev_C,C,5,
20190122071500,2019-01-22 07:15:00,2019-01-22 12:00:00,ev_C,C,10,
20190122071510,2019-01-22 07:15:10,2019-01-22 12:00:00,ev_C,C,8,
20190122071520,2019-01-22 07:15:20,2019-01-22 12:00:00,ev_K,K,5,
20190122071530,2019-01-22 07:15:30,2019-01-22 12:00:00,ev_C,C,18,
20190122071540,2019-01-22 07:15:40,2019-01-22 12:00:00,ev_C,C,12,
20190122071550,2019-01-22 07:15:50,2019-01-22 12:00:00,ev_N,K,5,
20190122071600,2019-01-22 07:16:00,2019-01-22 12:00:00,ev_C,C,20,
20190122071610,2019-01-22 07:16:10,2019-01-22 12:00:00,ev_C,C,4,
20190122071620,2019-01-22 07:16:20,2019-01-22 12:00:00,ev_K,K,4,
20190122071630,2019-01-22 07:16:30,2019-01-22 12:00:00,ev_C,C,13,
20190122071640,2019-01-22 07:16:40,2019-01-22 12:00:00,ev_K,K,4,
20190122071650,2019-01-22 07:16:50,2019-01-22 12:00:00,ev_K,K,3,
20190122071700,2019-01-22 07:17:00,2019-01-22 12:00:00,ev_C,C,19,
20190122071710,2019-01-22 07:17:10,2019-01-22 12:00:00,ev_K,K,3,
20190122071720,2019-01-22 07:17:20,2019-01-22 12:00:00,ev_C,C,2,
20190122071730,2019-01-22 07:17:30,2019-01-22 12:00:00,ev_C,C,3,
20190122071740,2019-01-22 07:17:40,2019-01-22 12:00:00,ev_C,C,4,
20190122071750,2019-01-22 07:17:50,2019-01-22 12:00:00,ev_C,C,4,
20190122071800,2019-01-22 07:18:00,2019-01-22 12:00:00,ev_C,C,9,
20190122071810,2019-01-22 07:18:10,2019-01-22 12:00:00,ev_K,K,1,
20190122071820,2019-01-22 07:18:20,2019-01-22 12:00:00,ev_C,C,16,
20190122071830,2019-01-22 07:18:30,2019-01-22 12:00:00,ev_C,C,7,
20190122071840,2019-01-22 07:18:40,2019-01-22 12:00:00,ev_C,C,20,
20190122071850,2019-01-22 07:18:50,2019-01-22 12:00:00,ev_C,C,19,
20190122071900,2019-01-22 07:19:00,2019-01-22 12:00:00,ev_C,C,18,
20190122071910,2019-01-22 07:19:10,2019-01-22 12:00:00,ev_C,C,20,
20190122071920,2019-01-22 07:19:20,2019-01-22 12:00:00,ev_C,C,11,
20190122071930,2019-01-22 07:19:30,2019-01-22 12:00:00,ev_K,K,3,
20190122071940,2019-01-22 07:19:40,2019-01-22 12:00:00,ev_C,C,2,
20190122071950,2019-01-22 07:19:50,2019-01-22 12:00:00,ev_C,C,19,
20190122072000,2019-01-22 07:20:00,2019-01-22 12:00:00,ev_C,C,16,
20190122072010,2019-01-22 07:20:10,2019-01-22 12:00:00,ev_K,K,1,
20190122072020,2019-01-22 07:20:20,2019-01-22 12:00:00,ev_C,C,12,
20190122072030,2019-01-22 07:20:30,2019-01-22 12:00:00,ev_C,C,3,
20190122072040,2019-01-22 07:20:40,2019-01-22 12:00:00,ev_K,K,3,
20190122072050,2019-01-22 07:20:50,2019-01-22 12:00:00,ev_K,K,3,
20190122072100,2019-01-22 07:21:00,2019-01-22 12:00:00,ev_C,C,8,
20190122072110,2019-01-22 07:21:10,2019-01-22 12:00:00,ev_K,K,4,
20190122072120,2019-01-22 07:21:20,2019-01-22 12:00:00,ev_C,C,13,
20190122072130,2019-01-22 07:21:30,2019-01-22 12:00:00,ev_K,K,3,
20190122072140,2019-01-22 07:21:40,2019-01-22 12:00:00,ev_K,K,2,
20190122072150,2019-01-22 07:21:50,2019-01-22 12:00:00,ev_C,C,2,
20190122072200,2019-01-22 07:22:00,2019-01-22 12:00:00,ev_C,C,13,
20190122072210,2019-01-22 07:22:10,2019-01-22 12:00:00,ev_C,C,4,
20190122072220,2019-01-22 07:22:20,2019-01-22 12:00:00,ev_C,C,5,
20190122072230,2019-01-22 07:22:30,2019-01-22 12:00:00,ev_C,C,11,
20190122072240,2019-01-22 07:22:40,2019-01-22 12:00:00,ev_C,C,4,
20190122072250,2019-01-22 07:22:50,2019-01-22 12:00:00,ev_K,K,5,
20190122072300,2019-01-22 07:23:00,2019-01-22 12:00:00,ev_C,C,4,
20190122072310,2019-01-22 07:23:10,2019-01-22 12:00:00,ev_K,K,1,
20190122072320,2019-01-22 07:23:20,2019-01-22 12:00:00,ev_C,C,5,
20190122072330,2019-01-22 07:23:30,2019-01-22 12:00:00,ev_C,C,10,
20190122072340,2019-01-22 07:23:40,2019-01-22 12:00:00,ev_C,C,18,
20190122072350,2019-01-22 07:23:50,2019-01-22 12:00:00,ev_K,K,3,
20190122072400,2019-01-22 07:24:00,2019-01-22 12:00:00,ev_C,C,13,
20190122072410,2019-01-22 07:24:10,2019-01-22 12:00:00,ev_C,C,17,
20190122072420,2019-01-22 07:24:20,2019-01-22 12:00:00,ev_C,C,16,
20190122072430,2019-01-22 07:24:30,2019-01-22 12:00:00,ev_C,C,9,
20190122072440,2019-01-22 07:24:40,2019-01-22 12:00:00,ev_C,C,14,
20190122072450,2019-01-22 07:24:50,2019-01-22 12:00:00,ev_C,C,19,
20190122072500,2019-01-22 07:25:00,2019-01-22 12:00:00,ev_K,K,5,
20190122072510,2019-01-22 07:25:10,2019-01-22 12:00:00,ev_C,C,1,
20190122072520,2019-01-22 07:25:20,2019-01-22 12:00:00,ev_C,C,10,
20190122072530,2019-01-22 07:25:30,2019-01-22 12:00:00,ev_K,K,1,
20190122072540,2019-01-22 07:25:40,2019-01-22 12:00:00,ev_N,K,4,
20190122072550,2019-01-22 07:25:50,2019-01-22 12:00:00,ev_K,K,5,
20190122072600,2019-01-22 07:26:00,2019-01-22 12:00:00,ev_C,C,19,
20190122072610,2019-01-22 07:26:10,2019-01-22 12:00:00,ev_K,K,1,
20190122072620,2019-01-22 07:26:20,2019-01-22 12:00:00,ev_C,C,4,
20190122072630,2019-01-22 07:26:30,2019-01-22 12:00:00,ev_C,C,4,
20190122072640,2019-01-22 07:26:40,2019-01-22 12:00:00,ev_C,C,17,
20190122072650,2019-01-22 07:26:50,2019-01-22 12:00:00,ev_C,C,13,
20190122072700,2019-01-22 07:27:00,2019-01-22 12:00:00,ev_K,K,3,
20190122072710,2019-01-22 07:27:10,2019-01-22 12:00:00,ev_C,C,17,
20190122072720,2019-01-22 07:27:20,2019-01-22 12:00:00,ev_K,K,3,
20190122072730,2019-01-22 07:27:30,2019-01-22 12:00:00,ev_K,K,1,
20190122072740,2019-01-22 07:27:40,2019-01-22 12:00:00,ev_N,K,5,
20190122072750,2019-01-22 07:27:50,2019-01-22 12:00:00,ev_C,C,6,
20190122072800,2019-01-22 07:28:00,2019-01-22 12:00:00,ev_C,C,9,
20190122072810,2019-01-22 07:28:10,2019-01-22 12:00:00,ev_C,C,20,
20190122072820,2019-01-22 07:28:20,2019-01-22 12:00:00,ev_C,C,19,
20190122072830,2019-01-22 07:28:30,2019-01-22 12:00:00,ev_C,C,18,
20190122072840,2019-01-22 07:28:40,2019-01-22 12:00:00,ev_C,C,5,
20190122072850,2019-01-22 07:28:50,2019-01-22 12:00:00,ev_C,C,20,
20190122072900,2019-01-22 07:29:00,2019-01-22 12:00:00,ev_C,C,11,
20190122072910,2019-01-22 07:29:10,2019-01-22 12:00:00,ev_C,C,3,
20190122072920,2019-01-22 07:29:20,2019-01-22 12:00:00,ev_K,K,5,
20190122072930,2019-01-22 07:29:30,2019-01-22 12:00:00,ev_K,K,3,
20190122072940,2019-01-22 07:29:40,2019-01-22 12:00:00,ev_C,C,11,
20190122072950,2019-01-22 07:29:50,2019-01-22 12:00:00,ev_C,C,5,
20190122073000,2019-01-22 07:30:00,2019-01-22 12:00:00,ev_C,C,12,
20190122073010,2019-01-22 07:30:10,2019-01-22 12:00:00,ev_K,K,1,
20190122073020,2019-01-22 07:30:20,2019-01-22 12:00:00,ev_C,C,10,
20190122073030,2019-01-22 07:30:30,2019-01-22 12:00:00,ev_C,C,6,
20190122073040,2019-01-22 07:30:40,2019-01-22 12:00:00,ev_C,C,4,
20190122073050,2019-01-22 07:30:50,2019-01-22 12:00:00,ev_C,C,13,
20190122073100,2019-01-22 07:31:00,2019-01-22 12:00:00,ev_C,C,11,
20190122073110,2019-01-22 07:31:10,2019-01-22 12:00:00,ev_C,C,11,
20190122073120,2019-01-22 07:31:20,2019-01-22 12:00:00,ev_K,K,2,
20190122073130,2019-01-22 07:31:30,2019-01-22 12:00:00,ev_C,C,14,
20190122073140,2019-01-22 07:31:40,2019-01-22 12:00:00,ev_C,C,14,
20190122073150,2019-01-22 07:31:50,2019-01-22 12:00:00,ev_N,K,2,
20190122073200,2019-01-22 07:32:00,2019-01-22 12:00:00,ev_C,C,4,
20190122073210,2019-01-22 07:32:10,2019-01-22 12:00:00,ev_C,C,18,
20190122073220,2019-01-22 07:32:20,2019-01-22 12:00:00,ev_C,C,17,
20190122073230,2019-01-22 07:32:30,2019-01-22 12:00:00,ev_K,K,5,
20190122073240,2019-01-22 07:32:40,2019-01-22 12:00:00,ev_C,C,19,
20190122073250,2019-01-22 07:32:50,2019-01-22 12:00:00,ev_K,K,5,
20190122073300,2019-01-22 07:33:00,2019-01-22 12:00:00,ev_N,K,5,
20190122073310,2019-01-22 07:33:10,2019-01-22 12:00:00,ev_K,K,1,
20190122073320,2019-01-22 07:33:20,2019-01-22 12:00:00,ev_N,K,1,
20190122073330,2019-01-22 07:33:30,2019-01-22 12:00:00,ev_K,K,5,
20190122073340,2019-01-22 07:33:40,2019-01-22 12:00:00,ev_C,C,14,
20190122073350,2019-01-22 07:33:50,2019-01-22 12:00:00,ev_C,C,4,
20190122073400,2019-01-22 07:34:00,2019-01-22 12:00:00,ev_C,C,3,
20190122073410,2019-01-22 07:34:10,2019-01-22 12:00:00,ev_C,C,8,
20190122073420,2019-01-22 07:34:20,2019-01-22 12:00:00,ev_C,C,7,
20190122073430,2019-01-22 07:34:30,2019-01-22 12:00:00,ev_C,C,10,
20190122073440,2019-01-22 07:34:40,2019-01-22 12:00:00,ev_K,K,5,
20190122073450,2019-01-22 07:34:50,2019-01-22 12:00:00,ev_C,C,13,
20190122073500,2019-01-22 07:35:00,2019-01-22 12:00:00,ev_C,C,19,
20190122073510,2019-01-22 07:35:10,2019-01-22 12:00:00,ev_C,C,8,
20190122073520,2019-01-22 07:35:20,2019-01-22 12:00:00,ev_C,C,4,
20190122073530,2019-01-22 07:35:30,2019-01-22 12:00:00,ev_C,C,7,
20190122073540,2019-01-22 07:35:40,2019-01-22 12:00:00,ev_C,C,19,
20190122073550,2019-01-22 07:35:50,2019-01-22 12:00:00,ev_C,C,15,
20190122073600,2019-01-22 07:36:00,2019-01-22 12:00:00,ev_C,C,18,
20190122073610,2019-01-22 07:36:10,2019-01-22 12:00:00,ev_C,C,10,
20190122073620,2019-01-22 07:36:20,2019-01-22 12:00:00,ev_C,C,9,
20190122073630,2019-01-22 07:36:30,2019-01-22 12:00:00,ev_C,C,1,
20190122073640,2019-01-22 07:36:40,2019-01-22 12:00:00,ev_C,C,4,
20190122073650,2019-01-22 07:36:50,2019-01-22 12:00:00,ev_C,C,5,
20190122073700,2019-01-22 07:37:00,2019-01-22 12:00:00,ev_C,C,20,
20190122073710,2019-01-22 07:37:10,2019-01-22 12:00:00,ev_C,C,10,
20190122073720,2019-01-22 07:37:20,2019-01-22 12:00:00,ev_C,C,11,
20190122073730,2019-01-22 07:37:30,2019-01-22 12:00:00,ev_C,C,16,
20190122073740,2019-01-22 07:37:40,2019-01-22 12:00:00,ev_C,C,8,
20190122073750,2019-01-22 07:37:50,2019-01-22 12:00:00,ev_C,C,4,
20190122073800,2019-01-22 07:38:00,2019-01-22 12:00:00,ev_N,K,4,
20190122073810,2019-01-22 07:38:10,2019-01-22 12:00:00,ev_K,K,3,
20190122073820,2019-01-22 07:38:20,2019-01-22 12:00:00,ev_C,C,10,
20190122073830,2019-01-22 07:38:30,2019-01-22 12:00:00,ev_C,C,1,
20190122073840,2019-01-22 07:38:40,2019-01-22 12:00:00,ev_N,K,1,
20190122073850,2019-01-22 07:38:50,2019-01-22 12:00:00,ev_C,C,7,
20190122073900,2019-01-22 07:39:00,2019-01-22 12:00:00,ev_C,C,8,
20190122073910,2019-01-22 07:39:10,2019-01-22 12:00:00,ev_K,K,5,
20190122073920,2019-01-22 07:39:20,2019-01-22 12:00:00,ev_C,C,17,
20190122073930,2019-01-22 07:39:30,2019-01-22 12:00:00,ev_C,C,15,
20190122073940,2019-01-22 07:39:40,2019-01-22 12:00:00,ev_K,K,3,
20190122073950,2019-01-22 07:39:50,2019-01-22 12:00:00,ev_C,C,2,
20190122074000,2019-01-22 07:40:00,2019-01-22 12:00:00,ev_K,K,1,
20190122074010,2019-01-22 07:40:10,2019-01-22 12:00:00,ev_C,C,18,
20190122074020,2019-01-22 07:40:20,2019-01-22 12:00:00,ev_C,C,9,
20190122074030,2019-01-22 07:40:30,2019-01-22 12:00:00,ev_C,C,14,
20190122074040,2019-01-22 07:40:40,2019-01-22 12:00:00,ev_C,C,5,
20190122074050,2019-01-22 07:40:50,2019-01-22 12:00:00,ev_K,K,1,
20190122074100,2019-01-22 07:41:00,2019-01-22 12:00:00,ev_C,C,1,
20190122074110,2019-01-22 07:41:10,2019-01-22 12:00:00,ev_C,C,5,
20190122074120,2019-01-22 07:41:20,2019-01-22 12:00:00,ev_C,C,3,
20190122074130,2019-01-22 07:41:30,2019-01-22 12:00:00,ev_C,C,1,
20190122074140,2019-01-22 07:41:40,2019-01-22 12:00:00,ev_C,C,3,
20190122074150,2019-01-22 07:41:50,2019-01-22 12:00:00,ev_C,C,2,
20190122074200,2019-01-22 07:42:00,2019-01-22 12:00:00,ev_C,C,10,
20190122074210,2019-01-22 07:42:10,2019-01-22 12:00:00,ev_C,C,18,
20190122074220,2019-01-22 07:42:20,2019-01-22 12:00:00,ev_K,K,3,
20190122074230,2019-01-22 07:42:30,2019-01-22 12:00:00,ev_C,C,9,
20190122074240,2019-01-22 07:42:40,2019-01-22 12:00:00,ev_C,C,10,
20190122074250,2019-01-22 07:42:50,2019-01-22 12:00:00,ev_C,C,15,
20190122074300,2019-01-22 07:43:00,2019-01-22 12:00:00,ev_C,C,11,
20190122074310,2019-01-22 07:43:10,2019-01-22 12:00:00,ev_K,K,3,
20190122074320,2019-01-22 07:43:20,2019-01-22 12:00:00,ev_C,C,18,
20190122074330,2019-01-22 07:43:30,2019-01-22 12:00:00,ev_C,C,19,
20190122074340,2019-01-22 07:43:40,2019-01-22 12:00:00,ev_C,C,11,
20190122074350,2019-01-22 07:43:50,2019-01-22 12:00:00,ev_C,C,9,
20190122074400,2019-01-22 07:44:00,2019-01-22 12:00:00,ev_C,C,4,
20190122074410,2019-01-22 07:44:10,2019-01-22 12:00:00,ev_C,C,2,
20190122074420,2019-01-22 07:44:20,2019-01-22 12:00:00,ev_C,C,13,
20190122074430,2019-01-22 07:44:30,2019-01-22 12:00:00,ev_C,C,16,
20190122074440,2019-01-22 07:44:40,2019-01-22 12:00:00,ev_C,C,12,
20190122074450,2019-01-22 07:44:50,2019-01-22 12:00:00,ev_C,C,1,
20190122074500,2019-01-22 07:45:00,2019-01-22 12:00:00,ev_C,C,9,
20190122074510,2019-01-22 07:45:10,2019-01-22 12:00:00,ev_N,K,1,
20190122074520,2019-01-22 07:45:20,2019-01-22 12:00:00,ev_C,C,1,
20190122074530,2019-01-22 07:45:30,2019-01-22 12:00:00,ev_K,K,4,
20190122074540,2019-01-22 07:45:40,2019-01-22 12:00:00,ev_C,C,4,
20190122074550,2019-01-22 07:45:50,2019-01-22 12:00:00,ev_K,K,1,
20190122074600,2019-01-22 07:46:00,2019-01-22 12:00:00,ev_C,C,12,
20190122074610,2019-01-22 07:46:10,2019-01-22 12:00:00,ev_N,K,3,
20190122074620,2019-01-22 07:46:20,2019-01-22 12:00:00,ev_C,C,19,
20190122074630,2019-01-22 07:46:30,2019-01-22 12:00:00,ev_C,C,7,
20190122074640,2019-01-22 07:46:40,2019-01-22 12:00:00,ev_C,C,1,
20190122074650,2019-01-22 07:46:50,2019-01-22 12:00:00,ev_C,C,6,
20190122074700,2019-01-22 07:47:00,2019-01-22 12:00:00,ev_C,C,17,
20190122074710,2019-01-22 07:47:10,2019-01-22 12:00:00,ev_C,C,10,
20190122074720,2019-01-22 07:47:20,2019-01-22 12:00:00,ev_C,C,16,
20190122074730,2019-01-22 07:47:30,2019-01-22 12:00:00,ev_C,C,14,
20190122074740,2019-01-22 07:47:40,2019-01-22 12:00:00,ev_C,C,7,
20190122074750,2019-01-22 07:47:50,2019-01-22 12:00:00,ev_C,C,2,
20190122074800,2019-01-22 07:48:00,2019-01-22 12:00:00,ev_C,C,10,
20190122074810,2019-01-22 07:48:10,2019-01-22 12:00:00,ev_C,C,6,
20190122074820,2019-01-22 07:48:20,2019-01-22 12:00:00,ev_K,K,1,
20190122074830,2019-01-22 07:48:30,2019-01-22 12:00:00,ev_C,C,13,
20190122074840,2019-01-22 07:48:40,2019-01-22 12:00:00,ev_C,C,20,
20190122074850,2019-01-22 07:48:50,2019-01-22 12:00:00,ev_C,C,2,
20190122074900,2019-01-22 07:49:00,2019-01-22 12:00:00,ev_C,C,12,
20190122074910,2019-01-22 07:49:10,2019-01-22 12:00:00,ev_C,C,9,
20190122074920,2019-01-22 07:49:20,2019-01-22 12:00:00,ev_C,C,9,
20190122074930,2019-01-22 07:49:30,2019-01-22 12:00:00,ev_C,C,5,
20190122074940,2019-01-22 07:49:40,2019-01-22 12:00:00,ev_C,C,11,
20190122074950,2019-01-22 07:49:50,2019-01-22 12:00:00,ev_C,C,13,
20190122075000,2019-01-22 07:50:00,2019-01-22 12:00:00,ev_K,K,1,
20190122075010,2019-01-22 07:50:10,2019-01-22 12:00:00,ev_C,C,14,
20190122075020,2019-01-22 07:50:20,2019-01-22 12:00:00,ev_C,C,9,
20190122075030,2019-01-22 07:50:30,2019-01-22 12:00:00,ev_C,C,13,
20190122075040,2019-01-22 07:50:40,2019-01-22 12:00:00,ev_C,C,6,
20190122075050,2019-01-22 07:50:50,2019-01-22 12:00:00,ev_C,C,15,
20190122075100,2019-01-22 07:51:00,2019-01-22 12:00:00,ev_C,C,17,
20190122075110,2019-01-22 07:51:10,2019-01-22 12:00:00,ev_N,K,2,
20190122075120,2019-01-22 07:51:20,2019-01-22 12:00:00,ev_C,C,11,
20190122075130,2019-01-22 07:51:30,2019-01-22 12:00:00,ev_C,C,10,
20190122075140,2019-01-22 07:51:40,2019-01-22 12:00:00,ev_C,C,7,
20190122075150,2019-01-22 07:51:50,2019-01-22 12:00:00,ev_C,C,8,
20190122075200,2019-01-22 07:52:00,2019-01-22 12:00:00,ev_C,C,4,
20190122075210,2019-01-22 07:52:10,2019-01-22 12:00:00,ev_N,K,4,
20190122075220,2019-01-22 07:52:20,2019-01-22 12:00:00,ev_N,K,2,
20190122075230,2019-01-22 07:52:30,2019-01-22 12:00:00,ev_N,K,2,
20190122075240,2019-01-22 07:52:40,2019-01-22 12:00:00,ev_C,C,18,
20190122075250,2019-01-22 07:52:50,2019-01-22 12:00:00,ev_C,C,19,
20190122075300,2019-01-22 07:53:00,2019-01-22 12:00:00,ev_C,C,6,
20190122075310,2019-01-22 07:53:10,2019-01-22 12:00:00,ev_C,C,11,
20190122075320,2019-01-22 07:53:20,2019-01-22 12:00:00,ev_C,C,1,
20190122075330,2019-01-22 07:53:30,2019-01-22 12:00:00,ev_C,C,4,
20190122075340,2019-01-22 07:53:40,2019-01-22 12:00:00,ev_C,C,15,
20190122075350,2019-01-22 07:53:50,2019-01-22 12:00:00,ev_C,C,18,
20190122075400,2019-01-22 07:54:00,2019-01-22 12:00:00,ev_N,K,3,
20190122075410,2019-01-22 07:54:10,2019-01-22 12:00:00,ev_K,K,3,
20190122075420,2019-01-22 07:54:20,2019-01-22 12:00:00,ev_C,C,6,
20190122075430,2019-01-22 07:54:30,2019-01-22 12:00:00,ev_K,K,5,
20190122075440,2019-01-22 07:54:40,2019-01-22 12:00:00,ev_C,C,4,
20190122075450,2019-01-22 07:54:50,2019-01-22 12:00:00,ev_K,K,5,
20190122075500,2019-01-22 07:55:00,2019-01-22 12:00:00,ev_C,C,1,
20190122075510,2019-01-22 07:55:10,2019-01-22 12:00:00,ev_C,C,4,
20190122075520,2019-01-22 07:55:20,2019-01-22 12:00:00,ev_K,K,1,
20190122075530,2019-01-22 07:55:30,2019-01-22 12:00:00,ev_C,C,6,
20190122075540,2019-01-22 07:55:40,2019-01-22 12:00:00,ev_C,C,10,
20190122075550,2019-01-22 07:55:50,2019-01-22 12:00:00,ev_C,C,15,
20190122075600,2019-01-22 07:56:00,2019-01-22 12:00:00,ev_C,C,8,
20190122075610,2019-01-22 07:56:10,2019-01-22 12:00:00,ev_K,K,1,
20190122075620,2019-01-22 07:56:20,2019-01-22 12:00:00,ev_K,K,1,
20190122075630,2019-01-22 07:56:30,2019-01-22 12:00:00,ev_C,C,12,
20190122075640,2019-01-22 07:56:40,2019-01-22 12:00:00,ev_C,C,19,
20190122075650,2019-01-22 07:56:50,2019-01-22 12:00:00,ev_C,C,17,
20190122075700,2019-01-22 07:57:00,2019-01-22 12:00:00,ev_K,K,2,
20190122075710,2019-01-22 07:57:10,2019-01-22 12:00:00,ev_K,K,1,
20190122075720,2019-01-22 07:57:20,2019-01-22 12:00:00,ev_C,C,13,
20190122075730,2019-01-22 07:57:30,2019-01-22 12:00:00,ev_K,K,5,
20190122075740,2019-01-22 07:57:40,2019-01-22 12:00:00,ev_N,K,1,
20190122075750,2019-01-22 07:57:50,2019-01-22 12:00:00,ev_K,K,1,
20190122075800,2019-01-22 07:58:00,2019-01-22 12:00:00,ev_N,K,2,
20190122075810,2019-01-22 07:58:10,2019-01-22 12:00:00,ev_K,K,1,
20190122075820,2019-01-22 07:58:20,2019-01-22 12:00:00,ev_C,C,11,
20190122075830,2019-01-22 07:58:30,2019-01-22 12:00:00,ev_C,C,18,
20190122075840,2019-01-22 07:58:40,2019-01-22 12:00:00,ev_C,C,2,
20190122075850,2019-01-22 07:58:50,2019-01-22 12:00:00,ev_C,C,13,
20190122075900,2019-01-22 07:59:00,2019-01-22 12:00:00,ev_K,K,4,
20190122075910,2019-01-22 07:59:10,2019-01-22 12:00:00,ev_K,K,4,
20190122075920,2019-01-22 07:59:20,2019-01-22 12:00:00,ev_C,C,2,
20190122075930,2019-01-22 07:59:30,2019-01-22 12:00:00,ev_C,C,15,
20190122075940,2019-01-22 07:59:40,2019-01-22 12:00:00,ev_C,C,16,
20190122075950,2019-01-22 07:59:50,2019-01-22 12:00:00,ev_C,C,12,
20190122080000,2019-01-22 08:00:00,2019-01-22 12:00:00,ev_C,C,4,
20190122080010,2019-01-22 08:00:10,2019-01-22 12:00:00,ev_C,C,2,
20190122080020,2019-01-22 08:00:20,2019-01-22 12:00:00,ev_C,C,6,
20190122080030,2019-01-22 08:00:30,2019-01-22 12:00:00,ev_C,C,11,
20190122080040,2019-01-22 08:00:40,2019-01-22 12:00:00,ev_C,C,11,
20190122080050,2019-01-22 08:00:50,2019-01-22 12:00:00,ev_C,C,5,
20190122080100,2019-01-22 08:01:00,2019-01-22 12:00:00,ev_C,C,20,
20190122080110,2019-01-22 08:01:10,2019-01-22 12:00:00,ev_N,K,2,
20190122080120,2019-01-22 08:01:20,2019-01-22 12:00:00,ev_C,C,20,
20190122080130,2019-01-22 08:01:30,2019-01-22 12:00:00,ev_C,C,9,
20190122080140,2019-01-22 08:01:40,2019-01-22 12:00:00,ev_C,C,6,
20190122080150,2019-01-22 08:01:50,2019-01-22 12:00:00,ev_C,C,11,
20190122080200,2019-01-22 08:02:00,2019-01-22 12:00:00,ev_C,C,5,
20190122080210,2019-01-22 08:02:10,2019-01-22 12:00:00,ev_C,C,18,
20190122080220,2019-01-22 08:02:20,2019-01-22 12:00:00,ev_C,C,20,
20190122080230,2019-01-22 08:02:30,2019-01-22 12:00:00,ev_C,C,13,
20190122080240,2019-01-22 08:02:40,2019-01-22 12:00:00,ev_C,C,15,
20190122080250,2019-01-22 08:02:50,2019-01-22 12:00:00,ev_C,C,9,
20190122080300,2019-01-22 08:03:00,2019-01-22 12:00:00,ev_C,C,3,
20190122080310,2019-01-22 08:03:10,2019-01-22 12:00:00,ev_C,C,14,
20190122080320,2019-01-22 08:03:20,2019-01-22 12:00:00,ev_C,C,6,
20190122080330,2019-01-22 08:03:30,2019-01-22 12:00:00,ev_C,C,5,
20190122080340,2019-01-22 08:03:40,2019-01-22 12:00:00,ev_C,C,17,
20190122080350,2019-01-22 08:03:50,2019-01-22 12:00:00,ev_C,C,4,
20190122080400,2019-01-22 08:04:00,2019-01-22 12:00:00,ev_C,C,7,
20190122080410,2019-01-22 08:04:10,2019-01-22 12:00:00,ev_K,K,1,
20190122080420,2019-01-22 08:04:20,2019-01-22 12:00:00,ev_C,C,7,
20190122080430,2019-01-22 08:04:30,2019-01-22 12:00:00,ev_C,C,19,
20190122080440,2019-01-22 08:04:40,2019-01-22 12:00:00,ev_C,C,14,
20190122080450,2019-01-22 08:04:50,2019-01-22 12:00:00,ev_C,C,12,
20190122080500,2019-01-22 08:05:00,2019-01-22 12:00:00,ev_C,C,14,
20190122080510,2019-01-22 08:05:10,2019-01-22 12:00:00,ev_K,K,1,
20190122080520,2019-01-22 08:05:20,2019-01-22 12:00:00,ev_K,K,4,
20190122080530,2019-01-22 08:05:30,2019-01-22 12:00:00,ev_C,C,7,
20190122080540,2019-01-22 08:05:40,2019-01-22 12:00:00,ev_C,C,17,
20190122080550,2019-01-22 08:05:50,2019-01-22 12:00:00,ev_C,C,20,
20190122080600,2019-01-22 08:06:00,2019-01-22 12:00:00,ev_C,C,10,
20190122080610,2019-01-22 08:06:10,2019-01-22 12:00:00,ev_N,K,1,
20190122080620,2019-01-22 08:06:20,2019-01-22 12:00:00,ev_C,C,2,
20190122080630,2019-01-22 08:06:30,2019-01-22 12:00:00,ev_K,K,2,
20190122080640,2019-01-22 08:06:40,2019-01-22 12:00:00,ev_C,C,18,
20190122080650,2019-01-22 08:06:50,2019-01-22 12:00:00,ev_C,C,15,
20190122080700,2019-01-22 08:07:00,2019-01-22 12:00:00,ev_C,C,8,
20190122080710,2019-01-22 08:07:10,2019-01-22 12:00:00,ev_C,C,19,
20190122080720,2019-01-22 08:07:20,2019-01-22 12:00:00,ev_C,C,10,
20190122080730,2019-01-22 08:07:30,2019-01-22 12:00:00,ev_N,K,2,
20190122080740,2019-01-22 08:07:40,2019-01-22 12:00:00,ev_K,K,3,
20190122080750,2019-01-22 08:07:50,2019-01-22 12:00:00,ev_K,K,2,
20190122080800,2019-01-22 08:08:00,2019-01-22 12:00:00,ev_C,C,11,
20190122080810,2019-01-22 08:08:10,2019-01-22 12:00:00,ev_C,C,3,
20190122080820,2019-01-22 08:08:20,2019-01-22 12:00:00,ev_C,C,15,
20190122080830,2019-01-22 08:08:30,2019-01-22 12:00:00,ev_C,C,19,
20190122080840,2019-01-22 08:08:40,2019-01-22 12:00:00,ev_C,C,17,
20190122080850,2019-01-22 08:08:50,2019-01-22 12:00:00,ev_N,K,1,
20190122080900,2019-01-22 08:09:00,2019-01-22 12:00:00,ev_K,K,2,
20190122080910,2019-01-22 08:09:10,2019-01-22 12:00:00,ev_K,K,3,
20190122080920,2019-01-22 08:09:20,2019-01-22 12:00:00,ev_C,C,16,
20190122080930,2019-01-22 08:09:30,2019-01-22 12:00:00,ev_C,C,16,
20190122080940,2019-01-22 08:09:40,2019-01-22 12:00:00,ev_K,K,3,
20190122080950,2019-01-22 08:09:50,2019-01-22 12:00:00,ev_C,C,9,
20190122081000,2019-01-22 08:10:00,2019-01-22 12:00:00,ev_C,C,2,
20190122081010,2019-01-22 08:10:10,2019-01-22 12:00:00,ev_C,C,20,
20190122081020,2019-01-22 08:10:20,2019-01-22 12:00:00,ev_C,C,1,
20190122081030,2019-01-22 08:10:30,2019-01-22 12:00:00,ev_C,C,9,
20190122081040,2019-01-22 08:10:40,2019-01-22 12:00:00,ev_K,K,5,
20190122081050,2019-01-22 08:10:50,2019-01-22 12:00:00,ev_C,C,12,
20190122081100,2019-01-22 08:11:00,2019-01-22 12:00:00,ev_C,C,1,
20190122081110,2019-01-22 08:11:10,2019-01-22 12:00:00,ev_C,C,19,
20190122081120,2019-01-22 08:11:20,2019-01-22 12:00:00,ev_C,C,4,
20190122081130,2019-01-22 08:11:30,2019-01-22 12:00:00,ev_C,C,17,
20190122081140,2019-01-22 08:11:40,2019-01-22 12:00:00,ev_C,C,5,
20190122081150,2019-01-22 08:11:50,2019-01-22 12:00:00,ev_C,C,13,
20190122081200,2019-01-22 08:12:00,2019-01-22 12:00:00,ev_C,C,18,
20190122081210,2019-01-22 08:12:10,2019-01-22 12:00:00,ev_K,K,4,
20190122081220,2019-01-22 08:12:20,2019-01-22 12:00:00,ev_C,C,1,
20190122081230,2019-01-22 08:12:30,2019-01-22 12:00:00,ev_C,C,2,
20190122081240,2019-01-22 08:12:40,2019-01-22 12:00:00,ev_C,C,14,
20190122081250,2019-01-22 08:12:50,2019-01-22 12:00:00,ev_N,K,2,
20190122081300,2019-01-22 08:13:00,2019-01-22 12:00:00,ev_C,C,20,
20190122081310,2019-01-22 08:13:10,2019-01-22 12:00:00,ev_C,C,15,
20190122081320,2019-01-22 08:13:20,2019-01-22 12:00:00,ev_C,C,2,
20190122081330,2019-01-22 08:13:30,2019-01-22 12:00:00,ev_N,K,5,
20190122081340,2019-01-22 08:13:40,2019-01-22 12:00:00,ev_C,C,13,
20190122081350,2019-01-22 08:13:50,2019-01-22 12:00:00,ev_C,C,18,
20190122081400,2019-01-22 08:14:00,2019-01-22 12:00:00,ev_C,C,3,
20190122081410,2019-01-22 08:14:10,2019-01-22 12:00:00,ev_C,C,8,
20190122081420,2019-01-22 08:14:20,2019-01-22 12:00:00,ev_N,K,3,
20190122081430,2019-01-22 08:14:30,2019-01-22 12:00:00,ev_C,C,10,
20190122081440,2019-01-22 08:14:40,2019-01-22 12:00:00,ev_C,C,13,
20190122081450,2019-01-22 08:14:50,2019-01-22 12:00:00,ev_C,C,11,
20190122081500,2019-01-22 08:15:00,2019-01-22 12:00:00,ev_C,C,14,
20190122081510,2019-01-22 08:15:10,2019-01-22 12:00:00,ev_C,C,10,
20190122081520,2019-01-22 08:15:20,2019-01-22 12:00:00,ev_C,C,9,
20190122081530,2019-01-22 08:15:30,2019-01-22 12:00:00,ev_C,C,6,
20190122081540,2019-01-22 08:15:40,2019-01-22 12:00:00,ev_C,C,16,
20190122081550,2019-01-22 08:15:50,2019-01-22 12:00:00,ev_C,C,3,
20190122081600,2019-01-22 08:16:00,2019-01-22 12:00:00,ev_C,C,9,
20190122081610,2019-01-22 08:16:10,2019-01-22 12:00:00,ev_C,C,18,
20190122081620,2019-01-22 08:16:20,2019-01-22 12:00:00,ev_K,K,2,
20190122081630,2019-01-22 08:16:30,2019-01-22 12:00:00,ev_C,C,12,
20190122081640,2019-01-22 08:16:40,2019-01-22 12:00:00,ev_C,C,6,
20190122081650,2019-01-22 08:16:50,2019-01-22 12:00:00,ev_C,C,12,
20190122081700,2019-01-22 08:17:00,2019-01-22 12:00:00,ev_C,C,13,
20190122081710,2019-01-22 08:17:10,2019-01-22 12:00:00,ev_C,C,10,
20190122081720,2019-01-22 08:17:20,2019-01-22 12:00:00,ev_C,C,10,
20190122081730,2019-01-22 08:17:30,2019-01-22 12:00:00,ev_C,C,2,
20190122081740,2019-01-22 08:17:40,2019-01-22 12:00:00,ev_K,K,1,
20190122081750,2019-01-22 08:17:50,2019-01-22 12:00:00,ev_N,K,3,
20190122081800,2019-01-22 08:18:00,2019-01-22 12:00:00,ev_C,C,19,
20190122081810,2019-01-22 08:18:10,2019-01-22 12:00:00,ev_C,C,8,
20190122081820,2019-01-22 08:18:20,2019-01-22 12:00:00,ev_C,C,9,
20190122081830,2019-01-22 08:18:30,2019-01-22 12:00:00,ev_C,C,6,
20190122081840,2019-01-22 08:18:40,2019-01-22 12:00:00,ev_C,C,11,
20190122081850,2019-01-22 08:18:50,2019-01-22 12:00:00,ev_K,K,1,
20190122081900,2019-01-22 08:19:00,2019-01-22 12:00:00,ev_C,C,9,
20190122081910,2019-01-22 08:19:10,2019-01-22 12:00:00,ev_C,C,9,
20190122081920,2019-01-22 08:19:20,2019-01-22 12:00:00,ev_C,C,2,
20190122081930,2019-01-22 08:19:30,2019-01-22 12:00:00,ev_C,C,12,
20190122081940,2019-01-22 08:19:40,2019-01-22 12:00:00,ev_C,C,17,
20190122081950,2019-01-22 08:19:50,2019-01-22 12:00:00,ev_K,K,4,
20190122082000,2019-01-22 08:20:00,2019-01-22 12:00:00,ev_C,C,12,
20190122082010,2019-01-22 08:20:10,2019-01-22 12:00:00,ev_K,K,4,
20190122082020,2019-01-22 08:20:20,2019-01-22 12:00:00,ev_C,C,9,
20190122082030,2019-01-22 08:20:30,2019-01-22 12:00:00,ev_C,C,4,
20190122082040,2019-01-22 08:20:40,2019-01-22 12:00:00,ev_C,C,10,
20190122082050,2019-01-22 08:20:50,2019-01-22 12:00:00,ev_C,C,9,
20190122082100,2019-01-22 08:21:00,2019-01-22 12:00:00,ev_C,C,6,
20190122082110,2019-01-22 08:21:10,2019-01-22 12:00:00,ev_C,C,2,
20190122082120,2019-01-22 08:21:20,2019-01-22 12:00:00,ev_C,C,4,
20190122082130,2019-01-22 08:21:30,2019-01-22 12:00:00,ev_C,C,6,
20190122082140,2019-01-22 08:21:40,2019-01-22 12:00:00,ev_C,C,18,
20190122082150,2019-01-22 08:21:50,2019-01-22 12:00:00,ev_C,C,1,
20190122082200,2019-01-22 08:22:00,2019-01-22 12:00:00,ev_K,K,1,
20190122082210,2019-01-22 08:22:10,2019-01-22 12:00:00,ev_C,C,12,
20190122082220,2019-01-22 08:22:20,2019-01-22 12:00:00,ev_C,C,9,
20190122082230,2019-01-22 08:22:30,2019-01-22 12:00:00,ev_C,C,6,
20190122082240,2019-01-22 08:22:40,2019-01-22 12:00:00,ev_C,C,9,
20190122082250,2019-01-22 08:22:50,2019-01-22 12:00:00,ev_C,C,4,
20190122082300,2019-01-22 08:23:00,2019-01-22 12:00:00,ev_C,C,7,
20190122082310,2019-01-22 08:23:10,2019-01-22 12:00:00,ev_C,C,19,
20190122082320,2019-01-22 08:23:20,2019-01-22 12:00:00,ev_C,C,2,
20190122082330,2019-01-22 08:23:30,2019-01-22 12:00:00,ev_C,C,5,
20190122082340,2019-01-22 08:23:40,2019-01-22 12:00:00,ev_N,K,3,
20190122082350,2019-01-22 08:23:50,2019-01-22 12:00:00,ev_C,C,6,
20190122082400,2019-01-22 08:24:00,2019-01-22 12:00:00,ev_C,C,16,
20190122082410,2019-01-22 08:24:10,2019-01-22 12:00:00,ev_C,C,4,
20190122082420,2019-01-22 08:24:20,2019-01-22 12:00:00,ev_C,C,12,
20190122082430,2019-01-22 08:24:30,2019-01-22 12:00:00,ev_C,C,15,
20190122082440,2019-01-22 08:24:40,2019-01-22 12:00:00,ev_C,C,4,
20190122082450,2019-01-22 08:24:50,2019-01-22 12:00:00,ev_K,K,4,
20190122082500,2019-01-22 08:25:00,2019-01-22 12:00:00,ev_K,K,3,
20190122082510,2019-01-22 08:25:10,2019-01-22 12:00:00,ev_C,C,20,
20190122082520,2019-01-22 08:25:20,2019-01-22 12:00:00,ev_C,C,11,
20190122082530,2019-01-22 08:25:30,2019-01-22 12:00:00,ev_C,C,11,
20190122082540,2019-01-22 08:25:40,2019-01-22 12:00:00,ev_C,C,16,
20190122082550,2019-01-22 08:25:50,2019-01-22 12:00:00,ev_C,C,15,
20190122082600,2019-01-22 08:26:00,2019-01-22 12:00:00,ev_C,C,18,
20190122082610,2019-01-22 08:26:10,2019-01-22 12:00:00,ev_C,C,1,
20190122082620,2019-01-22 08:26:20,2019-01-22 12:00:00,ev_C,C,18,
20190122082630,2019-01-22 08:26:30,2019-01-22 12:00:00,ev_C,C,16,
20190122082640,2019-01-22 08:26:40,2019-01-22 12:00:00,ev_C,C,1,
20190122082650,2019-01-22 08:26:50,2019-01-22 12:00:00,ev_C,C,6,
20190122082700,2019-01-22 08:27:00,2019-01-22 12:00:00,ev_C,C,18,
20190122082710,2019-01-22 08:27:10,2019-01-22 12:00:00,ev_K,K,1,
20190122082720,2019-01-22 08:27:20,2019-01-22 12:00:00,ev_C,C,7,
20190122082730,2019-01-22 08:27:30,2019-01-22 12:00:00,ev_C,C,20,
20190122082740,2019-01-22 08:27:40,2019-01-22 12:00:00,ev_C,C,18,
20190122082750,2019-01-22 08:27:50,2019-01-22 12:00:00,ev_N,K,3,
20190122082800,2019-01-22 08:28:00,2019-01-22 12:00:00,ev_K,K,3,
20190122082810,2019-01-22 08:28:10,2019-01-22 12:00:00,ev_K,K,5,
20190122082820,2019-01-22 08:28:20,2019-01-22 12:00:00,ev_C,C,15,
20190122082830,2019-01-22 08:28:30,2019-01-22 12:00:00,ev_K,K,3,
20190122082840,2019-01-22 08:28:40,2019-01-22 12:00:00,ev_C,C,7,
20190122082850,2019-01-22 08:28:50,2019-01-22 12:00:00,ev_C,C,15,
20190122082900,2019-01-22 08:29:00,2019-01-22 12:00:00,ev_C,C,2,
20190122082910,2019-01-22 08:29:10,2019-01-22 12:00:00,ev_C,C,14,
20190122082920,2019-01-22 08:29:20,2019-01-22 12:00:00,ev_C,C,11,
20190122082930,2019-01-22 08:29:30,2019-01-22 12:00:00,ev_C,C,10,
20190122082940,2019-01-22 08:29:40,2019-01-22 12:00:00,ev_C,C,7,
20190122082950,2019-01-22 08:29:50,2019-01-22 12:00:00,ev_C,C,12,
20190122083000,2019-01-22 08:30:00,2019-01-22 12:00:00,ev_C,C,4,
20190122083010,2019-01-22 08:30:10,2019-01-22 12:00:00,ev_C,C,4,
20190122083020,2019-01-22 08:30:20,2019-01-22 12:00:00,ev_K,K,1,
20190122083030,2019-01-22 08:30:30,2019-01-22 12:00:00,ev_C,C,2,
20190122083040,2019-01-22 08:30:40,2019-01-22 12:00:00,ev_C,C,19,
20190122083050,2019-01-22 08:30:50,2019-01-22 12:00:00,ev_K,K,1,
20190122083100,2019-01-22 08:31:00,2019-01-22 12:00:00,ev_K,K,1,
20190122083110,2019-01-22 08:31:10,2019-01-22 12:00:00,ev_C,C,5,
20190122083120,2019-01-22 08:31:20,2019-01-22 12:00:00,ev_K,K,4,
20190122083130,2019-01-22 08:31:30,2019-01-22 12:00:00,ev_C,C,4,
20190122083140,2019-01-22 08:31:40,2019-01-22 12:00:00,ev_K,K,5,
20190122083150,2019-01-22 08:31:50,2019-01-22 12:00:00,ev_K,K,5,
20190122083200,2019-01-22 08:32:00,2019-01-22 12:00:00,ev_C,C,20,
20190122083210,2019-01-22 08:32:10,2019-01-22 12:00:00,ev_K,K,2,
20190122083220,2019-01-22 08:32:20,2019-01-22 12:00:00,ev_C,C,17,
20190122083230,2019-01-22 08:32:30,2019-01-22 12:00:00,ev_K,K,2,
20190122083240,2019-01-22 08:32:40,2019-01-22 12:00:00,ev_C,C,5,
20190122083250,2019-01-22 08:32:50,2019-01-22 12:00:00,ev_C,C,16,
20190122083300,2019-01-22 08:33:00,2019-01-22 12:00:00,ev_C,C,6,
20190122083310,2019-01-22 08:33:10,2019-01-22 12:00:00,ev_C,C,13,
20190122083320,2019-01-22 08:33:20,2019-01-22 12:00:00,ev_C,C,16,
20190122083330,2019-01-22 08:33:30,2019-01-22 12:00:00,ev_K,K,2,
20190122083340,2019-01-22 08:33:40,2019-01-22 12:00:00,ev_C,C,10,
20190122083350,2019-01-22 08:33:50,2019-01-22 12:00:00,ev_K,K,4,
20190122083400,2019-01-22 08:34:00,2019-01-22 12:00:00,ev_C,C,1,
20190122083410,2019-01-22 08:34:10,2019-01-22 12:00:00,ev_K,K,3,
20190122083420,2019-01-22 08:34:20,2019-01-22 12:00:00,ev_C,C,10,
20190122083430,2019-01-22 08:34:30,2019-01-22 12:00:00,ev_K,K,5,
20190122083440,2019-01-22 08:34:40,2019-01-22 12:00:00,ev_C,C,5,
20190122083450,2019-01-22 08:34:50,2019-01-22 12:00:00,ev_K,K,4,
20190122083500,2019-01-22 08:35:00,2019-01-22 12:00:00,ev_C,C,14,
20190122083510,2019-01-22 08:35:10,2019-01-22 12:00:00,ev_C,C,18,
20190122083520,2019-01-22 08:35:20,2019-01-22 12:00:00,ev_N,K,5,
20190122083530,2019-01-22 08:35:30,2019-01-22 12:00:00,ev_C,C,5,
20190122083540,2019-01-22 08:35:40,2019-01-22 12:00:00,ev_C,C,20,
20190122083550,2019-01-22 08:35:50,2019-01-22 12:00:00,ev_C,C,10,
20190122083600,2019-01-22 08:36:00,2019-01-22 12:00:00,ev_C,C,11,
20190122083610,2019-01-22 08:36:10,2019-01-22 12:00:00,ev_C,C,3,
20190122083620,2019-01-22 08:36:20,2019-01-22 12:00:00,ev_C,C,2,
20190122083630,2019-01-22 08:36:30,2019-01-22 12:00:00,ev_C,C,13,
20190122083640,2019-01-22 08:36:40,2019-01-22 12:00:00,ev_C,C,17,
20190122083650,2019-01-22 08:36:50,2019-01-22 12:00:00,ev_N,K,1,
20190122083700,2019-01-22 08:37:00,2019-01-22 12:00:00,ev_C,C,7,
20190122083710,2019-01-22 08:37:10,2019-01-22 12:00:00,ev_C,C,12,
20190122083720,2019-01-22 08:37:20,2019-01-22 12:00:00,ev_N,K,4,
20190122083730,2019-01-22 08:37:30,2019-01-22 12:00:00,ev_C,C,3,
20190122083740,2019-01-22 08:37:40,2019-01-22 12:00:00,ev_C,C,19,
20190122083750,2019-01-22 08:37:50,2019-01-22 12:00:00,ev_N,K,1,
20190122083800,2019-01-22 08:38:00,2019-01-22 12:00:00,ev_C,C,5,
20190122083810,2019-01-22 08:38:10,2019-01-22 12:00:00,ev_N,K,1,
20190122083820,2019-01-22 08:38:20,2019-01-22 12:00:00,ev_K,K,3,
20190122083830,2019-01-22 08:38:30,2019-01-22 12:00:00,ev_C,C,20,
20190122083840,2019-01-22 08:38:40,2019-01-22 12:00:00,ev_C,C,15,
20190122083850,2019-01-22 08:38:50,2019-01-22 12:00:00,ev_K,K,4,
20190122083900,2019-01-22 08:39:00,2019-01-22 12:00:00,ev_C,C,7,
20190122083910,2019-01-22 08:39:10,2019-01-22 12:00:00,ev_K,K,4,
20190122083920,2019-01-22 08:39:20,2019-01-22 12:00:00,ev_C,C,7,
20190122083930,2019-01-22 08:39:30,2019-01-22 12:00:00,ev_N,K,4,
20190122083940,2019-01-22 08:39:40,2019-01-22 12:00:00,ev_K,K,1,
20190122083950,2019-01-22 08:39:50,2019-01-22 12:00:00,ev_C,C,13,
20190122084000,2019-01-22 08:40:00,2019-01-22 12:00:00,ev_C,C,19,
20190122084010,2019-01-22 08:40:10,2019-01-22 12:00:00,ev_K,K,1,
20190122084020,2019-01-22 08:40:20,2019-01-22 12:00:00,ev_C,C,4,
20190122084030,2019-01-22 08:40:30,2019-01-22 12:00:00,ev_K,K,4,
20190122084040,2019-01-22 08:40:40,2019-01-22 12:00:00,ev_N,K,3,
20190122084050,2019-01-22 08:40:50,2019-01-22 12:00:00,ev_C,C,15,
20190122084100,2019-01-22 08:41:00,2019-01-22 12:00:00,ev_K,K,4,
20190122084110,2019-01-22 08:41:10,2019-01-22 12:00:00,ev_C,C,14,
20190122084120,2019-01-22 08:41:20,2019-01-22 12:00:00,ev_K,K,1,
20190122084130,2019-01-22 08:41:30,2019-01-22 12:00:00,ev_N,K,2,
20190122084140,2019-01-22 08:41:40,2019-01-22 12:00:00,ev_C,C,1,
20190122084150,2019-01-22 08:41:50,2019-01-22 12:00:00,ev_N,K,5,
20190122084200,2019-01-22 08:42:00,2019-01-22 12:00:00,ev_K,K,3,
20190122084210,2019-01-22 08:42:10,2019-01-22 12:00:00,ev_C,C,8,
20190122084220,2019-01-22 08:42:20,2019-01-22 12:00:00,ev_K,K,3,
20190122084230,2019-01-22 08:42:30,2019-01-22 12:00:00,ev_C,C,12,
20190122084240,2019-01-22 08:42:40,2019-01-22 12:00:00,ev_K,K,5,
20190122084250,2019-01-22 08:42:50,2019-01-22 12:00:00,ev_C,C,20,
20190122084300,2019-01-22 08:43:00,2019-01-22 12:00:00,ev_C,C,15,
20190122084310,2019-01-22 08:43:10,2019-01-22 12:00:00,ev_C,C,6,
20190122084320,2019-01-22 08:43:20,2019-01-22 12:00:00,ev_C,C,18,
20190122084330,2019-01-22 08:43:30,2019-01-22 12:00:00,ev_K,K,5,
20190122084340,2019-01-22 08:43:40,2019-01-22 12:00:00,ev_N,K,4,
20190122084350,2019-01-22 08:43:50,2019-01-22 12:00:00,ev_K,K,4,
20190122084400,2019-01-22 08:44:00,2019-01-22 12:00:00,ev_C,C,3,
20190122084410,2019-01-22 08:44:10,2019-01-22 12:00:00,ev_N,K,1,
20190122084420,2019-01-22 08:44:20,2019-01-22 12:00:00,ev_C,C,8,
20190122084430,2019-01-22 08:44:30,2019-01-22 12:00:00,ev_C,C,1,
20190122084440,2019-01-22 08:44:40,2019-01-22 12:00:00,ev_N,K,1,
20190122084450,2019-01-22 08:44:50,2019-01-22 12:00:00,ev_C,C,3,
20190122084500,2019-01-22 08:45:00,2019-01-22 12:00:00,ev_C,C,5,
20190122084510,2019-01-22 08:45:10,2019-01-22 12:00:00,ev_C,C,1,
20190122084520,2019-01-22 08:45:20,2019-01-22 12:00:00,ev_N,K,1,
20190122084530,2019-01-22 08:45:30,2019-01-22 12:00:00,ev_K,K,5,
20190122084540,2019-01-22 08:45:40,2019-01-22 12:00:00,ev_K,K,4,
20190122084550,2019-01-22 08:45:50,2019-01-22 12:00:00,ev_C,C,4,
20190122084600,2019-01-22 08:46:00,2019-01-22 12:00:00,ev_K,K,2,
20190122084610,2019-01-22 08:46:10,2019-01-22 12:00:00,ev_C,C,12,
20190122084620,2019-01-22 08:46:20,2019-01-22 12:00:00,ev_C,C,13,
20190122084630,2019-01-22 08:46:30,2019-01-22 12:00:00,ev_C,C,5,
20190122084640,2019-01-22 08:46:40,2019-01-22 12:00:00,ev_C,C,18,
20190122084650,2019-01-22 08:46:50,2019-01-22 12:00:00,ev_N,K,4,
20190122084700,2019-01-22 08:47:00,2019-01-22 12:00:00,ev_C,C,16,
20190122084710,2019-01-22 08:47:10,2019-01-22 12:00:00,ev_C,C,3,
20190122084720,2019-01-22 08:47:20,2019-01-22 12:00:00,ev_C,C,13,
20190122084730,2019-01-22 08:47:30,2019-01-22 12:00:00,ev_C,C,17,
20190122084740,2019-01-22 08:47:40,2019-01-22 12:00:00,ev_C,C,16,
20190122084750,2019-01-22 08:47:50,2019-01-22 12:00:00,ev_C,C,7,
20190122084800,2019-01-22 08:48:00,2019-01-22 12:00:00,ev_C,C,10,
20190122084810,2019-01-22 08:48:10,2019-01-22 12:00:00,ev_C,C,6,
20190122084820,2019-01-22 08:48:20,2019-01-22 12:00:00,ev_C,C,10,
20190122084830,2019-01-22 08:48:30,2019-01-22 12:00:00,ev_C,C,12,
20190122084840,2019-01-22 08:48:40,2019-01-22 12:00:00,ev_K,K,4,
20190122084850,2019-01-22 08:48:50,2019-01-22 12:00:00,ev_N,K,1,
20190122084900,2019-01-22 08:49:00,2019-01-22 12:00:00,ev_C,C,7,
20190122084910,2019-01-22 08:49:10,2019-01-22 12:00:00,ev_C,C,1,
20190122084920,2019-01-22 08:49:20,2019-01-22 12:00:00,ev_C,C,4,
20190122084930,2019-01-22 08:49:30,2019-01-22 12:00:00,ev_C,C,8,
20190122084940,2019-01-22 08:49:40,2019-01-22 12:00:00,ev_C,C,17,
20190122084950,2019-01-22 08:49:50,2019-01-22 12:00:00,ev_K,K,2,
20190122085000,2019-01-22 08:50:00,2019-01-22 12:00:00,ev_N,K,1,
20190122085010,2019-01-22 08:50:10,2019-01-22 12:00:00,ev_C,C,20,
20190122085020,2019-01-22 08:50:20,2019-01-22 12:00:00,ev_C,C,5,
20190122085030,2019-01-22 08:50:30,2019-01-22 12:00:00,ev_C,C,10,
20190122085040,2019-01-22 08:50:40,2019-01-22 12:00:00,ev_C,C,18,
20190122085050,2019-01-22 08:50:50,2019-01-22 12:00:00,ev_C,C,17,
20190122085100,2019-01-22 08:51:00,2019-01-22 12:00:00,ev_C,C,8,
20190122085110,2019-01-22 08:51:10,2019-01-22 12:00:00,ev_C,C,4,
20190122085120,2019-01-22 08:51:20,2019-01-22 12:00:00,ev_C,C,7,
20190122085130,2019-01-22 08:51:30,2019-01-22 12:00:00,ev_C,C,6,
20190122085140,2019-01-22 08:51:40,2019-01-22 12:00:00,ev_C,C,3,
20190122085150,2019-01-22 08:51:50,2019-01-22 12:00:00,ev_N,K,2,
20190122085200,2019-01-22 08:52:00,2019-01-22 12:00:00,ev_C,C,2,
20190122085210,2019-01-22 08:52:10,2019-01-22 12:00:00,ev_N,K,3,
20190122085220,2019-01-22 08:52:20,2019-01-22 12:00:00,ev_C,C,3,
20190122085230,2019-01-22 08:52:30,2019-01-22 12:00:00,ev_C,C,19,
20190122085240,2019-01-22 08:52:40,2019-01-22 12:00:00,ev_C,C,1,
20190122085250,2019-01-22 08:52:50,2019-01-22 12:00:00,ev_K,K,2,
20190122085300,2019-01-22 08:53:00,2019-01-22 12:00:00,ev_C,C,16,
20190122085310,2019-01-22 08:53:10,2019-01-22 12:00:00,ev_K,K,5,
20190122085320,2019-01-22 08:53:20,2019-01-22 12:00:00,ev_K,K,1,
20190122085330,2019-01-22 08:53:30,2019-01-22 12:00:00,ev_C,C,7,
20190122085340,2019-01-22 08:53:40,2019-01-22 12:00:00,ev_K,K,5,
20190122085350,2019-01-22 08:53:50,2019-01-22 12:00:00,ev_C,C,7,
20190122085400,2019-01-22 08:54:00,2019-01-22 12:00:00,ev_C,C,17,
20190122085410,2019-01-22 08:54:10,2019-01-22 12:00:00,ev_C,C,7,
20190122085420,2019-01-22 08:54:20,2019-01-22 12:00:00,ev_C,C,5,
20190122085430,2019-01-22 08:54:30,2019-01-22 12:00:00,ev_C,C,15,
20190122085440,2019-01-22 08:54:40,2019-01-22 12:00:00,ev_N,K,2,
20190122085450,2019-01-22 08:54:50,2019-01-22 12:00:00,ev_C,C,14,
20190122085500,2019-01-22 08:55:00,2019-01-22 12:00:00,ev_C,C,9,
20190122085510,2019-01-22 08:55:10,2019-01-22 12:00:00,ev_C,C,9,
20190122085520,2019-01-22 08:55:20,2019-01-22 12:00:00,ev_C,C,4,
20190122085530,2019-01-22 08:55:30,2019-01-22 12:00:00,ev_K,K,4,
20190122085540,2019-01-22 08:55:40,2019-01-22 12:00:00,ev_C,C,2,
20190122085550,2019-01-22 08:55:50,2019-01-22 12:00:00,ev_C,C,20,
20190122085600,2019-01-22 08:56:00,2019-01-22 12:00:00,ev_C,C,13,
20190122085610,2019-01-22 08:56:10,2019-01-22 12:00:00,ev_C,C,16,
20190122085620,2019-01-22 08:56:20,2019-01-22 12:00:00,ev_K,K,5,
20190122085630,2019-01-22 08:56:30,2019-01-22 12:00:00,ev_C,C,5,
20190122085640,2019-01-22 08:56:40,2019-01-22 12:00:00,ev_K,K,1,
20190122085650,2019-01-22 08:56:50,2019-01-22 12:00:00,ev_K,K,4,
20190122085700,2019-01-22 08:57:00,2019-01-22 12:00:00,ev_C,C,3,
20190122085710,2019-01-22 08:57:10,2019-01-22 12:00:00,ev_C,C,8,
20190122085720,2019-01-22 08:57:20,2019-01-22 12:00:00,ev_K,K,4,
20190122085730,2019-01-22 08:57:30,2019-01-22 12:00:00,ev_N,K,2,
20190122085740,2019-01-22 08:57:40,2019-01-22 12:00:00,ev_C,C,16,
20190122085750,2019-01-22 08:57:50,2019-01-22 12:00:00,ev_C,C,5,
20190122085800,2019-01-22 08:58:00,2019-01-22 12:00:00,ev_C,C,7,
20190122085810,2019-01-22 08:58:10,2019-01-22 12:00:00,ev_C,C,11,
20190122085820,2019-01-22 08:58:20,2019-01-22 12:00:00,ev_C,C,14,
20190122085830,2019-01-22 08:58:30,2019-01-22 12:00:00,ev_C,C,8,
20190122085840,2019-01-22 08:58:40,2019-01-22 12:00:00,ev_K,K,1,
20190122085850,2019-01-22 08:58:50,2019-01-22 12:00:00,ev_C,C,3,
20190122085900,2019-01-22 08:59:00,2019-01-22 12:00:00,ev_C,C,5,
20190122085910,2019-01-22 08:59:10,2019-01-22 12:00:00,ev_K,K,4,
20190122085920,2019-01-22 08:59:20,2019-01-22 12:00:00,ev_K,K,1,
20190122085930,2019-01-22 08:59:30,2019-01-22 12:00:00,ev_C,C,17,
20190122085940,2019-01-22 08:59:40,2019-01-22 12:00:00,ev_K,K,5,
20190122085950,2019-01-22 08:59:50,2019-01-22 12:00:00,ev_C,C,19,
20190122090000,2019-01-22 09:00:00,2019-01-22 12:00:00,ev_C,C,2,
20190122090010,2019-01-22 09:00:10,2019-01-22 12:00:00,ev_C,C,14,
20190122090020,2019-01-22 09:00:20,2019-01-22 12:00:00,ev_C,C,11,
20190122090030,2019-01-22 09:00:30,2019-01-22 12:00:00,ev_K,K,1,
20190122090040,2019-01-22 09:00:40,2019-01-22 12:00:00,ev_C,C,15,
20190122090050,2019-01-22 09:00:50,2019-01-22 12:00:00,ev_C,C,12,
20190122090100,2019-01-22 09:01:00,2019-01-22 12:00:00,ev_K,K,5,
20190122090110,2019-01-22 09:01:10,2019-01-22 12:00:00,ev_C,C,9,
20190122090120,2019-01-22 09:01:20,2019-01-22 12:00:00,ev_C,C,10,
20190122090130,2019-01-22 09:01:30,2019-01-22 12:00:00,ev_C,C,20,
20190122090140,2019-01-22 09:01:40,2019-01-22 12:00:00,ev_N,K,1,
20190122090150,2019-01-22 09:01:50,2019-01-22 12:00:00,ev_N,K,5,
20190122090200,2019-01-22 09:02:00,2019-01-22 12:00:00,ev_K,K,3,
20190122090210,2019-01-22 09:02:10,2019-01-22 12:00:00,ev_C,C,16,
20190122090220,2019-01-22 09:02:20,2019-01-22 12:00:00,ev_C,C,7,
20190122090230,2019-01-22 09:02:30,2019-01-22 12:00:00,ev_K,K,4,
20190122090240,2019-01-22 09:02:40,2019-01-22 12:00:00,ev_K,K,1,
20190122090250,2019-01-22 09:02:50,2019-01-22 12:00:00,ev_C,C,7,
20190122090300,2019-01-22 09:03:00,2019-01-22 12:00:00,ev_C,C,3,
20190122090310,2019-01-22 09:03:10,2019-01-22 12:00:00,ev_K,K,1,
20190122090320,2019-01-22 09:03:20,2019-01-22 12:00:00,ev_C,C,7,
20190122090330,2019-01-22 09:03:30,2019-01-22 12:00:00,ev_C,C,1,
20190122090340,2019-01-22 09:03:40,2019-01-22 12:00:00,ev_N,K,5,
20190122090350,2019-01-22 09:03:50,2019-01-22 12:00:00,ev_C,C,1,
20190122090400,2019-01-22 09:04:00,2019-01-22 12:00:00,ev_N,K,4,
20190122090410,2019-01-22 09:04:10,2019-01-22 12:00:00,ev_C,C,10,
20190122090420,2019-01-22 09:04:20,2019-01-22 12:00:00,ev_K,K,2,
20190122090430,2019-01-22 09:04:30,2019-01-22 12:00:00,ev_C,C,16,
20190122090440,2019-01-22 09:04:40,2019-01-22 12:00:00,ev_K,K,4,
20190122090450,2019-01-22 09:04:50,2019-01-22 12:00:00,ev_N,K,5,
20190122090500,2019-01-22 09:05:00,2019-01-22 12:00:00,ev_N,K,2,
20190122090510,2019-01-22 09:05:10,2019-01-22 12:00:00,ev_C,C,14,
20190122090520,2019-01-22 09:05:20,2019-01-22 12:00:00,ev_C,C,6,
20190122090530,2019-01-22 09:05:30,2019-01-22 12:00:00,ev_N,K,5,
20190122090540,2019-01-22 09:05:40,2019-01-22 12:00:00,ev_C,C,2,
20190122090550,2019-01-22 09:05:50,2019-01-22 12:00:00,ev_K,K,1,
20190122090600,2019-01-22 09:06:00,2019-01-22 12:00:00,ev_C,C,13,
20190122090610,2019-01-22 09:06:10,2019-01-22 12:00:00,ev_C,C,4,
20190122090620,2019-01-22 09:06:20,2019-01-22 12:00:00,ev_N,K,2,
20190122090630,2019-01-22 09:06:30,2019-01-22 12:00:00,ev_K,K,5,
20190122090640,2019-01-22 09:06:40,2019-01-22 12:00:00,ev_C,C,13,
20190122090650,2019-01-22 09:06:50,2019-01-22 12:00:00,ev_K,K,4,
20190122090700,2019-01-22 09:07:00,2019-01-22 12:00:00,ev_C,C,14,
20190122090710,2019-01-22 09:07:10,2019-01-22 12:00:00,ev_C,C,10,
20190122090720,2019-01-22 09:07:20,2019-01-22 12:00:00,ev_N,K,4,
20190122090730,2019-01-22 09:07:30,2019-01-22 12:00:00,ev_K,K,5,
20190122090740,2019-01-22 09:07:40,2019-01-22 12:00:00,ev_K,K,2,
20190122090750,2019-01-22 09:07:50,2019-01-22 12:00:00,ev_C,C,12,
20190122090800,2019-01-22 09:08:00,2019-01-22 12:00:00,ev_C,C,16,
20190122090810,2019-01-22 09:08:10,2019-01-22 12:00:00,ev_C,C,7,
20190122090820,2019-01-22 09:08:20,2019-01-22 12:00:00,ev_C,C,15,
20190122090830,2019-01-22 09:08:30,2019-01-22 12:00:00,ev_K,K,1,
20190122090840,2019-01-22 09:08:40,2019-01-22 12:00:00,ev_K,K,2,
20190122090850,2019-01-22 09:08:50,2019-01-22 12:00:00,ev_K,K,3,
20190122090900,2019-01-22 09:09:00,2019-01-22 12:00:00,ev_C,C,9,
20190122090910,2019-01-22 09:09:10,2019-01-22 12:00:00,ev_C,C,7,
20190122090920,2019-01-22 09:09:20,2019-01-22 12:00:00,ev_N,K,1,
20190122090930,2019-01-22 09:09:30,2019-01-22 12:00:00,ev_C,C,15,
20190122090940,2019-01-22 09:09:40,2019-01-22 12:00:00,ev_K,K,3,
20190122090950,2019-01-22 09:09:50,2019-01-22 12:00:00,ev_K,K,1,
20190122091000,2019-01-22 09:10:00,2019-01-22 12:00:00,ev_C,C,2,
20190122091010,2019-01-22 09:10:10,2019-01-22 12:00:00,ev_C,C,2,
20190122091020,2019-01-22 09:10:20,2019-01-22 12:00:00,ev_C,C,4,
20190122091030,2019-01-22 09:10:30,2019-01-22 12:00:00,ev_C,C,2,
20190122091040,2019-01-22 09:10:40,2019-01-22 12:00:00,ev_C,C,5,
20190122091050,2019-01-22 09:10:50,2019-01-22 12:00:00,ev_C,C,6,
20190122091100,2019-01-22 09:11:00,2019-01-22 12:00:00,ev_C,C,13,
20190122091110,2019-01-22 09:11:10,2019-01-22 12:00:00,ev_C,C,19,
20190122091120,2019-01-22 09:11:20,2019-01-22 12:00:00,ev_K,K,3,
20190122091130,2019-01-22 09:11:30,2019-01-22 12:00:00,ev_C,C,5,
20190122091140,2019-01-22 09:11:40,2019-01-22 12:00:00,ev_K,K,3,
20190122091150,2019-01-22 09:11:50,2019-01-22 12:00:00,ev_C,C,2,
20190122091200,2019-01-22 09:12:00,2019-01-22 12:00:00,ev_C,C,16,
20190122091210,2019-01-22 09:12:10,2019-01-22 12:00:00,ev_N,K,5,
20190122091220,2019-01-22 09:12:20,2019-01-22 12:00:00,ev_C,C,15,
20190122091230,2019-01-22 09:12:30,2019-01-22 12:00:00,ev_K,K,4,
20190122091240,2019-01-22 09:12:40,2019-01-22 12:00:00,ev_C,C,2,
20190122091250,2019-01-22 09:12:50,2019-01-22 12:00:00,ev_C,C,14,
20190122091300,2019-01-22 09:13:00,2019-01-22 12:00:00,ev_C,C,13,
20190122091310,2019-01-22 09:13:10,2019-01-22 12:00:00,ev_C,C,19,
20190122091320,2019-01-22 09:13:20,2019-01-22 12:00:00,ev_C,C,4,
20190122091330,2019-01-22 09:13:30,2019-01-22 12:00:00,ev_C,C,4,
20190122091340,2019-01-22 09:13:40,2019-01-22 12:00:00,ev_C,C,19,
20190122091350,2019-01-22 09:13:50,2019-01-22 12:00:00,ev_C,C,12,
20190122091400,2019-01-22 09:14:00,2019-01-22 12:00:00,ev_C,C,18,
20190122091410,2019-01-22 09:14:10,2019-01-22 12:00:00,ev_C,C,13,
20190122091420,2019-01-22 09:14:20,2019-01-22 12:00:00,ev_C,C,2,
20190122091430,2019-01-22 09:14:30,2019-01-22 12:00:00,ev_K,K,4,
20190122091440,2019-01-22 09:14:40,2019-01-22 12:00:00,ev_C,C,5,
20190122091450,2019-01-22 09:14:50,2019-01-22 12:00:00,ev_K,K,3,
20190122091500,2019-01-22 09:15:00,2019-01-22 12:00:00,ev_C,C,19,
20190122091510,2019-01-22 09:15:10,2019-01-22 12:00:00,ev_C,C,16,
20190122091520,2019-01-22 09:15:20,2019-01-22 12:00:00,ev_K,K,3,
20190122091530,2019-01-22 09:15:30,2019-01-22 12:00:00,ev_C,C,17,
20190122091540,2019-01-22 09:15:40,2019-01-22 12:00:00,ev_K,K,3,
20190122091550,2019-01-22 09:15:50,2019-01-22 12:00:00,ev_N,K,4,
20190122091600,2019-01-22 09:16:00,2019-01-22 12:00:00,ev_C,C,7,
20190122091610,2019-01-22 09:16:10,2019-01-22 12:00:00,ev_K,K,3,
20190122091620,2019-01-22 09:16:20,2019-01-22 12:00:00,ev_K,K,5,
20190122091630,2019-01-22 09:16:30,2019-01-22 12:00:00,ev_C,C,15,
20190122091640,2019-01-22 09:16:40,2019-01-22 12:00:00,ev_C,C,6,
20190122091650,2019-01-22 09:16:50,2019-01-22 12:00:00,ev_K,K,4,
20190122091700,2019-01-22 09:17:00,2019-01-22 12:00:00,ev_C,C,16,
20190122091710,2019-01-22 09:17:10,2019-01-22 12:00:00,ev_K,K,2,
20190122091720,2019-01-22 09:17:20,2019-01-22 12:00:00,ev_C,C,11,
20190122091730,2019-01-22 09:17:30,2019-01-22 12:00:00,ev_N,K,3,
20190122091740,2019-01-22 09:17:40,2019-01-22 12:00:00,ev_C,C,17,
20190122091750,2019-01-22 09:17:50,2019-01-22 12:00:00,ev_C,C,3,
20190122091800,2019-01-22 09:18:00,2019-01-22 12:00:00,ev_C,C,6,
20190122091810,2019-01-22 09:18:10,2019-01-22 12:00:00,ev_N,K,5,
20190122091820,2019-01-22 09:18:20,2019-01-22 12:00:00,ev_C,C,20,
20190122091830,2019-01-22 09:18:30,2019-01-22 12:00:00,ev_C,C,2,
20190122091840,2019-01-22 09:18:40,2019-01-22 12:00:00,ev_N,K,5,
20190122091850,2019-01-22 09:18:50,2019-01-22 12:00:00,ev_C,C,8,
20190122091900,2019-01-22 09:19:00,2019-01-22 12:00:00,ev_C,C,7,
20190122091910,2019-01-22 09:19:10,2019-01-22 12:00:00,ev_C,C,5,
20190122091920,2019-01-22 09:19:20,2019-01-22 12:00:00,ev_C,C,17,
20190122091930,2019-01-22 09:19:30,2019-01-22 12:00:00,ev_C,C,11,
20190122091940,2019-01-22 09:19:40,2019-01-22 12:00:00,ev_C,C,14,
20190122091950,2019-01-22 09:19:50,2019-01-22 12:00:00,ev_C,C,11,
20190122092000,2019-01-22 09:20:00,2019-01-22 12:00:00,ev_K,K,2,
20190122092010,2019-01-22 09:20:10,2019-01-22 12:00:00,ev_N,K,2,
20190122092020,2019-01-22 09:20:20,2019-01-22 12:00:00,ev_K,K,3,
20190122092030,2019-01-22 09:20:30,2019-01-22 12:00:00,ev_K,K,4,
20190122092040,2019-01-22 09:20:40,2019-01-22 12:00:00,ev_C,C,6,
20190122092050,2019-01-22 09:20:50,2019-01-22 12:00:00,ev_C,C,20,
20190122092100,2019-01-22 09:21:00,2019-01-22 12:00:00,ev_C,C,12,
20190122092110,2019-01-22 09:21:10,2019-01-22 12:00:00,ev_C,C,5,
20190122092120,2019-01-22 09:21:20,2019-01-22 12:00:00,ev_C,C,11,
20190122092130,2019-01-22 09:21:30,2019-01-22 12:00:00,ev_K,K,2,
20190122092140,2019-01-22 09:21:40,2019-01-22 12:00:00,ev_C,C,20,
20190122092150,2019-01-22 09:21:50,2019-01-22 12:00:00,ev_K,K,3,
20190122092200,2019-01-22 09:22:00,2019-01-22 12:00:00,ev_C,C,19,
20190122092210,2019-01-22 09:22:10,2019-01-22 12:00:00,ev_K,K,4,
20190122092220,2019-01-22 09:22:20,2019-01-22 12:00:00,ev_C,C,8,
20190122092230,2019-01-22 09:22:30,2019-01-22 12:00:00,ev_C,C,13,
20190122092240,2019-01-22 09:22:40,2019-01-22 12:00:00,ev_K,K,2,
20190122092250,2019-01-22 09:22:50,2019-01-22 12:00:00,ev_N,K,4,
20190122092300,2019-01-22 09:23:00,2019-01-22 12:00:00,ev_C,C,16,
20190122092310,2019-01-22 09:23:10,2019-01-22 12:00:00,ev_K,K,1,
20190122092320,2019-01-22 09:23:20,2019-01-22 12:00:00,ev_N,K,3,
20190122092330,2019-01-22 09:23:30,2019-01-22 12:00:00,ev_C,C,2,
20190122092340,2019-01-22 09:23:40,2019-01-22 12:00:00,ev_C,C,16,
20190122092350,2019-01-22 09:23:50,2019-01-22 12:00:00,ev_C,C,14,
20190122092400,2019-01-22 09:24:00,2019-01-22 12:00:00,ev_C,C,19,
20190122092410,2019-01-22 09:24:10,2019-01-22 12:00:00,ev_C,C,1,
20190122092420,2019-01-22 09:24:20,2019-01-22 12:00:00,ev_N,K,2,
20190122092430,2019-01-22 09:24:30,2019-01-22 12:00:00,ev_C,C,13,
20190122092440,2019-01-22 09:24:40,2019-01-22 12:00:00,ev_K,K,1,
20190122092450,2019-01-22 09:24:50,2019-01-22 12:00:00,ev_C,C,13,
20190122092500,2019-01-22 09:25:00,2019-01-22 12:00:00,ev_K,K,3,
20190122092510,2019-01-22 09:25:10,2019-01-22 12:00:00,ev_C,C,11,
20190122092520,2019-01-22 09:25:20,2019-01-22 12:00:00,ev_C,C,11,
20190122092530,2019-01-22 09:25:30,2019-01-22 12:00:00,ev_C,C,2,
20190122092540,2019-01-22 09:25:40,2019-01-22 12:00:00,ev_C,C,16,
20190122092550,2019-01-22 09:25:50,2019-01-22 12:00:00,ev_C,C,17,
20190122092600,2019-01-22 09:26:00,2019-01-22 12:00:00,ev_K,K,1,
20190122092610,2019-01-22 09:26:10,2019-01-22 12:00:00,ev_C,C,14,
20190122092620,2019-01-22 09:26:20,2019-01-22 12:00:00,ev_C,C,7,
20190122092630,2019-01-22 09:26:30,2019-01-22 12:00:00,ev_C,C,2,
20190122092640,2019-01-22 09:26:40,2019-01-22 12:00:00,ev_C,C,11,
20190122092650,2019-01-22 09:26:50,2019-01-22 12:00:00,ev_N,K,4,
20190122092700,2019-01-22 09:27:00,2019-01-22 12:00:00,ev_C,C,15,
20190122092710,2019-01-22 09:27:10,2019-01-22 12:00:00,ev_C,C,6,
20190122092720,2019-01-22 09:27:20,2019-01-22 12:00:00,ev_C,C,20,
20190122092730,2019-01-22 09:27:30,2019-01-22 12:00:00,ev_C,C,19,
20190122092740,2019-01-22 09:27:40,2019-01-22 12:00:00,ev_C,C,16,
20190122092750,2019-01-22 09:27:50,2019-01-22 12:00:00,ev_C,C,17,
20190122092800,2019-01-22 09:28:00,2019-01-22 12:00:00,ev_K,K,4,
20190122092810,2019-01-22 09:28:10,2019-01-22 12:00:00,ev_C,C,12,
20190122092820,2019-01-22 09:28:20,2019-01-22 12:00:00,ev_C,C,20,
20190122092830,2019-01-22 09:28:30,2019-01-22 12:00:00,ev_C,C,3,
20190122092840,2019-01-22 09:28:40,2019-01-22 12:00:00,ev_C,C,4,
20190122092850,2019-01-22 09:28:50,2019-01-22 12:00:00,ev_C,C,17,
20190122092900,2019-01-22 09:29:00,2019-01-22 12:00:00,ev_C,C,20,
20190122092910,2019-01-22 09:29:10,2019-01-22 12:00:00,ev_C,C,5,
20190122092920,2019-01-22 09:29:20,2019-01-22 12:00:00,ev_C,C,8,
20190122092930,2019-01-22 09:29:30,2019-01-22 12:00:00,ev_C,C,12,
20190122092940,2019-01-22 09:29:40,2019-01-22 12:00:00,ev_C,C,9,
20190122092950,2019-01-22 09:29:50,2019-01-22 12:00:00,ev_C,C,1,
20190122093000,2019-01-22 09:30:00,2019-01-22 12:00:00,ev_K,K,3,
20190122093010,2019-01-22 09:30:10,2019-01-22 12:00:00,ev_C,C,15,
20190122093020,2019-01-22 09:30:20,2019-01-22 12:00:00,ev_C,C,13,
20190122093030,2019-01-22 09:30:30,2019-01-22 12:00:00,ev_C,C,8,
20190122093040,2019-01-22 09:30:40,2019-01-22 12:00:00,ev_C,C,12,
20190122093050,2019-01-22 09:30:50,2019-01-22 12:00:00,ev_K,K,3,
20190122093100,2019-01-22 09:31:00,2019-01-22 12:00:00,ev_N,K,3,
20190122093110,2019-01-22 09:31:10,2019-01-22 12:00:00,ev_C,C,18,
20190122093120,2019-01-22 09:31:20,2019-01-22 12:00:00,ev_K,K,2,
20190122093130,2019-01-22 09:31:30,2019-01-22 12:00:00,ev_C,C,19,
20190122093140,2019-01-22 09:31:40,2019-01-22 12:00:00,ev_C,C,17,
20190122093150,2019-01-22 09:31:50,2019-01-22 12:00:00,ev_C,C,6,
20190122093200,2019-01-22 09:32:00,2019-01-22 12:00:00,ev_C,C,6,
20190122093210,2019-01-22 09:32:10,2019-01-22 12:00:00,ev_C,C,4,
20190122093220,2019-01-22 09:32:20,2019-01-22 12:00:00,ev_C,C,16,
20190122093230,2019-01-22 09:32:30,2019-01-22 12:00:00,ev_C,C,10,
20190122093240,2019-01-22 09:32:40,2019-01-22 12:00:00,ev_C,C,20,
20190122093250,2019-01-22 09:32:50,2019-01-22 12:00:00,ev_N,K,5,
20190122093300,2019-01-22 09:33:00,2019-01-22 12:00:00,ev_N,K,3,
20190122093310,2019-01-22 09:33:10,2019-01-22 12:00:00,ev_K,K,3,
20190122093320,2019-01-22 09:33:20,2019-01-22 12:00:00,ev_C,C,2,
20190122093330,2019-01-22 09:33:30,2019-01-22 12:00:00,ev_C,C,14,
20190122093340,2019-01-22 09:33:40,2019-01-22 12:00:00,ev_C,C,20,
20190122093350,2019-01-22 09:33:50,2019-01-22 12:00:00,ev_C,C,10,
20190122093400,2019-01-22 09:34:00,2019-01-22 12:00:00,ev_C,C,5,
20190122093410,2019-01-22 09:34:10,2019-01-22 12:00:00,ev_K,K,2,
20190122093420,2019-01-22 09:34:20,2019-01-22 12:00:00,ev_C,C,8,
20190122093430,2019-01-22 09:34:30,2019-01-22 12:00:00,ev_C,C,20,
20190122093440,2019-01-22 09:34:40,2019-01-22 12:00:00,ev_C,C,15,
20190122093450,2019-01-22 09:34:50,2019-01-22 12:00:00,ev_C,C,10,
20190122093500,2019-01-22 09:35:00,2019-01-22 12:00:00,ev_K,K,3,
20190122093510,2019-01-22 09:35:10,2019-01-22 12:00:00,ev_C,C,4,
20190122093520,2019-01-22 09:35:20,2019-01-22 12:00:00,ev_K,K,4,
20190122093530,2019-01-22 09:35:30,2019-01-22 12:00:00,ev_C,C,5,
20190122093540,2019-01-22 09:35:40,2019-01-22 12:00:00,ev_C,C,12,
20190122093550,2019-01-22 09:35:50,2019-01-22 12:00:00,ev_N,K,5,
20190122093600,2019-01-22 09:36:00,2019-01-22 12:00:00,ev_C,C,1,
20190122093610,2019-01-22 09:36:10,2019-01-22 12:00:00,ev_C,C,18,
20190122093620,2019-01-22 09:36:20,2019-01-22 12:00:00,ev_C,C,1,
20190122093630,2019-01-22 09:36:30,2019-01-22 12:00:00,ev_C,C,13,
20190122093640,2019-01-22 09:36:40,2019-01-22 12:00:00,ev_N,K,2,
20190122093650,2019-01-22 09:36:50,2019-01-22 12:00:00,ev_C,C,17,
20190122093700,2019-01-22 09:37:00,2019-01-22 12:00:00,ev_C,C,15,
20190122093710,2019-01-22 09:37:10,2019-01-22 12:00:00,ev_C,C,2,
20190122093720,2019-01-22 09:37:20,2019-01-22 12:00:00,ev_C,C,12,
20190122093730,2019-01-22 09:37:30,2019-01-22 12:00:00,ev_C,C,17,
20190122093740,2019-01-22 09:37:40,2019-01-22 12:00:00,ev_C,C,16,
20190122093750,2019-01-22 09:37:50,2019-01-22 12:00:00,ev_C,C,2,
20190122093800,2019-01-22 09:38:00,2019-01-22 12:00:00,ev_K,K,3,
20190122093810,2019-01-22 09:38:10,2019-01-22 12:00:00,ev_C,C,11,
20190122093820,2019-01-22 09:38:20,2019-01-22 12:00:00,ev_C,C,20,
20190122093830,2019-01-22 09:38:30,2019-01-22 12:00:00,ev_C,C,1,
20190122093840,2019-01-22 09:38:40,2019-01-22 12:00:00,ev_C,C,10,
20190122093850,2019-01-22 09:38:50,2019-01-22 12:00:00,ev_N,K,2,
20190122093900,2019-01-22 09:39:00,2019-01-22 12:00:00,ev_C,C,17,
20190122093910,2019-01-22 09:39:10,2019-01-22 12:00:00,ev_C,C,3,
20190122093920,2019-01-22 09:39:20,2019-01-22 12:00:00,ev_C,C,8,
20190122093930,2019-01-22 09:39:30,2019-01-22 12:00:00,ev_N,K,5,
20190122093940,2019-01-22 09:39:40,2019-01-22 12:00:00,ev_C,C,18,
20190122093950,2019-01-22 09:39:50,2019-01-22 12:00:00,ev_C,C,3,
20190122094000,2019-01-22 09:40:00,2019-01-22 12:00:00,ev_K,K,4,
20190122094010,2019-01-22 09:40:10,2019-01-22 12:00:00,ev_N,K,2,
20190122094020,2019-01-22 09:40:20,2019-01-22 12:00:00,ev_C,C,18,
20190122094030,2019-01-22 09:40:30,2019-01-22 12:00:00,ev_C,C,2,
20190122094040,2019-01-22 09:40:40,2019-01-22 12:00:00,ev_C,C,8,
20190122094050,2019-01-22 09:40:50,2019-01-22 12:00:00,ev_C,C,20,
20190122094100,2019-01-22 09:41:00,2019-01-22 12:00:00,ev_C,C,14,
20190122094110,2019-01-22 09:41:10,2019-01-22 12:00:00,ev_C,C,11,
20190122094120,2019-01-22 09:41:20,2019-01-22 12:00:00,ev_C,C,12,
20190122094130,2019-01-22 09:41:30,2019-01-22 12:00:00,ev_C,C,13,
20190122094140,2019-01-22 09:41:40,2019-01-22 12:00:00,ev_C,C,15,
20190122094150,2019-01-22 09:41:50,2019-01-22 12:00:00,ev_C,C,15,
20190122094200,2019-01-22 09:42:00,2019-01-22 12:00:00,ev_C,C,15,
20190122094210,2019-01-22 09:42:10,2019-01-22 12:00:00,ev_C,C,19,
20190122094220,2019-01-22 09:42:20,2019-01-22 12:00:00,ev_N,K,2,
20190122094230,2019-01-22 09:42:30,2019-01-22 12:00:00,ev_C,C,1,
20190122094240,2019-01-22 09:42:40,2019-01-22 12:00:00,ev_C,C,2,
20190122094250,2019-01-22 09:42:50,2019-01-22 12:00:00,ev_C,C,19,
20190122094300,2019-01-22 09:43:00,2019-01-22 12:00:00,ev_K,K,3,
20190122094310,2019-01-22 09:43:10,2019-01-22 12:00:00,ev_C,C,20,
20190122094320,2019-01-22 09:43:20,2019-01-22 12:00:00,ev_C,C,12,
20190122094330,2019-01-22 09:43:30,2019-01-22 12:00:00,ev_K,K,2,
20190122094340,2019-01-22 09:43:40,2019-01-22 12:00:00,ev_C,C,1,
20190122094350,2019-01-22 09:43:50,2019-01-22 12:00:00,ev_C,C,12,
20190122094400,2019-01-22 09:44:00,2019-01-22 12:00:00,ev_C,C,12,
20190122094410,2019-01-22 09:44:10,2019-01-22 12:00:00,ev_K,K,2,
20190122094420,2019-01-22 09:44:20,2019-01-22 12:00:00,ev_C,C,8,
20190122094430,2019-01-22 09:44:30,2019-01-22 12:00:00,ev_C,C,20,
20190122094440,2019-01-22 09:44:40,2019-01-22 12:00:00,ev_C,C,10,
20190122094450,2019-01-22 09:44:50,2019-01-22 12:00:00,ev_C,C,17,
20190122094500,2019-01-22 09:45:00,2019-01-22 12:00:00,ev_K,K,2,
20190122094510,2019-01-22 09:45:10,2019-01-22 12:00:00,ev_C,C,17,
20190122094520,2019-01-22 09:45:20,2019-01-22 12:00:00,ev_C,C,2,
20190122094530,2019-01-22 09:45:30,2019-01-22 12:00:00,ev_C,C,2,
20190122094540,2019-01-22 09:45:40,2019-01-22 12:00:00,ev_C,C,6,
20190122094550,2019-01-22 09:45:50,2019-01-22 12:00:00,ev_K,K,5,
20190122094600,2019-01-22 09:46:00,2019-01-22 12:00:00,ev_K,K,2,
20190122094610,2019-01-22 09:46:10,2019-01-22 12:00:00,ev_C,C,13,
20190122094620,2019-01-22 09:46:20,2019-01-22 12:00:00,ev_C,C,1,
20190122094630,2019-01-22 09:46:30,2019-01-22 12:00:00,ev_C,C,17,
20190122094640,2019-01-22 09:46:40,2019-01-22 12:00:00,ev_C,C,1,
20190122094650,2019-01-22 09:46:50,2019-01-22 12:00:00,ev_K,K,2,
20190122094700,2019-01-22 09:47:00,2019-01-22 12:00:00,ev_C,C,2,
20190122094710,2019-01-22 09:47:10,2019-01-22 12:00:00,ev_C,C,14,
20190122094720,2019-01-22 09:47:20,2019-01-22 12:00:00,ev_C,C,4,
20190122094730,2019-01-22 09:47:30,2019-01-22 12:00:00,ev_C,C,20,
20190122094740,2019-01-22 09:47:40,2019-01-22 12:00:00,ev_K,K,3,
20190122094750,2019-01-22 09:47:50,2019-01-22 12:00:00,ev_C,C,9,
20190122094800,2019-01-22 09:48:00,2019-01-22 12:00:00,ev_C,C,8,
20190122094810,2019-01-22 09:48:10,2019-01-22 12:00:00,ev_C,C,5,
20190122094820,2019-01-22 09:48:20,2019-01-22 12:00:00,ev_K,K,1,
20190122094830,2019-01-22 09:48:30,2019-01-22 12:00:00,ev_C,C,17,
20190122094840,2019-01-22 09:48:40,2019-01-22 12:00:00,ev_N,K,4,
20190122094850,2019-01-22 09:48:50,2019-01-22 12:00:00,ev_C,C,18,
20190122094900,2019-01-22 09:49:00,2019-01-22 12:00:00,ev_C,C,8,
20190122094910,2019-01-22 09:49:10,2019-01-22 12:00:00,ev_C,C,16,
20190122094920,2019-01-22 09:49:20,2019-01-22 12:00:00,ev_C,C,19,
20190122094930,2019-01-22 09:49:30,2019-01-22 12:00:00,ev_C,C,10,
20190122094940,2019-01-22 09:49:40,2019-01-22 12:00:00,ev_C,C,4,
20190122094950,2019-01-22 09:49:50,2019-01-22 12:00:00,ev_K,K,1,
20190122095000,2019-01-22 09:50:00,2019-01-22 12:00:00,ev_C,C,13,
20190122095010,2019-01-22 09:50:10,2019-01-22 12:00:00,ev_C,C,2,
20190122095020,2019-01-22 09:50:20,2019-01-22 12:00:00,ev_N,K,1,
20190122095030,2019-01-22 09:50:30,2019-01-22 12:00:00,ev_K,K,4,
20190122095040,2019-01-22 09:50:40,2019-01-22 12:00:00,ev_C,C,9,
20190122095050,2019-01-22 09:50:50,2019-01-22 12:00:00,ev_C,C,10,
20190122095100,2019-01-22 09:51:00,2019-01-22 12:00:00,ev_N,K,2,
20190122095110,2019-01-22 09:51:10,2019-01-22 12:00:00,ev_C,C,5,
20190122095120,2019-01-22 09:51:20,2019-01-22 12:00:00,ev_C,C,9,
20190122095130,2019-01-22 09:51:30,2019-01-22 12:00:00,ev_C,C,5,
20190122095140,2019-01-22 09:51:40,2019-01-22 12:00:00,ev_C,C,11,
20190122095150,2019-01-22 09:51:50,2019-01-22 12:00:00,ev_N,K,1,
20190122095200,2019-01-22 09:52:00,2019-01-22 12:00:00,ev_C,C,2,
20190122095210,2019-01-22 09:52:10,2019-01-22 12:00:00,ev_K,K,5,
20190122095220,2019-01-22 09:52:20,2019-01-22 12:00:00,ev_C,C,18,
20190122095230,2019-01-22 09:52:30,2019-01-22 12:00:00,ev_N,K,3,
20190122095240,2019-01-22 09:52:40,2019-01-22 12:00:00,ev_N,K,1,
20190122095250,2019-01-22 09:52:50,2019-01-22 12:00:00,ev_C,C,14,
20190122095300,2019-01-22 09:53:00,2019-01-22 12:00:00,ev_K,K,5,
20190122095310,2019-01-22 09:53:10,2019-01-22 12:00:00,ev_C,C,8,
20190122095320,2019-01-22 09:53:20,2019-01-22 12:00:00,ev_C,C,13,
20190122095330,2019-01-22 09:53:30,2019-01-22 12:00:00,ev_C,C,9,
20190122095340,2019-01-22 09:53:40,2019-01-22 12:00:00,ev_C,C,10,
20190122095350,2019-01-22 09:53:50,2019-01-22 12:00:00,ev_C,C,1,
20190122095400,2019-01-22 09:54:00,2019-01-22 12:00:00,ev_C,C,13,
20190122095410,2019-01-22 09:54:10,2019-01-22 12:00:00,ev_K,K,1,
20190122095420,2019-01-22 09:54:20,2019-01-22 12:00:00,ev_C,C,8,
20190122095430,2019-01-22 09:54:30,2019-01-22 12:00:00,ev_C,C,3,
20190122095440,2019-01-22 09:54:40,2019-01-22 12:00:00,ev_C,C,19,
20190122095450,2019-01-22 09:54:50,2019-01-22 12:00:00,ev_C,C,14,
20190122095500,2019-01-22 09:55:00,2019-01-22 12:00:00,ev_C,C,5,
20190122095510,2019-01-22 09:55:10,2019-01-22 12:00:00,ev_K,K,5,
20190122095520,2019-01-22 09:55:20,2019-01-22 12:00:00,ev_K,K,1,
20190122095530,2019-01-22 09:55:30,2019-01-22 12:00:00,ev_K,K,5,
20190122095540,2019-01-22 09:55:40,2019-01-22 12:00:00,ev_C,C,1,
20190122095550,2019-01-22 09:55:50,2019-01-22 12:00:00,ev_C,C,8,
20190122095600,2019-01-22 09:56:00,2019-01-22 12:00:00,ev_C,C,5,
20190122095610,2019-01-22 09:56:10,2019-01-22 12:00:00,ev_N,K,1,
20190122095620,2019-01-22 09:56:20,2019-01-22 12:00:00,ev_C,C,7,
20190122095630,2019-01-22 09:56:30,2019-01-22 12:00:00,ev_N,K,4,
20190122095640,2019-01-22 09:56:40,2019-01-22 12:00:00,ev_K,K,4,
20190122095650,2019-01-22 09:56:50,2019-01-22 12:00:00,ev_C,C,19,
20190122095700,2019-01-22 09:57:00,2019-01-22 12:00:00,ev_C,C,2,
20190122095710,2019-01-22 09:57:10,2019-01-22 12:00:00,ev_C,C,18,
20190122095720,2019-01-22 09:57:20,2019-01-22 12:00:00,ev_C,C,14,
20190122095730,2019-01-22 09:57:30,2019-01-22 12:00:00,ev_C,C,3,
20190122095740,2019-01-22 09:57:40,2019-01-22 12:00:00,ev_C,C,10,
20190122095750,2019-01-22 09:57:50,2019-01-22 12:00:00,ev_C,C,8,
20190122095800,2019-01-22 09:58:00,2019-01-22 12:00:00,ev_C,C,7,
20190122095810,2019-01-22 09:58:10,2019-01-22 12:00:00,ev_C,C,14,
20190122095820,2019-01-22 09:58:20,2019-01-22 12:00:00,ev_K,K,5,
20190122095830,2019-01-22 09:58:30,2019-01-22 12:00:00,ev_K,K,4,
20190122095840,2019-01-22 09:58:40,2019-01-22 12:00:00,ev_C,C,11,
20190122095850,2019-01-22 09:58:50,2019-01-22 12:00:00,ev_K,K,3,
20190122095900,2019-01-22 09:59:00,2019-01-22 12:00:00,ev_K,K,2,
20190122095910,2019-01-22 09:59:10,2019-01-22 12:00:00,ev_C,C,12,
20190122095920,2019-01-22 09:59:20,2019-01-22 12:00:00,ev_C,C,5,
20190122095930,2019-01-22 09:59:30,2019-01-22 12:00:00,ev_C,C,16,
20190122095940,2019-01-22 09:59:40,2019-01-22 12:00:00,ev_K,K,2,
20190122095950,2019-01-22 09:59:50,2019-01-22 12:00:00,ev_C,C,10,
20190122100000,2019-01-22 10:00:00,2019-01-22 12:00:00,ev_C,C,18,
20190122100010,2019-01-22 10:00:10,2019-01-22 12:00:00,ev_K,K,4,
20190122100020,2019-01-22 10:00:20,2019-01-22 12:00:00,ev_C,C,4,
20190122100030,2019-01-22 10:00:30,2019-01-22 12:00:00,ev_N,K,1,
20190122100040,2019-01-22 10:00:40,2019-01-22 12:00:00,ev_C,C,14,
20190122100050,2019-01-22 10:00:50,2019-01-22 12:00:00,ev_C,C,13,
20190122100100,2019-01-22 10:01:00,2019-01-22 12:00:00,ev_C,C,8,
20190122100110,2019-01-22 10:01:10,2019-01-22 12:00:00,ev_C,C,9,
20190122100120,2019-01-22 10:01:20,2019-01-22 12:00:00,ev_K,K,3,
20190122100130,2019-01-22 10:01:30,2019-01-22 12:00:00,ev_C,C,14,
20190122100140,2019-01-22 10:01:40,2019-01-22 12:00:00,ev_K,K,4,
20190122100150,2019-01-22 10:01:50,2019-01-22 12:00:00,ev_N,K,3,
20190122100200,2019-01-22 10:02:00,2019-01-22 12:00:00,ev_C,C,5,
20190122100210,2019-01-22 10:02:10,2019-01-22 12:00:00,ev_C,C,5,
20190122100220,2019-01-22 10:02:20,2019-01-22 12:00:00,ev_K,K,5,
20190122100230,2019-01-22 10:02:30,2019-01-22 12:00:00,ev_C,C,12,
20190122100240,2019-01-22 10:02:40,2019-01-22 12:00:00,ev_C,C,7,
20190122100250,2019-01-22 10:02:50,2019-01-22 12:00:00,ev_C,C,10,
20190122100300,2019-01-22 10:03:00,2019-01-22 12:00:00,ev_C,C,12,
20190122100310,2019-01-22 10:03:10,2019-01-22 12:00:00,ev_C,C,8,
20190122100320,2019-01-22 10:03:20,2019-01-22 12:00:00,ev_C,C,3,
20190122100330,2019-01-22 10:03:30,2019-01-22 12:00:00,ev_C,C,2,
20190122100340,2019-01-22 10:03:40,2019-01-22 12:00:00,ev_C,C,16,
20190122100350,2019-01-22 10:03:50,2019-01-22 12:00:00,ev_C,C,5,
20190122100400,2019-01-22 10:04:00,2019-01-22 12:00:00,ev_C,C,11,
20190122100410,2019-01-22 10:04:10,2019-01-22 12:00:00,ev_C,C,9,
20190122100420,2019-01-22 10:04:20,2019-01-22 12:00:00,ev_C,C,1,
20190122100430,2019-01-22 10:04:30,2019-01-22 12:00:00,ev_C,C,16,
20190122100440,2019-01-22 10:04:40,2019-01-22 12:00:00,ev_K,K,4,
20190122100450,2019-01-22 10:04:50,2019-01-22 12:00:00,ev_K,K,2,
20190122100500,2019-01-22 10:05:00,2019-01-22 12:00:00,ev_C,C,17,
20190122100510,2019-01-22 10:05:10,2019-01-22 12:00:00,ev_C,C,7,
20190122100520,2019-01-22 10:05:20,2019-01-22 12:00:00,ev_C,C,13,
20190122100530,2019-01-22 10:05:30,2019-01-22 12:00:00,ev_N,K,3,
20190122100540,2019-01-22 10:05:40,2019-01-22 12:00:00,ev_C,C,10,
20190122100550,2019-01-22 10:05:50,2019-01-22 12:00:00,ev_K,K,1,
20190122100600,2019-01-22 10:06:00,2019-01-22 12:00:00,ev_C,C,20,
20190122100610,2019-01-22 10:06:10,2019-01-22 12:00:00,ev_C,C,4,
20190122100620,2019-01-22 10:06:20,2019-01-22 12:00:00,ev_C,C,7,
20190122100630,2019-01-22 10:06:30,2019-01-22 12:00:00,ev_K,K,5,
20190122100640,2019-01-22 10:06:40,2019-01-22 12:00:00,ev_K,K,4,
20190122100650,2019-01-22 10:06:50,2019-01-22 12:00:00,ev_C,C,3,
20190122100700,2019-01-22 10:07:00,2019-01-22 12:00:00,ev_C,C,5,
20190122100710,2019-01-22 10:07:10,2019-01-22 12:00:00,ev_C,C,12,
20190122100720,2019-01-22 10:07:20,2019-01-22 12:00:00,ev_C,C,17,
20190122100730,2019-01-22 10:07:30,2019-01-22 12:00:00,ev_C,C,17,
20190122100740,2019-01-22 10:07:40,2019-01-22 12:00:00,ev_C,C,3,
20190122100750,2019-01-22 10:07:50,2019-01-22 12:00:00,ev_C,C,12,
20190122100800,2019-01-22 10:08:00,2019-01-22 12:00:00,ev_K,K,5,
20190122100810,2019-01-22 10:08:10,2019-01-22 12:00:00,ev_C,C,18,
20190122100820,2019-01-22 10:08:20,2019-01-22 12:00:00,ev_C,C,12,
20190122100830,2019-01-22 10:08:30,2019-01-22 12:00:00,ev_C,C,10,
20190122100840,2019-01-22 10:08:40,2019-01-22 12:00:00,ev_C,C,12,
20190122100850,2019-01-22 10:08:50,2019-01-22 12:00:00,ev_C,C,16,
20190122100900,2019-01-22 10:09:00,2019-01-22 12:00:00,ev_C,C,5,
20190122100910,2019-01-22 10:09:10,2019-01-22 12:00:00,ev_K,K,3,
20190122100920,2019-01-22 10:09:20,2019-01-22 12:00:00,ev_C,C,15,
20190122100930,2019-01-22 10:09:30,2019-01-22 12:00:00,ev_C,C,11,
20190122100940,2019-01-22 10:09:40,2019-01-22 12:00:00,ev_N,K,3,
20190122100950,2019-01-22 10:09:50,2019-01-22 12:00:00,ev_N,K,4,
20190122101000,2019-01-22 10:10:00,2019-01-22 12:00:00,ev_C,C,16,
20190122101010,2019-01-22 10:10:10,2019-01-22 12:00:00,ev_C,C,10,
20190122101020,2019-01-22 10:10:20,2019-01-22 12:00:00,ev_C,C,20,
20190122101030,2019-01-22 10:10:30,2019-01-22 12:00:00,ev_C,C,19,
20190122101040,2019-01-22 10:10:40,2019-01-22 12:00:00,ev_C,C,4,
20190122101050,2019-01-22 10:10:50,2019-01-22 12:00:00,ev_C,C,11,
20190122101100,2019-01-22 10:11:00,2019-01-22 12:00:00,ev_C,C,12,
20190122101110,2019-01-22 10:11:10,2019-01-22 12:00:00,ev_C,C,19,
20190122101120,2019-01-22 10:11:20,2019-01-22 12:00:00,ev_C,C,2,
20190122101130,2019-01-22 10:11:30,2019-01-22 12:00:00,ev_K,K,4,
20190122101140,2019-01-22 10:11:40,2019-01-22 12:00:00,ev_C,C,20,
20190122101150,2019-01-22 10:11:50,2019-01-22 12:00:00,ev_K,K,3,
20190122101200,2019-01-22 10:12:00,2019-01-22 12:00:00,ev_C,C,15,
20190122101210,2019-01-22 10:12:10,2019-01-22 12:00:00,ev_C,C,3,
20190122101220,2019-01-22 10:12:20,2019-01-22 12:00:00,ev_C,C,18,
20190122101230,2019-01-22 10:12:30,2019-01-22 12:00:00,ev_C,C,8,
20190122101240,2019-01-22 10:12:40,2019-01-22 12:00:00,ev_C,C,2,
20190122101250,2019-01-22 10:12:50,2019-01-22 12:00:00,ev_C,C,7,
20190122101300,2019-01-22 10:13:00,2019-01-22 12:00:00,ev_C,C,16,
20190122101310,2019-01-22 10:13:10,2019-01-22 12:00:00,ev_K,K,2,
20190122101320,2019-01-22 10:13:20,2019-01-22 12:00:00,ev_C,C,10,
20190122101330,2019-01-22 10:13:30,2019-01-22 12:00:00,ev_C,C,4,
20190122101340,2019-01-22 10:13:40,2019-01-22 12:00:00,ev_C,C,1,
20190122101350,2019-01-22 10:13:50,2019-01-22 12:00:00,ev_C,C,11,
20190122101400,2019-01-22 10:14:00,2019-01-22 12:00:00,ev_C,C,1,
20190122101410,2019-01-22 10:14:10,2019-01-22 12:00:00,ev_K,K,3,
20190122101420,2019-01-22 10:14:20,2019-01-22 12:00:00,ev_C,C,17,
20190122101430,2019-01-22 10:14:30,2019-01-22 12:00:00,ev_C,C,5,
20190122101440,2019-01-22 10:14:40,2019-01-22 12:00:00,ev_C,C,3,
20190122101450,2019-01-22 10:14:50,2019-01-22 12:00:00,ev_C,C,3,
20190122101500,2019-01-22 10:15:00,2019-01-22 12:00:00,ev_K,K,3,
20190122101510,2019-01-22 10:15:10,2019-01-22 12:00:00,ev_C,C,8,
20190122101520,2019-01-22 10:15:20,2019-01-22 12:00:00,ev_K,K,3,
20190122101530,2019-01-22 10:15:30,2019-01-22 12:00:00,ev_N,K,5,
20190122101540,2019-01-22 10:15:40,2019-01-22 12:00:00,ev_C,C,7,
20190122101550,2019-01-22 10:15:50,2019-01-22 12:00:00,ev_C,C,18,
20190122101600,2019-01-22 10:16:00,2019-01-22 12:00:00,ev_C,C,20,
20190122101610,2019-01-22 10:16:10,2019-01-22 12:00:00,ev_C,C,19,
20190122101620,2019-01-22 10:16:20,2019-01-22 12:00:00,ev_C,C,15,
20190122101630,2019-01-22 10:16:30,2019-01-22 12:00:00,ev_K,K,1,
20190122101640,2019-01-22 10:16:40,2019-01-22 12:00:00,ev_C,C,18,
20190122101650,2019-01-22 10:16:50,2019-01-22 12:00:00,ev_C,C,6,
20190122101700,2019-01-22 10:17:00,2019-01-22 12:00:00,ev_C,C,18,
20190122101710,2019-01-22 10:17:10,2019-01-22 12:00:00,ev_K,K,3,
20190122101720,2019-01-22 10:17:20,2019-01-22 12:00:00,ev_C,C,6,
20190122101730,2019-01-22 10:17:30,2019-01-22 12:00:00,ev_C,C,12,
20190122101740,2019-01-22 10:17:40,2019-01-22 12:00:00,ev_K,K,3,
20190122101750,2019-01-22 10:17:50,2019-01-22 12:00:00,ev_C,C,19,
20190122101800,2019-01-22 10:18:00,2019-01-22 12:00:00,ev_C,C,13,
20190122101810,2019-01-22 10:18:10,2019-01-22 12:00:00,ev_C,C,7,
20190122101820,2019-01-22 10:18:20,2019-01-22 12:00:00,ev_K,K,4,
20190122101830,2019-01-22 10:18:30,2019-01-22 12:00:00,ev_K,K,1,
20190122101840,2019-01-22 10:18:40,2019-01-22 12:00:00,ev_C,C,14,
20190122101850,2019-01-22 10:18:50,2019-01-22 12:00:00,ev_C,C,4,
20190122101900,2019-01-22 10:19:00,2019-01-22 12:00:00,ev_C,C,17,
20190122101910,2019-01-22 10:19:10,2019-01-22 12:00:00,ev_C,C,5,
20190122101920,2019-01-22 10:19:20,2019-01-22 12:00:00,ev_C,C,19,
20190122101930,2019-01-22 10:19:30,2019-01-22 12:00:00,ev_C,C,16,
20190122101940,2019-01-22 10:19:40,2019-01-22 12:00:00,ev_C,C,1,
20190122101950,2019-01-22 10:19:50,2019-01-22 12:00:00,ev_K,K,5,
20190122102000,2019-01-22 10:20:00,2019-01-22 12:00:00,ev_C,C,9,
20190122102010,2019-01-22 10:20:10,2019-01-22 12:00:00,ev_K,K,3,
20190122102020,2019-01-22 10:20:20,2019-01-22 12:00:00,ev_C,C,6,
20190122102030,2019-01-22 10:20:30,2019-01-22 12:00:00,ev_K,K,2,
20190122102040,2019-01-22 10:20:40,2019-01-22 12:00:00,ev_C,C,2,
20190122102050,2019-01-22 10:20:50,2019-01-22 12:00:00,ev_C,C,5,
20190122102100,2019-01-22 10:21:00,2019-01-22 12:00:00,ev_C,C,10,
20190122102110,2019-01-22 10:21:10,2019-01-22 12:00:00,ev_C,C,14,
20190122102120,2019-01-22 10:21:20,2019-01-22 12:00:00,ev_K,K,4,
20190122102130,2019-01-22 10:21:30,2019-01-22 12:00:00,ev_C,C,16,
20190122102140,2019-01-22 10:21:40,2019-01-22 12:00:00,ev_C,C,2,
20190122102150,2019-01-22 10:21:50,2019-01-22 12:00:00,ev_N,K,1,
20190122102200,2019-01-22 10:22:00,2019-01-22 12:00:00,ev_K,K,5,
20190122102210,2019-01-22 10:22:10,2019-01-22 12:00:00,ev_C,C,17,
20190122102220,2019-01-22 10:22:20,2019-01-22 12:00:00,ev_C,C,7,
20190122102230,2019-01-22 10:22:30,2019-01-22 12:00:00,ev_K,K,4,
20190122102240,2019-01-22 10:22:40,2019-01-22 12:00:00,ev_C,C,10,
20190122102250,2019-01-22 10:22:50,2019-01-22 12:00:00,ev_C,C,6,
20190122102300,2019-01-22 10:23:00,2019-01-22 12:00:00,ev_C,C,1,
20190122102310,2019-01-22 10:23:10,2019-01-22 12:00:00,ev_K,K,5,
20190122102320,2019-01-22 10:23:20,2019-01-22 12:00:00,ev_C,C,19,
20190122102330,2019-01-22 10:23:30,2019-01-22 12:00:00,ev_C,C,6,
20190122102340,2019-01-22 10:23:40,2019-01-22 12:00:00,ev_C,C,14,
20190122102350,2019-01-22 10:23:50,2019-01-22 12:00:00,ev_C,C,5,
20190122102400,2019-01-22 10:24:00,2019-01-22 12:00:00,ev_K,K,2,
20190122102410,2019-01-22 10:24:10,2019-01-22 12:00:00,ev_K,K,5,
20190122102420,2019-01-22 10:24:20,2019-01-22 12:00:00,ev_K,K,5,
20190122102430,2019-01-22 10:24:30,2019-01-22 12:00:00,ev_C,C,8,
20190122102440,2019-01-22 10:24:40,2019-01-22 12:00:00,ev_C,C,12,
20190122102450,2019-01-22 10:24:50,2019-01-22 12:00:00,ev_C,C,6,
20190122102500,2019-01-22 10:25:00,2019-01-22 12:00:00,ev_C,C,19,
20190122102510,2019-01-22 10:25:10,2019-01-22 12:00:00,ev_C,C,6,
20190122102520,2019-01-22 10:25:20,2019-01-22 12:00:00,ev_C,C,11,
20190122102530,2019-01-22 10:25:30,2019-01-22 12:00:00,ev_K,K,2,
20190122102540,2019-01-22 10:25:40,2019-01-22 12:00:00,ev_C,C,3,
20190122102550,2019-01-22 10:25:50,2019-01-22 12:00:00,ev_C,C,12,
20190122102600,2019-01-22 10:26:00,2019-01-22 12:00:00,ev_C,C,2,
20190122102610,2019-01-22 10:26:10,2019-01-22 12:00:00,ev_K,K,3,
20190122102620,2019-01-22 10:26:20,2019-01-22 12:00:00,ev_C,C,14,
20190122102630,2019-01-22 10:26:30,2019-01-22 12:00:00,ev_C,C,19,
20190122102640,2019-01-22 10:26:40,2019-01-22 12:00:00,ev_C,C,14,
20190122102650,2019-01-22 10:26:50,2019-01-22 12:00:00,ev_K,K,3,
20190122102700,2019-01-22 10:27:00,2019-01-22 12:00:00,ev_C,C,19,
20190122102710,2019-01-22 10:27:10,2019-01-22 12:00:00,ev_C,C,14,
20190122102720,2019-01-22 10:27:20,2019-01-22 12:00:00,ev_C,C,4,
20190122102730,2019-01-22 10:27:30,2019-01-22 12:00:00,ev_C,C,6,
20190122102740,2019-01-22 10:27:40,2019-01-22 12:00:00,ev_K,K,5,
20190122102750,2019-01-22 10:27:50,2019-01-22 12:00:00,ev_C,C,9,
20190122102800,2019-01-22 10:28:00,2019-01-22 12:00:00,ev_C,C,4,
20190122102810,2019-01-22 10:28:10,2019-01-22 12:00:00,ev_C,C,7,
20190122102820,2019-01-22 10:28:20,2019-01-22 12:00:00,ev_N,K,2,
20190122102830,2019-01-22 10:28:30,2019-01-22 12:00:00,ev_C,C,19,
20190122102840,2019-01-22 10:28:40,2019-01-22 12:00:00,ev_C,C,9,
20190122102850,2019-01-22 10:28:50,2019-01-22 12:00:00,ev_N,K,4,
20190122102900,2019-01-22 10:29:00,2019-01-22 12:00:00,ev_C,C,14,
20190122102910,2019-01-22 10:29:10,2019-01-22 12:00:00,ev_C,C,6,
20190122102920,2019-01-22 10:29:20,2019-01-22 12:00:00,ev_K,K,4,
20190122102930,2019-01-22 10:29:30,2019-01-22 12:00:00,ev_C,C,11,
20190122102940,2019-01-22 10:29:40,2019-01-22 12:00:00,ev_K,K,1,
20190122102950,2019-01-22 10:29:50,2019-01-22 12:00:00,ev_C,C,2,
20190122103000,2019-01-22 10:30:00,2019-01-22 12:00:00,ev_C,C,10,
20190122103010,2019-01-22 10:30:10,2019-01-22 12:00:00,ev_K,K,5,
20190122103020,2019-01-22 10:30:20,2019-01-22 12:00:00,ev_C,C,2,
20190122103030,2019-01-22 10:30:30,2019-01-22 12:00:00,ev_K,K,2,
20190122103040,2019-01-22 10:30:40,2019-01-22 12:00:00,ev_C,C,16,
20190122103050,2019-01-22 10:30:50,2019-01-22 12:00:00,ev_K,K,5,
20190122103100,2019-01-22 10:31:00,2019-01-22 12:00:00,ev_C,C,7,
20190122103110,2019-01-22 10:31:10,2019-01-22 12:00:00,ev_C,C,8,
20190122103120,2019-01-22 10:31:20,2019-01-22 12:00:00,ev_C,C,8,
20190122103130,2019-01-22 10:31:30,2019-01-22 12:00:00,ev_C,C,18,
20190122103140,2019-01-22 10:31:40,2019-01-22 12:00:00,ev_C,C,18,
20190122103150,2019-01-22 10:31:50,2019-01-22 12:00:00,ev_C,C,8,
20190122103200,2019-01-22 10:32:00,2019-01-22 12:00:00,ev_N,K,5,
20190122103210,2019-01-22 10:32:10,2019-01-22 12:00:00,ev_C,C,14,
20190122103220,2019-01-22 10:32:20,2019-01-22 12:00:00,ev_C,C,10,
20190122103230,2019-01-22 10:32:30,2019-01-22 12:00:00,ev_C,C,1,
20190122103240,2019-01-22 10:32:40,2019-01-22 12:00:00,ev_K,K,3,
20190122103250,2019-01-22 10:32:50,2019-01-22 12:00:00,ev_K,K,1,
20190122103300,2019-01-22 10:33:00,2019-01-22 12:00:00,ev_C,C,1,
20190122103310,2019-01-22 10:33:10,2019-01-22 12:00:00,ev_C,C,7,
20190122103320,2019-01-22 10:33:20,2019-01-22 12:00:00,ev_N,K,1,
20190122103330,2019-01-22 10:33:30,2019-01-22 12:00:00,ev_C,C,3,
20190122103340,2019-01-22 10:33:40,2019-01-22 12:00:00,ev_K,K,3,
20190122103350,2019-01-22 10:33:50,2019-01-22 12:00:00,ev_N,K,1,
20190122103400,2019-01-22 10:34:00,2019-01-22 12:00:00,ev_C,C,13,
20190122103410,2019-01-22 10:34:10,2019-01-22 12:00:00,ev_C,C,19,
20190122103420,2019-01-22 10:34:20,2019-01-22 12:00:00,ev_C,C,4,
20190122103430,2019-01-22 10:34:30,2019-01-22 12:00:00,ev_N,K,2,
20190122103440,2019-01-22 10:34:40,2019-01-22 12:00:00,ev_C,C,2,
20190122103450,2019-01-22 10:34:50,2019-01-22 12:00:00,ev_K,K,2,
20190122103500,2019-01-22 10:35:00,2019-01-22 12:00:00,ev_C,C,14,
20190122103510,2019-01-22 10:35:10,2019-01-22 12:00:00,ev_K,K,5,
20190122103520,2019-01-22 10:35:20,2019-01-22 12:00:00,ev_C,C,17,
20190122103530,2019-01-22 10:35:30,2019-01-22 12:00:00,ev_K,K,4,
20190122103540,2019-01-22 10:35:40,2019-01-22 12:00:00,ev_C,C,1,
20190122103550,2019-01-22 10:35:50,2019-01-22 12:00:00,ev_C,C,4,
20190122103600,2019-01-22 10:36:00,2019-01-22 12:00:00,ev_C,C,13,
20190122103610,2019-01-22 10:36:10,2019-01-22 12:00:00,ev_C,C,19,
20190122103620,2019-01-22 10:36:20,2019-01-22 12:00:00,ev_C,C,11,
20190122103630,2019-01-22 10:36:30,2019-01-22 12:00:00,ev_C,C,1,
20190122103640,2019-01-22 10:36:40,2019-01-22 12:00:00,ev_C,C,20,
20190122103650,2019-01-22 10:36:50,2019-01-22 12:00:00,ev_C,C,9,
20190122103700,2019-01-22 10:37:00,2019-01-22 12:00:00,ev_C,C,12,
20190122103710,2019-01-22 10:37:10,2019-01-22 12:00:00,ev_C,C,12,
20190122103720,2019-01-22 10:37:20,2019-01-22 12:00:00,ev_C,C,13,
20190122103730,2019-01-22 10:37:30,2019-01-22 12:00:00,ev_K,K,2,
20190122103740,2019-01-22 10:37:40,2019-01-22 12:00:00,ev_C,C,6,
20190122103750,2019-01-22 10:37:50,2019-01-22 12:00:00,ev_C,C,14,
20190122103800,2019-01-22 10:38:00,2019-01-22 12:00:00,ev_C,C,17,
20190122103810,2019-01-22 10:38:10,2019-01-22 12:00:00,ev_K,K,2,
20190122103820,2019-01-22 10:38:20,2019-01-22 12:00:00,ev_K,K,1,
20190122103830,2019-01-22 10:38:30,2019-01-22 12:00:00,ev_C,C,2,
20190122103840,2019-01-22 10:38:40,2019-01-22 12:00:00,ev_C,C,11,
20190122103850,2019-01-22 10:38:50,2019-01-22 12:00:00,ev_C,C,19,
20190122103900,2019-01-22 10:39:00,2019-01-22 12:00:00,ev_C,C,16,
20190122103910,2019-01-22 10:39:10,2019-01-22 12:00:00,ev_C,C,17,
20190122103920,2019-01-22 10:39:20,2019-01-22 12:00:00,ev_K,K,1,
20190122103930,2019-01-22 10:39:30,2019-01-22 12:00:00,ev_C,C,15,
20190122103940,2019-01-22 10:39:40,2019-01-22 12:00:00,ev_K,K,1,
20190122103950,2019-01-22 10:39:50,2019-01-22 12:00:00,ev_C,C,3,
20190122104000,2019-01-22 10:40:00,2019-01-22 12:00:00,ev_N,K,5,
20190122104010,2019-01-22 10:40:10,2019-01-22 12:00:00,ev_C,C,12,
20190122104020,2019-01-22 10:40:20,2019-01-22 12:00:00,ev_C,C,5,
20190122104030,2019-01-22 10:40:30,2019-01-22 12:00:00,ev_C,C,14,
20190122104040,2019-01-22 10:40:40,2019-01-22 12:00:00,ev_K,K,1,
20190122104050,2019-01-22 10:40:50,2019-01-22 12:00:00,ev_C,C,8,
20190122104100,2019-01-22 10:41:00,2019-01-22 12:00:00,ev_C,C,20,
20190122104110,2019-01-22 10:41:10,2019-01-22 12:00:00,ev_C,C,5,
20190122104120,2019-01-22 10:41:20,2019-01-22 12:00:00,ev_C,C,18,
20190122104130,2019-01-22 10:41:30,2019-01-22 12:00:00,ev_C,C,19,
20190122104140,2019-01-22 10:41:40,2019-01-22 12:00:00,ev_C,C,11,
20190122104150,2019-01-22 10:41:50,2019-01-22 12:00:00,ev_N,K,3,
20190122104200,2019-01-22 10:42:00,2019-01-22 12:00:00,ev_C,C,14,
20190122104210,2019-01-22 10:42:10,2019-01-22 12:00:00,ev_C,C,2,
20190122104220,2019-01-22 10:42:20,2019-01-22 12:00:00,ev_N,K,2,
20190122104230,2019-01-22 10:42:30,2019-01-22 12:00:00,ev_K,K,3,
20190122104240,2019-01-22 10:42:40,2019-01-22 12:00:00,ev_C,C,3,
20190122104250,2019-01-22 10:42:50,2019-01-22 12:00:00,ev_C,C,7,
20190122104300,2019-01-22 10:43:00,2019-01-22 12:00:00,ev_C,C,2,
20190122104310,2019-01-22 10:43:10,2019-01-22 12:00:00,ev_C,C,4,
20190122104320,2019-01-22 10:43:20,2019-01-22 12:00:00,ev_C,C,12,
20190122104330,2019-01-22 10:43:30,2019-01-22 12:00:00,ev_C,C,11,
20190122104340,2019-01-22 10:43:40,2019-01-22 12:00:00,ev_C,C,4,
20190122104350,2019-01-22 10:43:50,2019-01-22 12:00:00,ev_K,K,3,
20190122104400,2019-01-22 10:44:00,2019-01-22 12:00:00,ev_C,C,17,
20190122104410,2019-01-22 10:44:10,2019-01-22 12:00:00,ev_C,C,20,
20190122104420,2019-01-22 10:44:20,2019-01-22 12:00:00,ev_C,C,6,
20190122104430,2019-01-22 10:44:30,2019-01-22 12:00:00,ev_C,C,7,
20190122104440,2019-01-22 10:44:40,2019-01-22 12:00:00,ev_C,C,11,
20190122104450,2019-01-22 10:44:50,2019-01-22 12:00:00,ev_C,C,10,
20190122104500,2019-01-22 10:45:00,2019-01-22 12:00:00,ev_K,K,4,
20190122104510,2019-01-22 10:45:10,2019-01-22 12:00:00,ev_C,C,5,
20190122104520,2019-01-22 10:45:20,2019-01-22 12:00:00,ev_C,C,6,
20190122104530,2019-01-22 10:45:30,2019-01-22 12:00:00,ev_C,C,17,
20190122104540,2019-01-22 10:45:40,2019-01-22 12:00:00,ev_C,C,1,
20190122104550,2019-01-22 10:45:50,2019-01-22 12:00:00,ev_C,C,5,
20190122104600,2019-01-22 10:46:00,2019-01-22 12:00:00,ev_C,C,13,
20190122104610,2019-01-22 10:46:10,2019-01-22 12:00:00,ev_K,K,5,
20190122104620,2019-01-22 10:46:20,2019-01-22 12:00:00,ev_C,C,14,
20190122104630,2019-01-22 10:46:30,2019-01-22 12:00:00,ev_C,C,13,
20190122104640,2019-01-22 10:46:40,2019-01-22 12:00:00,ev_C,C,1,
20190122104650,2019-01-22 10:46:50,2019-01-22 12:00:00,ev_K,K,2,
20190122104700,2019-01-22 10:47:00,2019-01-22 12:00:00,ev_C,C,9,
20190122104710,2019-01-22 10:47:10,2019-01-22 12:00:00,ev_C,C,19,
20190122104720,2019-01-22 10:47:20,2019-01-22 12:00:00,ev_C,C,3,
20190122104730,2019-01-22 10:47:30,2019-01-22 12:00:00,ev_C,C,11,
20190122104740,2019-01-22 10:47:40,2019-01-22 12:00:00,ev_C,C,9,
20190122104750,2019-01-22 10:47:50,2019-01-22 12:00:00,ev_C,C,13,
20190122104800,2019-01-22 10:48:00,2019-01-22 12:00:00,ev_C,C,20,
20190122104810,2019-01-22 10:48:10,2019-01-22 12:00:00,ev_C,C,9,
20190122104820,2019-01-22 10:48:20,2019-01-22 12:00:00,ev_C,C,8,
20190122104830,2019-01-22 10:48:30,2019-01-22 12:00:00,ev_K,K,2,
20190122104840,2019-01-22 10:48:40,2019-01-22 12:00:00,ev_C,C,3,
20190122104850,2019-01-22 10:48:50,2019-01-22 12:00:00,ev_K,K,3,
20190122104900,2019-01-22 10:49:00,2019-01-22 12:00:00,ev_C,C,8,
20190122104910,2019-01-22 10:49:10,2019-01-22 12:00:00,ev_C,C,15,
20190122104920,2019-01-22 10:49:20,2019-01-22 12:00:00,ev_C,C,8,
20190122104930,2019-01-22 10:49:30,2019-01-22 12:00:00,ev_C,C,4,
20190122104940,2019-01-22 10:49:40,2019-01-22 12:00:00,ev_C,C,3,
20190122104950,2019-01-22 10:49:50,2019-01-22 12:00:00,ev_C,C,2,
20190122105000,2019-01-22 10:50:00,2019-01-22 12:00:00,ev_C,C,18,
20190122105010,2019-01-22 10:50:10,2019-01-22 12:00:00,ev_K,K,3,
20190122105020,2019-01-22 10:50:20,2019-01-22 12:00:00,ev_C,C,12,
20190122105030,2019-01-22 10:50:30,2019-01-22 12:00:00,ev_C,C,7,
20190122105040,2019-01-22 10:50:40,2019-01-22 12:00:00,ev_N,K,5,
20190122105050,2019-01-22 10:50:50,2019-01-22 12:00:00,ev_C,C,16,
20190122105100,2019-01-22 10:51:00,2019-01-22 12:00:00,ev_K,K,5,
20190122105110,2019-01-22 10:51:10,2019-01-22 12:00:00,ev_C,C,7,
20190122105120,2019-01-22 10:51:20,2019-01-22 12:00:00,ev_K,K,3,
20190122105130,2019-01-22 10:51:30,2019-01-22 12:00:00,ev_K,K,5,
20190122105140,2019-01-22 10:51:40,2019-01-22 12:00:00,ev_C,C,13,
20190122105150,2019-01-22 10:51:50,2019-01-22 12:00:00,ev_C,C,9,
20190122105200,2019-01-22 10:52:00,2019-01-22 12:00:00,ev_C,C,9,
20190122105210,2019-01-22 10:52:10,2019-01-22 12:00:00,ev_K,K,3,
20190122105220,2019-01-22 10:52:20,2019-01-22 12:00:00,ev_C,C,15,
20190122105230,2019-01-22 10:52:30,2019-01-22 12:00:00,ev_C,C,11,
20190122105240,2019-01-22 10:52:40,2019-01-22 12:00:00,ev_K,K,3,
20190122105250,2019-01-22 10:52:50,2019-01-22 12:00:00,ev_N,K,3,
20190122105300,2019-01-22 10:53:00,2019-01-22 12:00:00,ev_C,C,16,
20190122105310,2019-01-22 10:53:10,2019-01-22 12:00:00,ev_C,C,10,
20190122105320,2019-01-22 10:53:20,2019-01-22 12:00:00,ev_C,C,13,
20190122105330,2019-01-22 10:53:30,2019-01-22 12:00:00,ev_C,C,7,
20190122105340,2019-01-22 10:53:40,2019-01-22 12:00:00,ev_K,K,3,
20190122105350,2019-01-22 10:53:50,2019-01-22 12:00:00,ev_K,K,1,
20190122105400,2019-01-22 10:54:00,2019-01-22 12:00:00,ev_C,C,12,
20190122105410,2019-01-22 10:54:10,2019-01-22 12:00:00,ev_C,C,11,
20190122105420,2019-01-22 10:54:20,2019-01-22 12:00:00,ev_C,C,2,
20190122105430,2019-01-22 10:54:30,2019-01-22 12:00:00,ev_C,C,10,
20190122105440,2019-01-22 10:54:40,2019-01-22 12:00:00,ev_K,K,1,
20190122105450,2019-01-22 10:54:50,2019-01-22 12:00:00,ev_K,K,3,
20190122105500,2019-01-22 10:55:00,2019-01-22 12:00:00,ev_C,C,4,
20190122105510,2019-01-22 10:55:10,2019-01-22 12:00:00,ev_C,C,9,
20190122105520,2019-01-22 10:55:20,2019-01-22 12:00:00,ev_K,K,1,
20190122105530,2019-01-22 10:55:30,2019-01-22 12:00:00,ev_C,C,4,
20190122105540,2019-01-22 10:55:40,2019-01-22 12:00:00,ev_C,C,15,
20190122105550,2019-01-22 10:55:50,2019-01-22 12:00:00,ev_K,K,1,
20190122105600,2019-01-22 10:56:00,2019-01-22 12:00:00,ev_C,C,11,
20190122105610,2019-01-22 10:56:10,2019-01-22 12:00:00,ev_K,K,5,
20190122105620,2019-01-22 10:56:20,2019-01-22 12:00:00,ev_C,C,1,
20190122105630,2019-01-22 10:56:30,2019-01-22 12:00:00,ev_C,C,15,
20190122105640,2019-01-22 10:56:40,2019-01-22 12:00:00,ev_C,C,8,
20190122105650,2019-01-22 10:56:50,2019-01-22 12:00:00,ev_K,K,1,
20190122105700,2019-01-22 10:57:00,2019-01-22 12:00:00,ev_C,C,10,
20190122105710,2019-01-22 10:57:10,2019-01-22 12:00:00,ev_C,C,8,
20190122105720,2019-01-22 10:57:20,2019-01-22 12:00:00,ev_K,K,4,
20190122105730,2019-01-22 10:57:30,2019-01-22 12:00:00,ev_C,C,16,
20190122105740,2019-01-22 10:57:40,2019-01-22 12:00:00,ev_C,C,14,
20190122105750,2019-01-22 10:57:50,2019-01-22 12:00:00,ev_N,K,1,
20190122105800,2019-01-22 10:58:00,2019-01-22 12:00:00,ev_C,C,13,
20190122105810,2019-01-22 10:58:10,2019-01-22 12:00:00,ev_C,C,17,
20190122105820,2019-01-22 10:58:20,2019-01-22 12:00:00,ev_K,K,5,
20190122105830,2019-01-22 10:58:30,2019-01-22 12:00:00,ev_C,C,19,
20190122105840,2019-01-22 10:58:40,2019-01-22 12:00:00,ev_C,C,6,
20190122105850,2019-01-22 10:58:50,2019-01-22 12:00:00,ev_K,K,4,
20190122105900,2019-01-22 10:59:00,2019-01-22 12:00:00,ev_K,K,3,
20190122105910,2019-01-22 10:59:10,2019-01-22 12:00:00,ev_C,C,12,
20190122105920,2019-01-22 10:59:20,2019-01-22 12:00:00,ev_N,K,1,
20190122105930,2019-01-22 10:59:30,2019-01-22 12:00:00,ev_C,C,15,
20190122105940,2019-01-22 10:59:40,2019-01-22 12:00:00,ev_C,C,18,
20190122105950,2019-01-22 10:59:50,2019-01-22 12:00:00,ev_C,C,14,
20190122110000,2019-01-22 11:00:00,2019-01-22 12:00:00,ev_C,C,6,
20190122110010,2019-01-22 11:00:10,2019-01-22 12:00:00,ev_N,K,3,
20190122110020,2019-01-22 11:00:20,2019-01-22 12:00:00,ev_C,C,18,
20190122110030,2019-01-22 11:00:30,2019-01-22 12:00:00,ev_C,C,18,
20190122110040,2019-01-22 11:00:40,2019-01-22 12:00:00,ev_C,C,3,
20190122110050,2019-01-22 11:00:50,2019-01-22 12:00:00,ev_C,C,3,
20190122110100,2019-01-22 11:01:00,2019-01-22 12:00:00,ev_C,C,14,
20190122110110,2019-01-22 11:01:10,2019-01-22 12:00:00,ev_K,K,3,
20190122110120,2019-01-22 11:01:20,2019-01-22 12:00:00,ev_K,K,1,
20190122110130,2019-01-22 11:01:30,2019-01-22 12:00:00,ev_C,C,5,
20190122110140,2019-01-22 11:01:40,2019-01-22 12:00:00,ev_C,C,1,
20190122110150,2019-01-22 11:01:50,2019-01-22 12:00:00,ev_C,C,20,
20190122110200,2019-01-22 11:02:00,2019-01-22 12:00:00,ev_K,K,5,
20190122110210,2019-01-22 11:02:10,2019-01-22 12:00:00,ev_C,C,19,
20190122110220,2019-01-22 11:02:20,2019-01-22 12:00:00,ev_C,C,9,
20190122110230,2019-01-22 11:02:30,2019-01-22 12:00:00,ev_C,C,8,
20190122110240,2019-01-22 11:02:40,2019-01-22 12:00:00,ev_C,C,7,
20190122110250,2019-01-22 11:02:50,2019-01-22 12:00:00,ev_C,C,2,
20190122110300,2019-01-22 11:03:00,2019-01-22 12:00:00,ev_C,C,3,
20190122110310,2019-01-22 11:03:10,2019-01-22 12:00:00,ev_K,K,4,
20190122110320,2019-01-22 11:03:20,2019-01-22 12:00:00,ev_K,K,5,
20190122110330,2019-01-22 11:03:30,2019-01-22 12:00:00,ev_C,C,14,
20190122110340,2019-01-22 11:03:40,2019-01-22 12:00:00,ev_C,C,17,
20190122110350,2019-01-22 11:03:50,2019-01-22 12:00:00,ev_C,C,16,
20190122110400,2019-01-22 11:04:00,2019-01-22 12:00:00,ev_K,K,3,
20190122110410,2019-01-22 11:04:10,2019-01-22 12:00:00,ev_C,C,5,
20190122110420,2019-01-22 11:04:20,2019-01-22 12:00:00,ev_C,C,7,
20190122110430,2019-01-22 11:04:30,2019-01-22 12:00:00,ev_C,C,7,
20190122110440,2019-01-22 11:04:40,2019-01-22 12:00:00,ev_K,K,2,
20190122110450,2019-01-22 11:04:50,2019-01-22 12:00:00,ev_C,C,19,
20190122110500,2019-01-22 11:05:00,2019-01-22 12:00:00,ev_N,K,4,
20190122110510,2019-01-22 11:05:10,2019-01-22 12:00:00,ev_C,C,15,
20190122110520,2019-01-22 11:05:20,2019-01-22 12:00:00,ev_K,K,1,
20190122110530,2019-01-22 11:05:30,2019-01-22 12:00:00,ev_C,C,3,
20190122110540,2019-01-22 11:05:40,2019-01-22 12:00:00,ev_K,K,5,
20190122110550,2019-01-22 11:05:50,2019-01-22 12:00:00,ev_N,K,4,
20190122110600,2019-01-22 11:06:00,2019-01-22 12:00:00,ev_C,C,19,
20190122110610,2019-01-22 11:06:10,2019-01-22 12:00:00,ev_C,C,6,
20190122110620,2019-01-22 11:06:20,2019-01-22 12:00:00,ev_C,C,2,
20190122110630,2019-01-22 11:06:30,2019-01-22 12:00:00,ev_K,K,1,
20190122110640,2019-01-22 11:06:40,2019-01-22 12:00:00,ev_C,C,3,
20190122110650,2019-01-22 11:06:50,2019-01-22 12:00:00,ev_C,C,19,
20190122110700,2019-01-22 11:07:00,2019-01-22 12:00:00,ev_C,C,2,
20190122110710,2019-01-22 11:07:10,2019-01-22 12:00:00,ev_C,C,10,
20190122110720,2019-01-22 11:07:20,2019-01-22 12:00:00,ev_C,C,10,
20190122110730,2019-01-22 11:07:30,2019-01-22 12:00:00,ev_C,C,2,
20190122110740,2019-01-22 11:07:40,2019-01-22 12:00:00,ev_C,C,8,
20190122110750,2019-01-22 11:07:50,2019-01-22 12:00:00,ev_K,K,5,
20190122110800,2019-01-22 11:08:00,2019-01-22 12:00:00,ev_C,C,10,
20190122110810,2019-01-22 11:08:10,2019-01-22 12:00:00,ev_C,C,2,
20190122110820,2019-01-22 11:08:20,2019-01-22 12:00:00,ev_N,K,1,
20190122110830,2019-01-22 11:08:30,2019-01-22 12:00:00,ev_C,C,18,
20190122110840,2019-01-22 11:08:40,2019-01-22 12:00:00,ev_K,K,1,
20190122110850,2019-01-22 11:08:50,2019-01-22 12:00:00,ev_K,K,3,
20190122110900,2019-01-22 11:09:00,2019-01-22 12:00:00,ev_C,C,8,
20190122110910,2019-01-22 11:09:10,2019-01-22 12:00:00,ev_K,K,5,
20190122110920,2019-01-22 11:09:20,2019-01-22 12:00:00,ev_C,C,4,
20190122110930,2019-01-22 11:09:30,2019-01-22 12:00:00,ev_C,C,7,
20190122110940,2019-01-22 11:09:40,2019-01-22 12:00:00,ev_C,C,2,
20190122110950,2019-01-22 11:09:50,2019-01-22 12:00:00,ev_C,C,16,
20190122111000,2019-01-22 11:10:00,2019-01-22 12:00:00,ev_C,C,4,
20190122111010,2019-01-22 11:10:10,2019-01-22 12:00:00,ev_N,K,1,
20190122111020,2019-01-22 11:10:20,2019-01-22 12:00:00,ev_C,C,19,
20190122111030,2019-01-22 11:10:30,2019-01-22 12:00:00,ev_C,C,12,
20190122111040,2019-01-22 11:10:40,2019-01-22 12:00:00,ev_C,C,18,
20190122111050,2019-01-22 11:10:50,2019-01-22 12:00:00,ev_N,K,2,
20190122111100,2019-01-22 11:11:00,2019-01-22 12:00:00,ev_C,C,4,
20190122111110,2019-01-22 11:11:10,2019-01-22 12:00:00,ev_K,K,4,
20190122111120,2019-01-22 11:11:20,2019-01-22 12:00:00,ev_C,C,18,
20190122111130,2019-01-22 11:11:30,2019-01-22 12:00:00,ev_C,C,6,
20190122111140,2019-01-22 11:11:40,2019-01-22 12:00:00,ev_K,K,5,
20190122111150,2019-01-22 11:11:50,2019-01-22 12:00:00,ev_K,K,1,
20190122111200,2019-01-22 11:12:00,2019-01-22 12:00:00,ev_C,C,12,
20190122111210,2019-01-22 11:12:10,2019-01-22 12:00:00,ev_C,C,14,
20190122111220,2019-01-22 11:12:20,2019-01-22 12:00:00,ev_C,C,18,
20190122111230,2019-01-22 11:12:30,2019-01-22 12:00:00,ev_C,C,19,
20190122111240,2019-01-22 11:12:40,2019-01-22 12:00:00,ev_C,C,18,
20190122111250,2019-01-22 11:12:50,2019-01-22 12:00:00,ev_C,C,6,
20190122111300,2019-01-22 11:13:00,2019-01-22 12:00:00,ev_C,C,7,
20190122111310,2019-01-22 11:13:10,2019-01-22 12:00:00,ev_C,C,15,
20190122111320,2019-01-22 11:13:20,2019-01-22 12:00:00,ev_K,K,4,
20190122111330,2019-01-22 11:13:30,2019-01-22 12:00:00,ev_C,C,10,
20190122111340,2019-01-22 11:13:40,2019-01-22 12:00:00,ev_C,C,11,
20190122111350,2019-01-22 11:13:50,2019-01-22 12:00:00,ev_K,K,1,
20190122111400,2019-01-22 11:14:00,2019-01-22 12:00:00,ev_C,C,14,
20190122111410,2019-01-22 11:14:10,2019-01-22 12:00:00,ev_K,K,4,
20190122111420,2019-01-22 11:14:20,2019-01-22 12:00:00,ev_K,K,3,
20190122111430,2019-01-22 11:14:30,2019-01-22 12:00:00,ev_C,C,6,
20190122111440,2019-01-22 11:14:40,2019-01-22 12:00:00,ev_C,C,19,
20190122111450,2019-01-22 11:14:50,2019-01-22 12:00:00,ev_C,C,8,
20190122111500,2019-01-22 11:15:00,2019-01-22 12:00:00,ev_C,C,14,
20190122111510,2019-01-22 11:15:10,2019-01-22 12:00:00,ev_C,C,20,
20190122111520,2019-01-22 11:15:20,2019-01-22 12:00:00,ev_C,C,10,
20190122111530,2019-01-22 11:15:30,2019-01-22 12:00:00,ev_C,C,7,
20190122111540,2019-01-22 11:15:40,2019-01-22 12:00:00,ev_C,C,16,
20190122111550,2019-01-22 11:15:50,2019-01-22 12:00:00,ev_C,C,19,
20190122111600,2019-01-22 11:16:00,2019-01-22 12:00:00,ev_C,C,4,
20190122111610,2019-01-22 11:16:10,2019-01-22 12:00:00,ev_C,C,9,
20190122111620,2019-01-22 11:16:20,2019-01-22 12:00:00,ev_C,C,2,
20190122111630,2019-01-22 11:16:30,2019-01-22 12:00:00,ev_C,C,16,
20190122111640,2019-01-22 11:16:40,2019-01-22 12:00:00,ev_K,K,1,
20190122111650,2019-01-22 11:16:50,2019-01-22 12:00:00,ev_C,C,16,
20190122111700,2019-01-22 11:17:00,2019-01-22 12:00:00,ev_C,C,13,
20190122111710,2019-01-22 11:17:10,2019-01-22 12:00:00,ev_C,C,6,
20190122111720,2019-01-22 11:17:20,2019-01-22 12:00:00,ev_C,C,4,
20190122111730,2019-01-22 11:17:30,2019-01-22 12:00:00,ev_C,C,14,
20190122111740,2019-01-22 11:17:40,2019-01-22 12:00:00,ev_K,K,1,
20190122111750,2019-01-22 11:17:50,2019-01-22 12:00:00,ev_C,C,17,
20190122111800,2019-01-22 11:18:00,2019-01-22 12:00:00,ev_C,C,3,
20190122111810,2019-01-22 11:18:10,2019-01-22 12:00:00,ev_N,K,3,
20190122111820,2019-01-22 11:18:20,2019-01-22 12:00:00,ev_K,K,5,
20190122111830,2019-01-22 11:18:30,2019-01-22 12:00:00,ev_C,C,13,
20190122111840,2019-01-22 11:18:40,2019-01-22 12:00:00,ev_C,C,14,
20190122111850,2019-01-22 11:18:50,2019-01-22 12:00:00,ev_K,K,3,
20190122111900,2019-01-22 11:19:00,2019-01-22 12:00:00,ev_C,C,10,
20190122111910,2019-01-22 11:19:10,2019-01-22 12:00:00,ev_C,C,16,
20190122111920,2019-01-22 11:19:20,2019-01-22 12:00:00,ev_C,C,12,
20190122111930,2019-01-22 11:19:30,2019-01-22 12:00:00,ev_C,C,1,
20190122111940,2019-01-22 11:19:40,2019-01-22 12:00:00,ev_K,K,5,
20190122111950,2019-01-22 11:19:50,2019-01-22 12:00:00,ev_K,K,4,
20190122112000,2019-01-22 11:20:00,2019-01-22 12:00:00,ev_C,C,2,
20190122112010,2019-01-22 11:20:10,2019-01-22 12:00:00,ev_C,C,5,
20190122112020,2019-01-22 11:20:20,2019-01-22 12:00:00,ev_K,K,2,
20190122112030,2019-01-22 11:20:30,2019-01-22 12:00:00,ev_K,K,2,
20190122112040,2019-01-22 11:20:40,2019-01-22 12:00:00,ev_N,K,2,
20190122112050,2019-01-22 11:20:50,2019-01-22 12:00:00,ev_K,K,4,
20190122112100,2019-01-22 11:21:00,2019-01-22 12:00:00,ev_C,C,1,
20190122112110,2019-01-22 11:21:10,2019-01-22 12:00:00,ev_N,K,3,
20190122112120,2019-01-22 11:21:20,2019-01-22 12:00:00,ev_C,C,18,
20190122112130,2019-01-22 11:21:30,2019-01-22 12:00:00,ev_C,C,16,
20190122112140,2019-01-22 11:21:40,2019-01-22 12:00:00,ev_K,K,5,
20190122112150,2019-01-22 11:21:50,2019-01-22 12:00:00,ev_C,C,10,
20190122112200,2019-01-22 11:22:00,2019-01-22 12:00:00,ev_C,C,19,
20190122112210,2019-01-22 11:22:10,2019-01-22 12:00:00,ev_C,C,17,
20190122112220,2019-01-22 11:22:20,2019-01-22 12:00:00,ev_C,C,15,
20190122112230,2019-01-22 11:22:30,2019-01-22 12:00:00,ev_C,C,13,
20190122112240,2019-01-22 11:22:40,2019-01-22 12:00:00,ev_C,C,10,
20190122112250,2019-01-22 11:22:50,2019-01-22 12:00:00,ev_C,C,19,
20190122112300,2019-01-22 11:23:00,2019-01-22 12:00:00,ev_C,C,2,
20190122112310,2019-01-22 11:23:10,2019-01-22 12:00:00,ev_K,K,2,
20190122112320,2019-01-22 11:23:20,2019-01-22 12:00:00,ev_N,K,2,
20190122112330,2019-01-22 11:23:30,2019-01-22 12:00:00,ev_C,C,7,
20190122112340,2019-01-22 11:23:40,2019-01-22 12:00:00,ev_C,C,2,
20190122112350,2019-01-22 11:23:50,2019-01-22 12:00:00,ev_K,K,4,
20190122112400,2019-01-22 11:24:00,2019-01-22 12:00:00,ev_C,C,4,
20190122112410,2019-01-22 11:24:10,2019-01-22 12:00:00,ev_N,K,1,
20190122112420,2019-01-22 11:24:20,2019-01-22 12:00:00,ev_C,C,6,
20190122112430,2019-01-22 11:24:30,2019-01-22 12:00:00,ev_C,C,12,
20190122112440,2019-01-22 11:24:40,2019-01-22 12:00:00,ev_K,K,2,
20190122112450,2019-01-22 11:24:50,2019-01-22 12:00:00,ev_C,C,15,
20190122112500,2019-01-22 11:25:00,2019-01-22 12:00:00,ev_N,K,4,
20190122112510,2019-01-22 11:25:10,2019-01-22 12:00:00,ev_N,K,5,
20190122112520,2019-01-22 11:25:20,2019-01-22 12:00:00,ev_C,C,9,
20190122112530,2019-01-22 11:25:30,2019-01-22 12:00:00,ev_C,C,15,
20190122112540,2019-01-22 11:25:40,2019-01-22 12:00:00,ev_C,C,6,
20190122112550,2019-01-22 11:25:50,2019-01-22 12:00:00,ev_C,C,18,
20190122112600,2019-01-22 11:26:00,2019-01-22 12:00:00,ev_C,C,1,
20190122112610,2019-01-22 11:26:10,2019-01-22 12:00:00,ev_C,C,9,
20190122112620,2019-01-22 11:26:20,2019-01-22 12:00:00,ev_C,C,9,
20190122112630,2019-01-22 11:26:30,2019-01-22 12:00:00,ev_K,K,2,
20190122112640,2019-01-22 11:26:40,2019-01-22 12:00:00,ev_C,C,15,
20190122112650,2019-01-22 11:26:50,2019-01-22 12:00:00,ev_C,C,9,
20190122112700,2019-01-22 11:27:00,2019-01-22 12:00:00,ev_C,C,16,
20190122112710,2019-01-22 11:27:10,2019-01-22 12:00:00,ev_C,C,8,
20190122112720,2019-01-22 11:27:20,2019-01-22 12:00:00,ev_N,K,5,
20190122112730,2019-01-22 11:27:30,2019-01-22 12:00:00,ev_K,K,4,
20190122112740,2019-01-22 11:27:40,2019-01-22 12:00:00,ev_C,C,8,
20190122112750,2019-01-22 11:27:50,2019-01-22 12:00:00,ev_C,C,10,
20190122112800,2019-01-22 11:28:00,2019-01-22 12:00:00,ev_C,C,13,
20190122112810,2019-01-22 11:28:10,2019-01-22 12:00:00,ev_C,C,7,
20190122112820,2019-01-22 11:28:20,2019-01-22 12:00:00,ev_C,C,12,
20190122112830,2019-01-22 11:28:30,2019-01-22 12:00:00,ev_C,C,15,
20190122112840,2019-01-22 11:28:40,2019-01-22 12:00:00,ev_C,C,2,
20190122112850,2019-01-22 11:28:50,2019-01-22 12:00:00,ev_C,C,6,
20190122112900,2019-01-22 11:29:00,2019-01-22 12:00:00,ev_C,C,4,
20190122112910,2019-01-22 11:29:10,2019-01-22 12:00:00,ev_C,C,15,
20190122112920,2019-01-22 11:29:20,2019-01-22 12:00:00,ev_N,K,2,
20190122112930,2019-01-22 11:29:30,2019-01-22 12:00:00,ev_K,K,1,
20190122112940,2019-01-22 11:29:40,2019-01-22 12:00:00,ev_C,C,2,
20190122112950,2019-01-22 11:29:50,2019-01-22 12:00:00,ev_K,K,4,
20190122113000,2019-01-22 11:30:00,2019-01-22 12:00:00,ev_C,C,20,
20190122113010,2019-01-22 11:30:10,2019-01-22 12:00:00,ev_C,C,11,
20190122113020,2019-01-22 11:30:20,2019-01-22 12:00:00,ev_C,C,2,
20190122113030,2019-01-22 11:30:30,2019-01-22 12:00:00,ev_C,C,3,
20190122113040,2019-01-22 11:30:40,2019-01-22 12:00:00,ev_K,K,3,
20190122113050,2019-01-22 11:30:50,2019-01-22 12:00:00,ev_K,K,1,
20190122113100,2019-01-22 11:31:00,2019-01-22 12:00:00,ev_C,C,17,
20190122113110,2019-01-22 11:31:10,2019-01-22 12:00:00,ev_K,K,2,
20190122113120,2019-01-22 11:31:20,2019-01-22 12:00:00,ev_C,C,12,
20190122113130,2019-01-22 11:31:30,2019-01-22 12:00:00,ev_C,C,16,
20190122113140,2019-01-22 11:31:40,2019-01-22 12:00:00,ev_C,C,1,
20190122113150,2019-01-22 11:31:50,2019-01-22 12:00:00,ev_C,C,9,
20190122113200,2019-01-22 11:32:00,2019-01-22 12:00:00,ev_K,K,4,
20190122113210,2019-01-22 11:32:10,2019-01-22 12:00:00,ev_N,K,1,
20190122113220,2019-01-22 11:32:20,2019-01-22 12:00:00,ev_K,K,3,
20190122113230,2019-01-22 11:32:30,2019-01-22 12:00:00,ev_C,C,15,
20190122113240,2019-01-22 11:32:40,2019-01-22 12:00:00,ev_C,C,7,
20190122113250,2019-01-22 11:32:50,2019-01-22 12:00:00,ev_C,C,11,
20190122113300,2019-01-22 11:33:00,2019-01-22 12:00:00,ev_C,C,19,
20190122113310,2019-01-22 11:33:10,2019-01-22 12:00:00,ev_C,C,2,
20190122113320,2019-01-22 11:33:20,2019-01-22 12:00:00,ev_K,K,2,
20190122113330,2019-01-22 11:33:30,2019-01-22 12:00:00,ev_C,C,5,
20190122113340,2019-01-22 11:33:40,2019-01-22 12:00:00,ev_C,C,7,
20190122113350,2019-01-22 11:33:50,2019-01-22 12:00:00,ev_C,C,2,
20190122113400,2019-01-22 11:34:00,2019-01-22 12:00:00,ev_C,C,8,
20190122113410,2019-01-22 11:34:10,2019-01-22 12:00:00,ev_K,K,3,
20190122113420,2019-01-22 11:34:20,2019-01-22 12:00:00,ev_C,C,5,
20190122113430,2019-01-22 11:34:30,2019-01-22 12:00:00,ev_C,C,11,
20190122113440,2019-01-22 11:34:40,2019-01-22 12:00:00,ev_C,C,15,
20190122113450,2019-01-22 11:34:50,2019-01-22 12:00:00,ev_C,C,8,
20190122113500,2019-01-22 11:35:00,2019-01-22 12:00:00,ev_C,C,16,
20190122113510,2019-01-22 11:35:10,2019-01-22 12:00:00,ev_C,C,11,
20190122113520,2019-01-22 11:35:20,2019-01-22 12:00:00,ev_K,K,5,
20190122113530,2019-01-22 11:35:30,2019-01-22 12:00:00,ev_C,C,15,
20190122113540,2019-01-22 11:35:40,2019-01-22 12:00:00,ev_C,C,2,
20190122113550,2019-01-22 11:35:50,2019-01-22 12:00:00,ev_C,C,20,
20190122113600,2019-01-22 11:36:00,2019-01-22 12:00:00,ev_C,C,10,
20190122113610,2019-01-22 11:36:10,2019-01-22 12:00:00,ev_K,K,2,
20190122113620,2019-01-22 11:36:20,2019-01-22 12:00:00,ev_K,K,1,
20190122113630,2019-01-22 11:36:30,2019-01-22 12:00:00,ev_N,K,1,
20190122113640,2019-01-22 11:36:40,2019-01-22 12:00:00,ev_C,C,11,
20190122113650,2019-01-22 11:36:50,2019-01-22 12:00:00,ev_C,C,10,
20190122113700,2019-01-22 11:37:00,2019-01-22 12:00:00,ev_K,K,2,
20190122113710,2019-01-22 11:37:10,2019-01-22 12:00:00,ev_C,C,13,
20190122113720,2019-01-22 11:37:20,2019-01-22 12:00:00,ev_C,C,3,
20190122113730,2019-01-22 11:37:30,2019-01-22 12:00:00,ev_C,C,13,
20190122113740,2019-01-22 11:37:40,2019-01-22 12:00:00,ev_C,C,3,
20190122113750,2019-01-22 11:37:50,2019-01-22 12:00:00,ev_C,C,6,
20190122113800,2019-01-22 11:38:00,2019-01-22 12:00:00,ev_C,C,16,
20190122113810,2019-01-22 11:38:10,2019-01-22 12:00:00,ev_C,C,8,
20190122113820,2019-01-22 11:38:20,2019-01-22 12:00:00,ev_C,C,17,
20190122113830,2019-01-22 11:38:30,2019-01-22 12:00:00,ev_C,C,3,
20190122113840,2019-01-22 11:38:40,2019-01-22 12:00:00,ev_C,C,5,
20190122113850,2019-01-22 11:38:50,2019-01-22 12:00:00,ev_C,C,16,
20190122113900,2019-01-22 11:39:00,2019-01-22 12:00:00,ev_C,C,12,
20190122113910,2019-01-22 11:39:10,2019-01-22 12:00:00,ev_C,C,12,
20190122113920,2019-01-22 11:39:20,2019-01-22 12:00:00,ev_C,C,13,
20190122113930,2019-01-22 11:39:30,2019-01-22 12:00:00,ev_C,C,14,
20190122113940,2019-01-22 11:39:40,2019-01-22 12:00:00,ev_C,C,9,
20190122113950,2019-01-22 11:39:50,2019-01-22 12:00:00,ev_C,C,5,
20190122114000,2019-01-22 11:40:00,2019-01-22 12:00:00,ev_C,C,17,
20190122114010,2019-01-22 11:40:10,2019-01-22 12:00:00,ev_C,C,19,
20190122114020,2019-01-22 11:40:20,2019-01-22 12:00:00,ev_C,C,3,
20190122114030,2019-01-22 11:40:30,2019-01-22 12:00:00,ev_C,C,15,
20190122114040,2019-01-22 11:40:40,2019-01-22 12:00:00,ev_C,C,17,
20190122114050,2019-01-22 11:40:50,2019-01-22 12:00:00,ev_N,K,3,
20190122114100,2019-01-22 11:41:00,2019-01-22 12:00:00,ev_K,K,2,
20190122114110,2019-01-22 11:41:10,2019-01-22 12:00:00,ev_K,K,2,
20190122114120,2019-01-22 11:41:20,2019-01-22 12:00:00,ev_C,C,10,
20190122114130,2019-01-22 11:41:30,2019-01-22 12:00:00,ev_C,C,3,
20190122114140,2019-01-22 11:41:40,2019-01-22 12:00:00,ev_C,C,10,
20190122114150,2019-01-22 11:41:50,2019-01-22 12:00:00,ev_C,C,1,
20190122114200,2019-01-22 11:42:00,2019-01-22 12:00:00,ev_K,K,3,
20190122114210,2019-01-22 11:42:10,2019-01-22 12:00:00,ev_C,C,20,
20190122114220,2019-01-22 11:42:20,2019-01-22 12:00:00,ev_C,C,14,
20190122114230,2019-01-22 11:42:30,2019-01-22 12:00:00,ev_K,K,5,
20190122114240,2019-01-22 11:42:40,2019-01-22 12:00:00,ev_K,K,2,
20190122114250,2019-01-22 11:42:50,2019-01-22 12:00:00,ev_C,C,1,
20190122114300,2019-01-22 11:43:00,2019-01-22 12:00:00,ev_C,C,6,
20190122114310,2019-01-22 11:43:10,2019-01-22 12:00:00,ev_N,K,2,
20190122114320,2019-01-22 11:43:20,2019-01-22 12:00:00,ev_C,C,18,
20190122114330,2019-01-22 11:43:30,2019-01-22 12:00:00,ev_C,C,6,
20190122114340,2019-01-22 11:43:40,2019-01-22 12:00:00,ev_C,C,8,
20190122114350,2019-01-22 11:43:50,2019-01-22 12:00:00,ev_C,C,8,
20190122114400,2019-01-22 11:44:00,2019-01-22 12:00:00,ev_K,K,4,
20190122114410,2019-01-22 11:44:10,2019-01-22 12:00:00,ev_K,K,2,
20190122114420,2019-01-22 11:44:20,2019-01-22 12:00:00,ev_C,C,14,
20190122114430,2019-01-22 11:44:30,2019-01-22 12:00:00,ev_K,K,5,
20190122114440,2019-01-22 11:44:40,2019-01-22 12:00:00,ev_C,C,16,
20190122114450,2019-01-22 11:44:50,2019-01-22 12:00:00,ev_C,C,4,
20190122114500,2019-01-22 11:45:00,2019-01-22 12:00:00,ev_C,C,13,
20190122114510,2019-01-22 11:45:10,2019-01-22 12:00:00,ev_K,K,4,
20190122114520,2019-01-22 11:45:20,2019-01-22 12:00:00,ev_K,K,2,
20190122114530,2019-01-22 11:45:30,2019-01-22 12:00:00,ev_C,C,18,
20190122114540,2019-01-22 11:45:40,2019-01-22 12:00:00,ev_C,C,16,
20190122114550,2019-01-22 11:45:50,2019-01-22 12:00:00,ev_K,K,1,
20190122114600,2019-01-22 11:46:00,2019-01-22 12:00:00,ev_C,C,12,
20190122114610,2019-01-22 11:46:10,2019-01-22 12:00:00,ev_C,C,6,
20190122114620,2019-01-22 11:46:20,2019-01-22 12:00:00,ev_C,C,17,
20190122114630,2019-01-22 11:46:30,2019-01-22 12:00:00,ev_K,K,4,
20190122114640,2019-01-22 11:46:40,2019-01-22 12:00:00,ev_C,C,11,
20190122114650,2019-01-22 11:46:50,2019-01-22 12:00:00,ev_C,C,1,
20190122114700,2019-01-22 11:47:00,2019-01-22 12:00:00,ev_C,C,18,
20190122114710,2019-01-22 11:47:10,2019-01-22 12:00:00,ev_N,K,2,
20190122114720,2019-01-22 11:47:20,2019-01-22 12:00:00,ev_C,C,7,
20190122114730,2019-01-22 11:47:30,2019-01-22 12:00:00,ev_C,C,5,
20190122114740,2019-01-22 11:47:40,2019-01-22 12:00:00,ev_K,K,4,
20190122114750,2019-01-22 11:47:50,2019-01-22 12:00:00,ev_K,K,2,
20190122114800,2019-01-22 11:48:00,2019-01-22 12:00:00,ev_K,K,5,
20190122114810,2019-01-22 11:48:10,2019-01-22 12:00:00,ev_K,K,3,
20190122114820,2019-01-22 11:48:20,2019-01-22 12:00:00,ev_K,K,5,
20190122114830,2019-01-22 11:48:30,2019-01-22 12:00:00,ev_C,C,5,
20190122114840,2019-01-22 11:48:40,2019-01-22 12:00:00,ev_N,K,2,
20190122114850,2019-01-22 11:48:50,2019-01-22 12:00:00,ev_K,K,4,
20190122114900,2019-01-22 11:49:00,2019-01-22 12:00:00,ev_K,K,5,
20190122114910,2019-01-22 11:49:10,2019-01-22 12:00:00,ev_C,C,19,
20190122114920,2019-01-22 11:49:20,2019-01-22 12:00:00,ev_K,K,5,
20190122114930,2019-01-22 11:49:30,2019-01-22 12:00:00,ev_C,C,5,
20190122114940,2019-01-22 11:49:40,2019-01-22 12:00:00,ev_C,C,7,
20190122114950,2019-01-22 11:49:50,2019-01-22 12:00:00,ev_C,C,17,
20190122115000,2019-01-22 11:50:00,2019-01-22 12:00:00,ev_K,K,4,
20190122115010,2019-01-22 11:50:10,2019-01-22 12:00:00,ev_K,K,1,
20190122115020,2019-01-22 11:50:20,2019-01-22 12:00:00,ev_C,C,14,
20190122115030,2019-01-22 11:50:30,2019-01-22 12:00:00,ev_K,K,1,
20190122115040,2019-01-22 11:50:40,2019-01-22 12:00:00,ev_C,C,3,
20190122115050,2019-01-22 11:50:50,2019-01-22 12:00:00,ev_C,C,1,
20190122115100,2019-01-22 11:51:00,2019-01-22 12:00:00,ev_C,C,5,
20190122115110,2019-01-22 11:51:10,2019-01-22 12:00:00,ev_K,K,3,
20190122115120,2019-01-22 11:51:20,2019-01-22 12:00:00,ev_C,C,14,
20190122115130,2019-01-22 11:51:30,2019-01-22 12:00:00,ev_C,C,13,
20190122115140,2019-01-22 11:51:40,2019-01-22 12:00:00,ev_K,K,2,
20190122115150,2019-01-22 11:51:50,2019-01-22 12:00:00,ev_C,C,13,
20190122115200,2019-01-22 11:52:00,2019-01-22 12:00:00,ev_C,C,12,
20190122115210,2019-01-22 11:52:10,2019-01-22 12:00:00,ev_C,C,8,
20190122115220,2019-01-22 11:52:20,2019-01-22 12:00:00,ev_C,C,5,
20190122115230,2019-01-22 11:52:30,2019-01-22 12:00:00,ev_C,C,19,
20190122115240,2019-01-22 11:52:40,2019-01-22 12:00:00,ev_K,K,1,
20190122115250,2019-01-22 11:52:50,2019-01-22 12:00:00,ev_C,C,14,
20190122115300,2019-01-22 11:53:00,2019-01-22 12:00:00,ev_C,C,12,
20190122115310,2019-01-22 11:53:10,2019-01-22 12:00:00,ev_C,C,18,
20190122115320,2019-01-22 11:53:20,2019-01-22 12:00:00,ev_C,C,15,
20190122115330,2019-01-22 11:53:30,2019-01-22 12:00:00,ev_C,C,19,
20190122115340,2019-01-22 11:53:40,2019-01-22 12:00:00,ev_C,C,2,
20190122115350,2019-01-22 11:53:50,2019-01-22 12:00:00,ev_C,C,2,
20190122115400,2019-01-22 11:54:00,2019-01-22 12:00:00,ev_C,C,12,
20190122115410,2019-01-22 11:54:10,2019-01-22 12:00:00,ev_K,K,4,
20190122115420,2019-01-22 11:54:20,2019-01-22 12:00:00,ev_C,C,15,
20190122115430,2019-01-22 11:54:30,2019-01-22 12:00:00,ev_C,C,6,
20190122115440,2019-01-22 11:54:40,2019-01-22 12:00:00,ev_C,C,20,
20190122115450,2019-01-22 11:54:50,2019-01-22 12:00:00,ev_C,C,16,
20190122115500,2019-01-22 11:55:00,2019-01-22 12:00:00,ev_C,C,7,
20190122115510,2019-01-22 11:55:10,2019-01-22 12:00:00,ev_C,C,1,
20190122115520,2019-01-22 11:55:20,2019-01-22 12:00:00,ev_C,C,6,
20190122115530,2019-01-22 11:55:30,2019-01-22 12:00:00,ev_C,C,18,
20190122115540,2019-01-22 11:55:40,2019-01-22 12:00:00,ev_C,C,10,
20190122115550,2019-01-22 11:55:50,2019-01-22 12:00:00,ev_C,C,14,
20190122115600,2019-01-22 11:56:00,2019-01-22 12:00:00,ev_C,C,3,
20190122115610,2019-01-22 11:56:10,2019-01-22 12:00:00,ev_C,C,4,
20190122115620,2019-01-22 11:56:20,2019-01-22 12:00:00,ev_K,K,1,
20190122115630,2019-01-22 11:56:30,2019-01-22 12:00:00,ev_N,K,3,
20190122115640,2019-01-22 11:56:40,2019-01-22 12:00:00,ev_C,C,12,
20190122115650,2019-01-22 11:56:50,2019-01-22 12:00:00,ev_C,C,15,
20190122115700,2019-01-22 11:57:00,2019-01-22 12:00:00,ev_C,C,2,
20190122115710,2019-01-22 11:57:10,2019-01-22 12:00:00,ev_N,K,4,
20190122115720,2019-01-22 11:57:20,2019-01-22 12:00:00,ev_C,C,10,
20190122115730,2019-01-22 11:57:30,2019-01-22 12:00:00,ev_C,C,19,
20190122115740,2019-01-22 11:57:40,2019-01-22 12:00:00,ev_C,C,8,
20190122115750,2019-01-22 11:57:50,2019-01-22 12:00:00,ev_C,C,3,
20190122115800,2019-01-22 11:58:00,2019-01-22 12:00:00,ev_K,K,2,
20190122115810,2019-01-22 11:58:10,2019-01-22 12:00:00,ev_C,C,14,
20190122115820,2019-01-22 11:58:20,2019-01-22 12:00:00,ev_C,C,17,
20190122115830,2019-01-22 11:58:30,2019-01-22 12:00:00,ev_C,C,9,
20190122115840,2019-01-22 11:58:40,2019-01-22 12:00:00,ev_C,C,16,
20190122115850,2019-01-22 11:58:50,2019-01-22 12:00:00,ev_K,K,1,
20190122115900,2019-01-22 11:59:00,2019-01-22 12:00:00,ev_C,C,9,
20190122115910,2019-01-22 11:59:10,2019-01-22 12:00:00,ev_C,C,20,
20190122115920,2019-01-22 11:59:20,2019-01-22 12:00:00,ev_K,K,5,
20190122115930,2019-01-22 11:59:30,2019-01-22 12:00:00,ev_C,C,12,
20190122115940,2019-01-22 11:59:40,2019-01-22 12:00:00,ev_C,C,10,
20190122115950,2019-01-22 11:59:50,2019-01-22 12:00:00,ev_C,C,7,
20190122120000,2019-01-22 12:00:00,2019-01-22 23:59:59,ev_C,C,14,
20190122120010,2019-01-22 12:00:10,2019-01-22 23:59:59,ev_C,C,5,
20190122120020,2019-01-22 12:00:20,2019-01-22 23:59:59,ev_C,C,11,
20190122120030,2019-01-22 12:00:30,2019-01-22 23:59:59,ev_K,K,2,
20190122120040,2019-01-22 12:00:40,2019-01-22 23:59:59,ev_K,K,4,
20190122120050,2019-01-22 12:00:50,2019-01-22 23:59:59,ev_C,C,10,
20190122120100,2019-01-22 12:01:00,2019-01-22 23:59:59,ev_C,C,20,
20190122120110,2019-01-22 12:01:10,2019-01-22 23:59:59,ev_K,K,4,
20190122120120,2019-01-22 12:01:20,2019-01-22 23:59:59,ev_C,C,18,
20190122120130,2019-01-22 12:01:30,2019-01-22 23:59:59,ev_C,C,13,
20190122120140,2019-01-22 12:01:40,2019-01-22 23:59:59,ev_N,K,4,
20190122120150,2019-01-22 12:01:50,2019-01-22 23:59:59,ev_C,C,17,
20190122120200,2019-01-22 12:02:00,2019-01-22 23:59:59,ev_C,C,13,
20190122120210,2019-01-22 12:02:10,2019-01-22 23:59:59,ev_C,C,19,
20190122120220,2019-01-22 12:02:20,2019-01-22 23:59:59,ev_C,C,4,
20190122120230,2019-01-22 12:02:30,2019-01-22 23:59:59,ev_C,C,18,
20190122120240,2019-01-22 12:02:40,2019-01-22 23:59:59,ev_C,C,20,
20190122120250,2019-01-22 12:02:50,2019-01-22 23:59:59,ev_K,K,4,
20190122120300,2019-01-22 12:03:00,2019-01-22 23:59:59,ev_C,C,11,
20190122120310,2019-01-22 12:03:10,2019-01-22 23:59:59,ev_C,C,5,
20190122120320,2019-01-22 12:03:20,2019-01-22 23:59:59,ev_C,C,6,
20190122120330,2019-01-22 12:03:30,2019-01-22 23:59:59,ev_N,K,5,
20190122120340,2019-01-22 12:03:40,2019-01-22 23:59:59,ev_C,C,19,
20190122120350,2019-01-22 12:03:50,2019-01-22 23:59:59,ev_C,C,1,
20190122120400,2019-01-22 12:04:00,2019-01-22 23:59:59,ev_C,C,7,
20190122120410,2019-01-22 12:04:10,2019-01-22 23:59:59,ev_C,C,6,
20190122120420,2019-01-22 12:04:20,2019-01-22 23:59:59,ev_K,K,5,
20190122120430,2019-01-22 12:04:30,2019-01-22 23:59:59,ev_K,K,4,
20190122120440,2019-01-22 12:04:40,2019-01-22 23:59:59,ev_C,C,16,
20190122120450,2019-01-22 12:04:50,2019-01-22 23:59:59,ev_C,C,5,
20190122120500,2019-01-22 12:05:00,2019-01-22 23:59:59,ev_C,C,1,
20190122120510,2019-01-22 12:05:10,2019-01-22 23:59:59,ev_C,C,8,
20190122120520,2019-01-22 12:05:20,2019-01-22 23:59:59,ev_C,C,4,
20190122120530,2019-01-22 12:05:30,2019-01-22 23:59:59,ev_C,C,15,
20190122120540,2019-01-22 12:05:40,2019-01-22 23:59:59,ev_C,C,1,
20190122120550,2019-01-22 12:05:50,2019-01-22 23:59:59,ev_C,C,6,
20190122120600,2019-01-22 12:06:00,2019-01-22 23:59:59,ev_C,C,4,
20190122120610,2019-01-22 12:06:10,2019-01-22 23:59:59,ev_C,C,11,
20190122120620,2019-01-22 12:06:20,2019-01-22 23:59:59,ev_K,K,2,
20190122120630,2019-01-22 12:06:30,2019-01-22 23:59:59,ev_C,C,15,
20190122120640,2019-01-22 12:06:40,2019-01-22 23:59:59,ev_C,C,9,
20190122120650,2019-01-22 12:06:50,2019-01-22 23:59:59,ev_C,C,20,
20190122120700,2019-01-22 12:07:00,2019-01-22 23:59:59,ev_C,C,16,
20190122120710,2019-01-22 12:07:10,2019-01-22 23:59:59,ev_C,C,20,
20190122120720,2019-01-22 12:07:20,2019-01-22 23:59:59,ev_C,C,4,
20190122120730,2019-01-22 12:07:30,2019-01-22 23:59:59,ev_N,K,2,
20190122120740,2019-01-22 12:07:40,2019-01-22 23:59:59,ev_C,C,19,
20190122120750,2019-01-22 12:07:50,2019-01-22 23:59:59,ev_K,K,5,
20190122120800,2019-01-22 12:08:00,2019-01-22 23:59:59,ev_K,K,1,
20190122120810,2019-01-22 12:08:10,2019-01-22 23:59:59,ev_K,K,2,
20190122120820,2019-01-22 12:08:20,2019-01-22 23:59:59,ev_C,C,16,
20190122120830,2019-01-22 12:08:30,2019-01-22 23:59:59,ev_C,C,8,
20190122120840,2019-01-22 12:08:40,2019-01-22 23:59:59,ev_C,C,6,
20190122120850,2019-01-22 12:08:50,2019-01-22 23:59:59,ev_K,K,1,
20190122120900,2019-01-22 12:09:00,2019-01-22 23:59:59,ev_C,C,8,
20190122120910,2019-01-22 12:09:10,2019-01-22 23:59:59,ev_C,C,2,
20190122120920,2019-01-22 12:09:20,2019-01-22 23:59:59,ev_C,C,11,
20190122120930,2019-01-22 12:09:30,2019-01-22 23:59:59,ev_N,K,5,
20190122120940,2019-01-22 12:09:40,2019-01-22 23:59:59,ev_K,K,1,
20190122120950,2019-01-22 12:09:50,2019-01-22 23:59:59,ev_C,C,20,
20190122121000,2019-01-22 12:10:00,2019-01-22 23:59:59,ev_C,C,17,
20190122121010,2019-01-22 12:10:10,2019-01-22 23:59:59,ev_C,C,14,
20190122121020,2019-01-22 12:10:20,2019-01-22 23:59:59,ev_K,K,4,
20190122121030,2019-01-22 12:10:30,2019-01-22 23:59:59,ev_C,C,15,
20190122121040,2019-01-22 12:10:40,2019-01-22 23:59:59,ev_C,C,10,
20190122121050,2019-01-22 12:10:50,2019-01-22 23:59:59,ev_C,C,10,
20190122121100,2019-01-22 12:11:00,2019-01-22 23:59:59,ev_C,C,9,
20190122121110,2019-01-22 12:11:10,2019-01-22 23:59:59,ev_C,C,2,
20190122121120,2019-01-22 12:11:20,2019-01-22 23:59:59,ev_C,C,11,
20190122121130,2019-01-22 12:11:30,2019-01-22 23:59:59,ev_C,C,19,
20190122121140,2019-01-22 12:11:40,2019-01-22 23:59:59,ev_C,C,15,
20190122121150,2019-01-22 12:11:50,2019-01-22 23:59:59,ev_C,C,13,
20190122121200,2019-01-22 12:12:00,2019-01-22 23:59:59,ev_C,C,18,
20190122121210,2019-01-22 12:12:10,2019-01-22 23:59:59,ev_C,C,1,
20190122121220,2019-01-22 12:12:20,2019-01-22 23:59:59,ev_C,C,19,
20190122121230,2019-01-22 12:12:30,2019-01-22 23:59:59,ev_C,C,15,
20190122121240,2019-01-22 12:12:40,2019-01-22 23:59:59,ev_C,C,14,
20190122121250,2019-01-22 12:12:50,2019-01-22 23:59:59,ev_C,C,6,
20190122121300,2019-01-22 12:13:00,2019-01-22 23:59:59,ev_C,C,9,
20190122121310,2019-01-22 12:13:10,2019-01-22 23:59:59,ev_C,C,9,
20190122121320,2019-01-22 12:13:20,2019-01-22 23:59:59,ev_C,C,10,
20190122121330,2019-01-22 12:13:30,2019-01-22 23:59:59,ev_C,C,8,
20190122121340,2019-01-22 12:13:40,2019-01-22 23:59:59,ev_K,K,3,
20190122121350,2019-01-22 12:13:50,2019-01-22 23:59:59,ev_C,C,5,
20190122121400,2019-01-22 12:14:00,2019-01-22 23:59:59,ev_C,C,4,
20190122121410,2019-01-22 12:14:10,2019-01-22 23:59:59,ev_N,K,5,
20190122121420,2019-01-22 12:14:20,2019-01-22 23:59:59,ev_C,C,11,
20190122121430,2019-01-22 12:14:30,2019-01-22 23:59:59,ev_C,C,16,
20190122121440,2019-01-22 12:14:40,2019-01-22 23:59:59,ev_C,C,9,
20190122121450,2019-01-22 12:14:50,2019-01-22 23:59:59,ev_C,C,13,
20190122121500,2019-01-22 12:15:00,2019-01-22 23:59:59,ev_C,C,14,
20190122121510,2019-01-22 12:15:10,2019-01-22 23:59:59,ev_C,C,12,
20190122121520,2019-01-22 12:15:20,2019-01-22 23:59:59,ev_C,C,11,
20190122121530,2019-01-22 12:15:30,2019-01-22 23:59:59,ev_C,C,11,
20190122121540,2019-01-22 12:15:40,2019-01-22 23:59:59,ev_K,K,3,
20190122121550,2019-01-22 12:15:50,2019-01-22 23:59:59,ev_C,C,12,
20190122121600,2019-01-22 12:16:00,2019-01-22 23:59:59,ev_C,C,16,
20190122121610,2019-01-22 12:16:10,2019-01-22 23:59:59,ev_C,C,12,
20190122121620,2019-01-22 12:16:20,2019-01-22 23:59:59,ev_C,C,5,
20190122121630,2019-01-22 12:16:30,2019-01-22 23:59:59,ev_C,C,9,
20190122121640,2019-01-22 12:16:40,2019-01-22 23:59:59,ev_C,C,2,
20190122121650,2019-01-22 12:16:50,2019-01-22 23:59:59,ev_N,K,3,
20190122121700,2019-01-22 12:17:00,2019-01-22 23:59:59,ev_C,C,20,
20190122121710,2019-01-22 12:17:10,2019-01-22 23:59:59,ev_C,C,19,
20190122121720,2019-01-22 12:17:20,2019-01-22 23:59:59,ev_C,C,16,
20190122121730,2019-01-22 12:17:30,2019-01-22 23:59:59,ev_C,C,2,
20190122121740,2019-01-22 12:17:40,2019-01-22 23:59:59,ev_K,K,5,
20190122121750,2019-01-22 12:17:50,2019-01-22 23:59:59,ev_C,C,14,
20190122121800,2019-01-22 12:18:00,2019-01-22 23:59:59,ev_C,C,9,
20190122121810,2019-01-22 12:18:10,2019-01-22 23:59:59,ev_C,C,10,
20190122121820,2019-01-22 12:18:20,2019-01-22 23:59:59,ev_C,C,16,
20190122121830,2019-01-22 12:18:30,2019-01-22 23:59:59,ev_C,C,11,
20190122121840,2019-01-22 12:18:40,2019-01-22 23:59:59,ev_C,C,17,
20190122121850,2019-01-22 12:18:50,2019-01-22 23:59:59,ev_C,C,11,
20190122121900,2019-01-22 12:19:00,2019-01-22 23:59:59,ev_C,C,12,
20190122121910,2019-01-22 12:19:10,2019-01-22 23:59:59,ev_K,K,5,
20190122121920,2019-01-22 12:19:20,2019-01-22 23:59:59,ev_C,C,4,
20190122121930,2019-01-22 12:19:30,2019-01-22 23:59:59,ev_C,C,18,
20190122121940,2019-01-22 12:19:40,2019-01-22 23:59:59,ev_K,K,2,
20190122121950,2019-01-22 12:19:50,2019-01-22 23:59:59,ev_C,C,7,
20190122122000,2019-01-22 12:20:00,2019-01-22 23:59:59,ev_C,C,17,
20190122122010,2019-01-22 12:20:10,2019-01-22 23:59:59,ev_K,K,3,
20190122122020,2019-01-22 12:20:20,2019-01-22 23:59:59,ev_C,C,3,
20190122122030,2019-01-22 12:20:30,2019-01-22 23:59:59,ev_C,C,20,
20190122122040,2019-01-22 12:20:40,2019-01-22 23:59:59,ev_C,C,15,
20190122122050,2019-01-22 12:20:50,2019-01-22 23:59:59,ev_N,K,5,
20190122122100,2019-01-22 12:21:00,2019-01-22 23:59:59,ev_K,K,3,
20190122122110,2019-01-22 12:21:10,2019-01-22 23:59:59,ev_K,K,4,
20190122122120,2019-01-22 12:21:20,2019-01-22 23:59:59,ev_C,C,13,
20190122122130,2019-01-22 12:21:30,2019-01-22 23:59:59,ev_N,K,4,
20190122122140,2019-01-22 12:21:40,2019-01-22 23:59:59,ev_C,C,14,
20190122122150,2019-01-22 12:21:50,2019-01-22 23:59:59,ev_C,C,11,
20190122122200,2019-01-22 12:22:00,2019-01-22 23:59:59,ev_N,K,1,
20190122122210,2019-01-22 12:22:10,2019-01-22 23:59:59,ev_C,C,16,
20190122122220,2019-01-22 12:22:20,2019-01-22 23:59:59,ev_C,C,7,
20190122122230,2019-01-22 12:22:30,2019-01-22 23:59:59,ev_C,C,8,
20190122122240,2019-01-22 12:22:40,2019-01-22 23:59:59,ev_C,C,18,
20190122122250,2019-01-22 12:22:50,2019-01-22 23:59:59,ev_C,C,16,
20190122122300,2019-01-22 12:23:00,2019-01-22 23:59:59,ev_K,K,1,
20190122122310,2019-01-22 12:23:10,2019-01-22 23:59:59,ev_C,C,12,
20190122122320,2019-01-22 12:23:20,2019-01-22 23:59:59,ev_N,K,2,
20190122122330,2019-01-22 12:23:30,2019-01-22 23:59:59,ev_K,K,1,
20190122122340,2019-01-22 12:23:40,2019-01-22 23:59:59,ev_K,K,2,
20190122122350,2019-01-22 12:23:50,2019-01-22 23:59:59,ev_C,C,2,
20190122122400,2019-01-22 12:24:00,2019-01-22 23:59:59,ev_C,C,12,
20190122122410,2019-01-22 12:24:10,2019-01-22 23:59:59,ev_C,C,7,
20190122122420,2019-01-22 12:24:20,2019-01-22 23:59:59,ev_K,K,4,
20190122122430,2019-01-22 12:24:30,2019-01-22 23:59:59,ev_C,C,15,
20190122122440,2019-01-22 12:24:40,2019-01-22 23:59:59,ev_C,C,18,
20190122122450,2019-01-22 12:24:50,2019-01-22 23:59:59,ev_C,C,9,
20190122122500,2019-01-22 12:25:00,2019-01-22 23:59:59,ev_K,K,4,
20190122122510,2019-01-22 12:25:10,2019-01-22 23:59:59,ev_C,C,10,
20190122122520,2019-01-22 12:25:20,2019-01-22 23:59:59,ev_C,C,20,
20190122122530,2019-01-22 12:25:30,2019-01-22 23:59:59,ev_C,C,12,
20190122122540,2019-01-22 12:25:40,2019-01-22 23:59:59,ev_C,C,17,
20190122122550,2019-01-22 12:25:50,2019-01-22 23:59:59,ev_C,C,6,
20190122122600,2019-01-22 12:26:00,2019-01-22 23:59:59,ev_C,C,4,
20190122122610,2019-01-22 12:26:10,2019-01-22 23:59:59,ev_C,C,4,
20190122122620,2019-01-22 12:26:20,2019-01-22 23:59:59,ev_C,C,12,
20190122122630,2019-01-22 12:26:30,2019-01-22 23:59:59,ev_C,C,11,
20190122122640,2019-01-22 12:26:40,2019-01-22 23:59:59,ev_C,C,2,
20190122122650,2019-01-22 12:26:50,2019-01-22 23:59:59,ev_C,C,2,
20190122122700,2019-01-22 12:27:00,2019-01-22 23:59:59,ev_C,C,9,
20190122122710,2019-01-22 12:27:10,2019-01-22 23:59:59,ev_C,C,8,
20190122122720,2019-01-22 12:27:20,2019-01-22 23:59:59,ev_C,C,11,
20190122122730,2019-01-22 12:27:30,2019-01-22 23:59:59,ev_C,C,7,
20190122122740,2019-01-22 12:27:40,2019-01-22 23:59:59,ev_C,C,11,
20190122122750,2019-01-22 12:27:50,2019-01-22 23:59:59,ev_N,K,5,
20190122122800,2019-01-22 12:28:00,2019-01-22 23:59:59,ev_K,K,5,
20190122122810,2019-01-22 12:28:10,2019-01-22 23:59:59,ev_K,K,3,
20190122122820,2019-01-22 12:28:20,2019-01-22 23:59:59,ev_N,K,4,
20190122122830,2019-01-22 12:28:30,2019-01-22 23:59:59,ev_C,C,18,
20190122122840,2019-01-22 12:28:40,2019-01-22 23:59:59,ev_C,C,19,
20190122122850,2019-01-22 12:28:50,2019-01-22 23:59:59,ev_N,K,1,
20190122122900,2019-01-22 12:29:00,2019-01-22 23:59:59,ev_C,C,8,
20190122122910,2019-01-22 12:29:10,2019-01-22 23:59:59,ev_K,K,5,
20190122122920,2019-01-22 12:29:20,2019-01-22 23:59:59,ev_C,C,12,
20190122122930,2019-01-22 12:29:30,2019-01-22 23:59:59,ev_C,C,11,
20190122122940,2019-01-22 12:29:40,2019-01-22 23:59:59,ev_K,K,1,
20190122122950,2019-01-22 12:29:50,2019-01-22 23:59:59,ev_C,C,3,
20190122123000,2019-01-22 12:30:00,2019-01-22 23:59:59,ev_C,C,10,
20190122123010,2019-01-22 12:30:10,2019-01-22 23:59:59,ev_C,C,20,
20190122123020,2019-01-22 12:30:20,2019-01-22 23:59:59,ev_C,C,10,
20190122123030,2019-01-22 12:30:30,2019-01-22 23:59:59,ev_K,K,1,
20190122123040,2019-01-22 12:30:40,2019-01-22 23:59:59,ev_C,C,2,
20190122123050,2019-01-22 12:30:50,2019-01-22 23:59:59,ev_C,C,2,
20190122123100,2019-01-22 12:31:00,2019-01-22 23:59:59,ev_K,K,4,
20190122123110,2019-01-22 12:31:10,2019-01-22 23:59:59,ev_C,C,8,
20190122123120,2019-01-22 12:31:20,2019-01-22 23:59:59,ev_C,C,18,
20190122123130,2019-01-22 12:31:30,2019-01-22 23:59:59,ev_C,C,2,
20190122123140,2019-01-22 12:31:40,2019-01-22 23:59:59,ev_N,K,5,
20190122123150,2019-01-22 12:31:50,2019-01-22 23:59:59,ev_C,C,9,
20190122123200,2019-01-22 12:32:00,2019-01-22 23:59:59,ev_C,C,15,
20190122123210,2019-01-22 12:32:10,2019-01-22 23:59:59,ev_C,C,4,
20190122123220,2019-01-22 12:32:20,2019-01-22 23:59:59,ev_C,C,12,
20190122123230,2019-01-22 12:32:30,2019-01-22 23:59:59,ev_K,K,2,
20190122123240,2019-01-22 12:32:40,2019-01-22 23:59:59,ev_C,C,15,
20190122123250,2019-01-22 12:32:50,2019-01-22 23:59:59,ev_K,K,5,
20190122123300,2019-01-22 12:33:00,2019-01-22 23:59:59,ev_C,C,19,
20190122123310,2019-01-22 12:33:10,2019-01-22 23:59:59,ev_C,C,16,
20190122123320,2019-01-22 12:33:20,2019-01-22 23:59:59,ev_C,C,8,
20190122123330,2019-01-22 12:33:30,2019-01-22 23:59:59,ev_K,K,3,
20190122123340,2019-01-22 12:33:40,2019-01-22 23:59:59,ev_C,C,6,
20190122123350,2019-01-22 12:33:50,2019-01-22 23:59:59,ev_C,C,7,
20190122123400,2019-01-22 12:34:00,2019-01-22 23:59:59,ev_C,C,14,
20190122123410,2019-01-22 12:34:10,2019-01-22 23:59:59,ev_K,K,2,
20190122123420,2019-01-22 12:34:20,2019-01-22 23:59:59,ev_K,K,1,
20190122123430,2019-01-22 12:34:30,2019-01-22 23:59:59,ev_C,C,15,
20190122123440,2019-01-22 12:34:40,2019-01-22 23:59:59,ev_C,C,8,
20190122123450,2019-01-22 12:34:50,2019-01-22 23:59:59,ev_K,K,4,
20190122123500,2019-01-22 12:35:00,2019-01-22 23:59:59,ev_K,K,4,
20190122123510,2019-01-22 12:35:10,2019-01-22 23:59:59,ev_C,C,16,
20190122123520,2019-01-22 12:35:20,2019-01-22 23:59:59,ev_K,K,3,
20190122123530,2019-01-22 12:35:30,2019-01-22 23:59:59,ev_C,C,10,
20190122123540,2019-01-22 12:35:40,2019-01-22 23:59:59,ev_C,C,1,
20190122123550,2019-01-22 12:35:50,2019-01-22 23:59:59,ev_C,C,20,
20190122123600,2019-01-22 12:36:00,2019-01-22 23:59:59,ev_C,C,1,
20190122123610,2019-01-22 12:36:10,2019-01-22 23:59:59,ev_C,C,16,
20190122123620,2019-01-22 12:36:20,2019-01-22 23:59:59,ev_K,K,3,
20190122123630,2019-01-22 12:36:30,2019-01-22 23:59:59,ev_C,C,14,
20190122123640,2019-01-22 12:36:40,2019-01-22 23:59:59,ev_C,C,6,
20190122123650,2019-01-22 12:36:50,2019-01-22 23:59:59,ev_C,C,9,
20190122123700,2019-01-22 12:37:00,2019-01-22 23:59:59,ev_C,C,2,
20190122123710,2019-01-22 12:37:10,2019-01-22 23:59:59,ev_C,C,19,
20190122123720,2019-01-22 12:37:20,2019-01-22 23:59:59,ev_C,C,15,
20190122123730,2019-01-22 12:37:30,2019-01-22 23:59:59,ev_C,C,18,
20190122123740,2019-01-22 12:37:40,2019-01-22 23:59:59,ev_N,K,4,
20190122123750,2019-01-22 12:37:50,2019-01-22 23:59:59,ev_K,K,5,
20190122123800,2019-01-22 12:38:00,2019-01-22 23:59:59,ev_C,C,19,
20190122123810,2019-01-22 12:38:10,2019-01-22 23:59:59,ev_C,C,2,
20190122123820,2019-01-22 12:38:20,2019-01-22 23:59:59,ev_C,C,4,
20190122123830,2019-01-22 12:38:30,2019-01-22 23:59:59,ev_C,C,19,
20190122123840,2019-01-22 12:38:40,2019-01-22 23:59:59,ev_K,K,3,
20190122123850,2019-01-22 12:38:50,2019-01-22 23:59:59,ev_C,C,2,
20190122123900,2019-01-22 12:39:00,2019-01-22 23:59:59,ev_K,K,4,
20190122123910,2019-01-22 12:39:10,2019-01-22 23:59:59,ev_C,C,10,
20190122123920,2019-01-22 12:39:20,2019-01-22 23:59:59,ev_K,K,2,
20190122123930,2019-01-22 12:39:30,2019-01-22 23:59:59,ev_C,C,9,
20190122123940,2019-01-22 12:39:40,2019-01-22 23:59:59,ev_C,C,15,
20190122123950,2019-01-22 12:39:50,2019-01-22 23:59:59,ev_K,K,3,
20190122124000,2019-01-22 12:40:00,2019-01-22 23:59:59,ev_C,C,15,
20190122124010,2019-01-22 12:40:10,2019-01-22 23:59:59,ev_K,K,2,
20190122124020,2019-01-22 12:40:20,2019-01-22 23:59:59,ev_C,C,17,
20190122124030,2019-01-22 12:40:30,2019-01-22 23:59:59,ev_C,C,20,
20190122124040,2019-01-22 12:40:40,2019-01-22 23:59:59,ev_C,C,4,
20190122124050,2019-01-22 12:40:50,2019-01-22 23:59:59,ev_C,C,18,
20190122124100,2019-01-22 12:41:00,2019-01-22 23:59:59,ev_C,C,14,
20190122124110,2019-01-22 12:41:10,2019-01-22 23:59:59,ev_K,K,3,
20190122124120,2019-01-22 12:41:20,2019-01-22 23:59:59,ev_C,C,15,
20190122124130,2019-01-22 12:41:30,2019-01-22 23:59:59,ev_C,C,9,
20190122124140,2019-01-22 12:41:40,2019-01-22 23:59:59,ev_C,C,17,
20190122124150,2019-01-22 12:41:50,2019-01-22 23:59:59,ev_C,C,1,
20190122124200,2019-01-22 12:42:00,2019-01-22 23:59:59,ev_C,C,1,
20190122124210,2019-01-22 12:42:10,2019-01-22 23:59:59,ev_C,C,2,
20190122124220,2019-01-22 12:42:20,2019-01-22 23:59:59,ev_N,K,2,
20190122124230,2019-01-22 12:42:30,2019-01-22 23:59:59,ev_C,C,10,
20190122124240,2019-01-22 12:42:40,2019-01-22 23:59:59,ev_C,C,9,
20190122124250,2019-01-22 12:42:50,2019-01-22 23:59:59,ev_C,C,10,
20190122124300,2019-01-22 12:43:00,2019-01-22 23:59:59,ev_C,C,1,
20190122124310,2019-01-22 12:43:10,2019-01-22 23:59:59,ev_C,C,13,
20190122124320,2019-01-22 12:43:20,2019-01-22 23:59:59,ev_N,K,5,
20190122124330,2019-01-22 12:43:30,2019-01-22 23:59:59,ev_N,K,4,
20190122124340,2019-01-22 12:43:40,2019-01-22 23:59:59,ev_C,C,14,
20190122124350,2019-01-22 12:43:50,2019-01-22 23:59:59,ev_C,C,3,
20190122124400,2019-01-22 12:44:00,2019-01-22 23:59:59,ev_C,C,6,
20190122124410,2019-01-22 12:44:10,2019-01-22 23:59:59,ev_C,C,6,
20190122124420,2019-01-22 12:44:20,2019-01-22 23:59:59,ev_C,C,10,
20190122124430,2019-01-22 12:44:30,2019-01-22 23:59:59,ev_N,K,3,
20190122124440,2019-01-22 12:44:40,2019-01-22 23:59:59,ev_C,C,7,
20190122124450,2019-01-22 12:44:50,2019-01-22 23:59:59,ev_K,K,2,
20190122124500,2019-01-22 12:45:00,2019-01-22 23:59:59,ev_C,C,9,
20190122124510,2019-01-22 12:45:10,2019-01-22 23:59:59,ev_C,C,17,
20190122124520,2019-01-22 12:45:20,2019-01-22 23:59:59,ev_C,C,9,
20190122124530,2019-01-22 12:45:30,2019-01-22 23:59:59,ev_C,C,10,
20190122124540,2019-01-22 12:45:40,2019-01-22 23:59:59,ev_C,C,19,
20190122124550,2019-01-22 12:45:50,2019-01-22 23:59:59,ev_K,K,5,
20190122124600,2019-01-22 12:46:00,2019-01-22 23:59:59,ev_C,C,9,
20190122124610,2019-01-22 12:46:10,2019-01-22 23:59:59,ev_K,K,5,
20190122124620,2019-01-22 12:46:20,2019-01-22 23:59:59,ev_N,K,5,
20190122124630,2019-01-22 12:46:30,2019-01-22 23:59:59,ev_K,K,3,
20190122124640,2019-01-22 12:46:40,2019-01-22 23:59:59,ev_C,C,20,
20190122124650,2019-01-22 12:46:50,2019-01-22 23:59:59,ev_K,K,1,
20190122124700,2019-01-22 12:47:00,2019-01-22 23:59:59,ev_C,C,13,
20190122124710,2019-01-22 12:47:10,2019-01-22 23:59:59,ev_K,K,3,
20190122124720,2019-01-22 12:47:20,2019-01-22 23:59:59,ev_C,C,1,
20190122124730,2019-01-22 12:47:30,2019-01-22 23:59:59,ev_K,K,4,
20190122124740,2019-01-22 12:47:40,2019-01-22 23:59:59,ev_N,K,4,
20190122124750,2019-01-22 12:47:50,2019-01-22 23:59:59,ev_C,C,12,
20190122124800,2019-01-22 12:48:00,2019-01-22 23:59:59,ev_C,C,5,
20190122124810,2019-01-22 12:48:10,2019-01-22 23:59:59,ev_C,C,5,
20190122124820,2019-01-22 12:48:20,2019-01-22 23:59:59,ev_C,C,10,
20190122124830,2019-01-22 12:48:30,2019-01-22 23:59:59,ev_C,C,18,
20190122124840,2019-01-22 12:48:40,2019-01-22 23:59:59,ev_C,C,18,
20190122124850,2019-01-22 12:48:50,2019-01-22 23:59:59,ev_C,C,19,
20190122124900,2019-01-22 12:49:00,2019-01-22 23:59:59,ev_C,C,9,
20190122124910,2019-01-22 12:49:10,2019-01-22 23:59:59,ev_C,C,13,
20190122124920,2019-01-22 12:49:20,2019-01-22 23:59:59,ev_C,C,19,
20190122124930,2019-01-22 12:49:30,2019-01-22 23:59:59,ev_C,C,15,
20190122124940,2019-01-22 12:49:40,2019-01-22 23:59:59,ev_C,C,18,
20190122124950,2019-01-22 12:49:50,2019-01-22 23:59:59,ev_C,C,18,
20190122125000,2019-01-22 12:50:00,2019-01-22 23:59:59,ev_C,C,5,
20190122125010,2019-01-22 12:50:10,2019-01-22 23:59:59,ev_C,C,5,
20190122125020,2019-01-22 12:50:20,2019-01-22 23:59:59,ev_C,C,1,
20190122125030,2019-01-22 12:50:30,2019-01-22 23:59:59,ev_C,C,4,
20190122125040,2019-01-22 12:50:40,2019-01-22 23:59:59,ev_K,K,4,
20190122125050,2019-01-22 12:50:50,2019-01-22 23:59:59,ev_N,K,5,
20190122125100,2019-01-22 12:51:00,2019-01-22 23:59:59,ev_C,C,10,
20190122125110,2019-01-22 12:51:10,2019-01-22 23:59:59,ev_C,C,11,
20190122125120,2019-01-22 12:51:20,2019-01-22 23:59:59,ev_C,C,8,
20190122125130,2019-01-22 12:51:30,2019-01-22 23:59:59,ev_C,C,6,
20190122125140,2019-01-22 12:51:40,2019-01-22 23:59:59,ev_C,C,3,
20190122125150,2019-01-22 12:51:50,2019-01-22 23:59:59,ev_K,K,5,
20190122125200,2019-01-22 12:52:00,2019-01-22 23:59:59,ev_C,C,13,
20190122125210,2019-01-22 12:52:10,2019-01-22 23:59:59,ev_C,C,9,
20190122125220,2019-01-22 12:52:20,2019-01-22 23:59:59,ev_C,C,8,
20190122125230,2019-01-22 12:52:30,2019-01-22 23:59:59,ev_C,C,8,
20190122125240,2019-01-22 12:52:40,2019-01-22 23:59:59,ev_C,C,13,
20190122125250,2019-01-22 12:52:50,2019-01-22 23:59:59,ev_C,C,5,
20190122125300,2019-01-22 12:53:00,2019-01-22 23:59:59,ev_C,C,5,
20190122125310,2019-01-22 12:53:10,2019-01-22 23:59:59,ev_K,K,5,
20190122125320,2019-01-22 12:53:20,2019-01-22 23:59:59,ev_C,C,2,
20190122125330,2019-01-22 12:53:30,2019-01-22 23:59:59,ev_K,K,1,
20190122125340,2019-01-22 12:53:40,2019-01-22 23:59:59,ev_C,C,12,
20190122125350,2019-01-22 12:53:50,2019-01-22 23:59:59,ev_C,C,13,
20190122125400,2019-01-22 12:54:00,2019-01-22 23:59:59,ev_C,C,11,
20190122125410,2019-01-22 12:54:10,2019-01-22 23:59:59,ev_K,K,5,
20190122125420,2019-01-22 12:54:20,2019-01-22 23:59:59,ev_C,C,13,
20190122125430,2019-01-22 12:54:30,2019-01-22 23:59:59,ev_N,K,2,
20190122125440,2019-01-22 12:54:40,2019-01-22 23:59:59,ev_C,C,15,
20190122125450,2019-01-22 12:54:50,2019-01-22 23:59:59,ev_C,C,5,
20190122125500,2019-01-22 12:55:00,2019-01-22 23:59:59,ev_C,C,10,
20190122125510,2019-01-22 12:55:10,2019-01-22 23:59:59,ev_K,K,3,
20190122125520,2019-01-22 12:55:20,2019-01-22 23:59:59,ev_C,C,5,
20190122125530,2019-01-22 12:55:30,2019-01-22 23:59:59,ev_C,C,19,
20190122125540,2019-01-22 12:55:40,2019-01-22 23:59:59,ev_C,C,12,
20190122125550,2019-01-22 12:55:50,2019-01-22 23:59:59,ev_C,C,8,
20190122125600,2019-01-22 12:56:00,2019-01-22 23:59:59,ev_C,C,7,
20190122125610,2019-01-22 12:56:10,2019-01-22 23:59:59,ev_C,C,9,
20190122125620,2019-01-22 12:56:20,2019-01-22 23:59:59,ev_C,C,14,
20190122125630,2019-01-22 12:56:30,2019-01-22 23:59:59,ev_N,K,3,
20190122125640,2019-01-22 12:56:40,2019-01-22 23:59:59,ev_C,C,16,
20190122125650,2019-01-22 12:56:50,2019-01-22 23:59:59,ev_C,C,15,
20190122125700,2019-01-22 12:57:00,2019-01-22 23:59:59,ev_C,C,15,
20190122125710,2019-01-22 12:57:10,2019-01-22 23:59:59,ev_C,C,16,
20190122125720,2019-01-22 12:57:20,2019-01-22 23:59:59,ev_C,C,1,
20190122125730,2019-01-22 12:57:30,2019-01-22 23:59:59,ev_C,C,10,
20190122125740,2019-01-22 12:57:40,2019-01-22 23:59:59,ev_C,C,19,
20190122125750,2019-01-22 12:57:50,2019-01-22 23:59:59,ev_C,C,20,
20190122125800,2019-01-22 12:58:00,2019-01-22 23:59:59,ev_C,C,4,
20190122125810,2019-01-22 12:58:10,2019-01-22 23:59:59,ev_C,C,19,
20190122125820,2019-01-22 12:58:20,2019-01-22 23:59:59,ev_C,C,18,
20190122125830,2019-01-22 12:58:30,2019-01-22 23:59:59,ev_C,C,5,
20190122125840,2019-01-22 12:58:40,2019-01-22 23:59:59,ev_C,C,18,
20190122125850,2019-01-22 12:58:50,2019-01-22 23:59:59,ev_C,C,4,
20190122125900,2019-01-22 12:59:00,2019-01-22 23:59:59,ev_C,C,6,
20190122125910,2019-01-22 12:59:10,2019-01-22 23:59:59,ev_C,C,9,
20190122125920,2019-01-22 12:59:20,2019-01-22 23:59:59,ev_C,C,2,
20190122125930,2019-01-22 12:59:30,2019-01-22 23:59:59,ev_K,K,5,
20190122125940,2019-01-22 12:59:40,2019-01-22 23:59:59,ev_C,C,16,
20190122125950,2019-01-22 12:59:50,2019-01-22 23:59:59,ev_C,C,3,
20190122130000,2019-01-22 13:00:00,2019-01-22 23:59:59,ev_C,C,14,
20190122130010,2019-01-22 13:00:10,2019-01-22 23:59:59,ev_C,C,6,
20190122130020,2019-01-22 13:00:20,2019-01-22 23:59:59,ev_C,C,8,
20190122130030,2019-01-22 13:00:30,2019-01-22 23:59:59,ev_C,C,10,
20190122130040,2019-01-22 13:00:40,2019-01-22 23:59:59,ev_C,C,12,
20190122130050,2019-01-22 13:00:50,2019-01-22 23:59:59,ev_C,C,2,
20190122130100,2019-01-22 13:01:00,2019-01-22 23:59:59,ev_C,C,5,
20190122130110,2019-01-22 13:01:10,2019-01-22 23:59:59,ev_C,C,15,
20190122130120,2019-01-22 13:01:20,2019-01-22 23:59:59,ev_C,C,12,
20190122130130,2019-01-22 13:01:30,2019-01-22 23:59:59,ev_C,C,10,
20190122130140,2019-01-22 13:01:40,2019-01-22 23:59:59,ev_C,C,20,
20190122130150,2019-01-22 13:01:50,2019-01-22 23:59:59,ev_C,C,20,
20190122130200,2019-01-22 13:02:00,2019-01-22 23:59:59,ev_C,C,9,
20190122130210,2019-01-22 13:02:10,2019-01-22 23:59:59,ev_C,C,19,
20190122130220,2019-01-22 13:02:20,2019-01-22 23:59:59,ev_K,K,2,
20190122130230,2019-01-22 13:02:30,2019-01-22 23:59:59,ev_C,C,12,
20190122130240,2019-01-22 13:02:40,2019-01-22 23:59:59,ev_C,C,8,
20190122130250,2019-01-22 13:02:50,2019-01-22 23:59:59,ev_C,C,1,
20190122130300,2019-01-22 13:03:00,2019-01-22 23:59:59,ev_K,K,3,
20190122130310,2019-01-22 13:03:10,2019-01-22 23:59:59,ev_K,K,3,
20190122130320,2019-01-22 13:03:20,2019-01-22 23:59:59,ev_C,C,15,
20190122130330,2019-01-22 13:03:30,2019-01-22 23:59:59,ev_K,K,2,
20190122130340,2019-01-22 13:03:40,2019-01-22 23:59:59,ev_C,C,3,
20190122130350,2019-01-22 13:03:50,2019-01-22 23:59:59,ev_C,C,9,
20190122130400,2019-01-22 13:04:00,2019-01-22 23:59:59,ev_K,K,1,
20190122130410,2019-01-22 13:04:10,2019-01-22 23:59:59,ev_C,C,6,
20190122130420,2019-01-22 13:04:20,2019-01-22 23:59:59,ev_C,C,20,
20190122130430,2019-01-22 13:04:30,2019-01-22 23:59:59,ev_C,C,19,
20190122130440,2019-01-22 13:04:40,2019-01-22 23:59:59,ev_K,K,4,
20190122130450,2019-01-22 13:04:50,2019-01-22 23:59:59,ev_K,K,2,
20190122130500,2019-01-22 13:05:00,2019-01-22 23:59:59,ev_K,K,3,
20190122130510,2019-01-22 13:05:10,2019-01-22 23:59:59,ev_C,C,19,
20190122130520,2019-01-22 13:05:20,2019-01-22 23:59:59,ev_K,K,3,
20190122130530,2019-01-22 13:05:30,2019-01-22 23:59:59,ev_C,C,4,
20190122130540,2019-01-22 13:05:40,2019-01-22 23:59:59,ev_C,C,7,
20190122130550,2019-01-22 13:05:50,2019-01-22 23:59:59,ev_N,K,5,
20190122130600,2019-01-22 13:06:00,2019-01-22 23:59:59,ev_C,C,11,
20190122130610,2019-01-22 13:06:10,2019-01-22 23:59:59,ev_K,K,3,
20190122130620,2019-01-22 13:06:20,2019-01-22 23:59:59,ev_N,K,5,
20190122130630,2019-01-22 13:06:30,2019-01-22 23:59:59,ev_C,C,5,
20190122130640,2019-01-22 13:06:40,2019-01-22 23:59:59,ev_K,K,1,
20190122130650,2019-01-22 13:06:50,2019-01-22 23:59:59,ev_C,C,8,
20190122130700,2019-01-22 13:07:00,2019-01-22 23:59:59,ev_C,C,7,
20190122130710,2019-01-22 13:07:10,2019-01-22 23:59:59,ev_C,C,1,
20190122130720,2019-01-22 13:07:20,2019-01-22 23:59:59,ev_N,K,3,
20190122130730,2019-01-22 13:07:30,2019-01-22 23:59:59,ev_C,C,2,
20190122130740,2019-01-22 13:07:40,2019-01-22 23:59:59,ev_K,K,5,
20190122130750,2019-01-22 13:07:50,2019-01-22 23:59:59,ev_C,C,16,
20190122130800,2019-01-22 13:08:00,2019-01-22 23:59:59,ev_K,K,2,
20190122130810,2019-01-22 13:08:10,2019-01-22 23:59:59,ev_K,K,2,
20190122130820,2019-01-22 13:08:20,2019-01-22 23:59:59,ev_C,C,12,
20190122130830,2019-01-22 13:08:30,2019-01-22 23:59:59,ev_C,C,10,
20190122130840,2019-01-22 13:08:40,2019-01-22 23:59:59,ev_C,C,15,
20190122130850,2019-01-22 13:08:50,2019-01-22 23:59:59,ev_C,C,9,
20190122130900,2019-01-22 13:09:00,2019-01-22 23:59:59,ev_C,C,10,
20190122130910,2019-01-22 13:09:10,2019-01-22 23:59:59,ev_C,C,10,
20190122130920,2019-01-22 13:09:20,2019-01-22 23:59:59,ev_C,C,12,
20190122130930,2019-01-22 13:09:30,2019-01-22 23:59:59,ev_K,K,5,
20190122130940,2019-01-22 13:09:40,2019-01-22 23:59:59,ev_K,K,1,
20190122130950,2019-01-22 13:09:50,2019-01-22 23:59:59,ev_C,C,18,
20190122131000,2019-01-22 13:10:00,2019-01-22 23:59:59,ev_C,C,4,
20190122131010,2019-01-22 13:10:10,2019-01-22 23:59:59,ev_N,K,4,
20190122131020,2019-01-22 13:10:20,2019-01-22 23:59:59,ev_C,C,13,
20190122131030,2019-01-22 13:10:30,2019-01-22 23:59:59,ev_K,K,2,
20190122131040,2019-01-22 13:10:40,2019-01-22 23:59:59,ev_K,K,5,
20190122131050,2019-01-22 13:10:50,2019-01-22 23:59:59,ev_K,K,4,
20190122131100,2019-01-22 13:11:00,2019-01-22 23:59:59,ev_C,C,8,
20190122131110,2019-01-22 13:11:10,2019-01-22 23:59:59,ev_C,C,20,
20190122131120,2019-01-22 13:11:20,2019-01-22 23:59:59,ev_K,K,1,
20190122131130,2019-01-22 13:11:30,2019-01-22 23:59:59,ev_N,K,5,
20190122131140,2019-01-22 13:11:40,2019-01-22 23:59:59,ev_C,C,3,
20190122131150,2019-01-22 13:11:50,2019-01-22 23:59:59,ev_C,C,7,
20190122131200,2019-01-22 13:12:00,2019-01-22 23:59:59,ev_C,C,12,
20190122131210,2019-01-22 13:12:10,2019-01-22 23:59:59,ev_C,C,16,
20190122131220,2019-01-22 13:12:20,2019-01-22 23:59:59,ev_N,K,4,
20190122131230,2019-01-22 13:12:30,2019-01-22 23:59:59,ev_C,C,1,
20190122131240,2019-01-22 13:12:40,2019-01-22 23:59:59,ev_C,C,20,
20190122131250,2019-01-22 13:12:50,2019-01-22 23:59:59,ev_C,C,4,
20190122131300,2019-01-22 13:13:00,2019-01-22 23:59:59,ev_C,C,9,
20190122131310,2019-01-22 13:13:10,2019-01-22 23:59:59,ev_C,C,17,
20190122131320,2019-01-22 13:13:20,2019-01-22 23:59:59,ev_C,C,18,
20190122131330,2019-01-22 13:13:30,2019-01-22 23:59:59,ev_C,C,12,
20190122131340,2019-01-22 13:13:40,2019-01-22 23:59:59,ev_C,C,4,
20190122131350,2019-01-22 13:13:50,2019-01-22 23:59:59,ev_C,C,17,
20190122131400,2019-01-22 13:14:00,2019-01-22 23:59:59,ev_C,C,15,
20190122131410,2019-01-22 13:14:10,2019-01-22 23:59:59,ev_C,C,11,
20190122131420,2019-01-22 13:14:20,2019-01-22 23:59:59,ev_C,C,13,
20190122131430,2019-01-22 13:14:30,2019-01-22 23:59:59,ev_N,K,4,
20190122131440,2019-01-22 13:14:40,2019-01-22 23:59:59,ev_C,C,19,
20190122131450,2019-01-22 13:14:50,2019-01-22 23:59:59,ev_K,K,1,
20190122131500,2019-01-22 13:15:00,2019-01-22 23:59:59,ev_C,C,7,
20190122131510,2019-01-22 13:15:10,2019-01-22 23:59:59,ev_C,C,9,
20190122131520,2019-01-22 13:15:20,2019-01-22 23:59:59,ev_K,K,3,
20190122131530,2019-01-22 13:15:30,2019-01-22 23:59:59,ev_C,C,20,
20190122131540,2019-01-22 13:15:40,2019-01-22 23:59:59,ev_C,C,11,
20190122131550,2019-01-22 13:15:50,2019-01-22 23:59:59,ev_C,C,14,
20190122131600,2019-01-22 13:16:00,2019-01-22 23:59:59,ev_C,C,12,
20190122131610,2019-01-22 13:16:10,2019-01-22 23:59:59,ev_C,C,5,
20190122131620,2019-01-22 13:16:20,2019-01-22 23:59:59,ev_C,C,12,
20190122131630,2019-01-22 13:16:30,2019-01-22 23:59:59,ev_K,K,3,
20190122131640,2019-01-22 13:16:40,2019-01-22 23:59:59,ev_C,C,10,
20190122131650,2019-01-22 13:16:50,2019-01-22 23:59:59,ev_C,C,20,
20190122131700,2019-01-22 13:17:00,2019-01-22 23:59:59,ev_C,C,9,
20190122131710,2019-01-22 13:17:10,2019-01-22 23:59:59,ev_C,C,12,
20190122131720,2019-01-22 13:17:20,2019-01-22 23:59:59,ev_C,C,16,
20190122131730,2019-01-22 13:17:30,2019-01-22 23:59:59,ev_K,K,2,
20190122131740,2019-01-22 13:17:40,2019-01-22 23:59:59,ev_K,K,1,
20190122131750,2019-01-22 13:17:50,2019-01-22 23:59:59,ev_C,C,6,
20190122131800,2019-01-22 13:18:00,2019-01-22 23:59:59,ev_C,C,4,
20190122131810,2019-01-22 13:18:10,2019-01-22 23:59:59,ev_C,C,18,
20190122131820,2019-01-22 13:18:20,2019-01-22 23:59:59,ev_C,C,5,
20190122131830,2019-01-22 13:18:30,2019-01-22 23:59:59,ev_C,C,7,
20190122131840,2019-01-22 13:18:40,2019-01-22 23:59:59,ev_C,C,19,
20190122131850,2019-01-22 13:18:50,2019-01-22 23:59:59,ev_K,K,2,
20190122131900,2019-01-22 13:19:00,2019-01-22 23:59:59,ev_C,C,7,
20190122131910,2019-01-22 13:19:10,2019-01-22 23:59:59,ev_C,C,17,
20190122131920,2019-01-22 13:19:20,2019-01-22 23:59:59,ev_C,C,18,
20190122131930,2019-01-22 13:19:30,2019-01-22 23:59:59,ev_C,C,11,
20190122131940,2019-01-22 13:19:40,2019-01-22 23:59:59,ev_C,C,18,
20190122131950,2019-01-22 13:19:50,2019-01-22 23:59:59,ev_C,C,2,
20190122132000,2019-01-22 13:20:00,2019-01-22 23:59:59,ev_C,C,9,
20190122132010,2019-01-22 13:20:10,2019-01-22 23:59:59,ev_N,K,1,
20190122132020,2019-01-22 13:20:20,2019-01-22 23:59:59,ev_C,C,6,
20190122132030,2019-01-22 13:20:30,2019-01-22 23:59:59,ev_C,C,16,
20190122132040,2019-01-22 13:20:40,2019-01-22 23:59:59,ev_C,C,6,
20190122132050,2019-01-22 13:20:50,2019-01-22 23:59:59,ev_C,C,14,
20190122132100,2019-01-22 13:21:00,2019-01-22 23:59:59,ev_C,C,3,
20190122132110,2019-01-22 13:21:10,2019-01-22 23:59:59,ev_K,K,5,
20190122132120,2019-01-22 13:21:20,2019-01-22 23:59:59,ev_K,K,4,
20190122132130,2019-01-22 13:21:30,2019-01-22 23:59:59,ev_C,C,1,
20190122132140,2019-01-22 13:21:40,2019-01-22 23:59:59,ev_K,K,2,
20190122132150,2019-01-22 13:21:50,2019-01-22 23:59:59,ev_C,C,6,
20190122132200,2019-01-22 13:22:00,2019-01-22 23:59:59,ev_C,C,11,
20190122132210,2019-01-22 13:22:10,2019-01-22 23:59:59,ev_N,K,4,
20190122132220,2019-01-22 13:22:20,2019-01-22 23:59:59,ev_C,C,10,
20190122132230,2019-01-22 13:22:30,2019-01-22 23:59:59,ev_C,C,5,
20190122132240,2019-01-22 13:22:40,2019-01-22 23:59:59,ev_K,K,4,
20190122132250,2019-01-22 13:22:50,2019-01-22 23:59:59,ev_C,C,18,
20190122132300,2019-01-22 13:23:00,2019-01-22 23:59:59,ev_C,C,11,
20190122132310,2019-01-22 13:23:10,2019-01-22 23:59:59,ev_K,K,3,
20190122132320,2019-01-22 13:23:20,2019-01-22 23:59:59,ev_C,C,1,
20190122132330,2019-01-22 13:23:30,2019-01-22 23:59:59,ev_C,C,10,
20190122132340,2019-01-22 13:23:40,2019-01-22 23:59:59,ev_C,C,10,
20190122132350,2019-01-22 13:23:50,2019-01-22 23:59:59,ev_C,C,7,
20190122132400,2019-01-22 13:24:00,2019-01-22 23:59:59,ev_C,C,19,
20190122132410,2019-01-22 13:24:10,2019-01-22 23:59:59,ev_C,C,5,
20190122132420,2019-01-22 13:24:20,2019-01-22 23:59:59,ev_C,C,2,
20190122132430,2019-01-22 13:24:30,2019-01-22 23:59:59,ev_C,C,10,
20190122132440,2019-01-22 13:24:40,2019-01-22 23:59:59,ev_C,C,20,
20190122132450,2019-01-22 13:24:50,2019-01-22 23:59:59,ev_C,C,8,
20190122132500,2019-01-22 13:25:00,2019-01-22 23:59:59,ev_C,C,14,
20190122132510,2019-01-22 13:25:10,2019-01-22 23:59:59,ev_C,C,10,
20190122132520,2019-01-22 13:25:20,2019-01-22 23:59:59,ev_C,C,14,
20190122132530,2019-01-22 13:25:30,2019-01-22 23:59:59,ev_C,C,16,
20190122132540,2019-01-22 13:25:40,2019-01-22 23:59:59,ev_C,C,14,
20190122132550,2019-01-22 13:25:50,2019-01-22 23:59:59,ev_K,K,5,
20190122132600,2019-01-22 13:26:00,2019-01-22 23:59:59,ev_C,C,19,
20190122132610,2019-01-22 13:26:10,2019-01-22 23:59:59,ev_C,C,9,
20190122132620,2019-01-22 13:26:20,2019-01-22 23:59:59,ev_C,C,17,
20190122132630,2019-01-22 13:26:30,2019-01-22 23:59:59,ev_K,K,4,
20190122132640,2019-01-22 13:26:40,2019-01-22 23:59:59,ev_C,C,3,
20190122132650,2019-01-22 13:26:50,2019-01-22 23:59:59,ev_C,C,1,
20190122132700,2019-01-22 13:27:00,2019-01-22 23:59:59,ev_K,K,4,
20190122132710,2019-01-22 13:27:10,2019-01-22 23:59:59,ev_C,C,17,
20190122132720,2019-01-22 13:27:20,2019-01-22 23:59:59,ev_C,C,9,
20190122132730,2019-01-22 13:27:30,2019-01-22 23:59:59,ev_C,C,1,
20190122132740,2019-01-22 13:27:40,2019-01-22 23:59:59,ev_C,C,6,
20190122132750,2019-01-22 13:27:50,2019-01-22 23:59:59,ev_C,C,11,
20190122132800,2019-01-22 13:28:00,2019-01-22 23:59:59,ev_C,C,15,
20190122132810,2019-01-22 13:28:10,2019-01-22 23:59:59,ev_K,K,2,
20190122132820,2019-01-22 13:28:20,2019-01-22 23:59:59,ev_C,C,11,
20190122132830,2019-01-22 13:28:30,2019-01-22 23:59:59,ev_C,C,10,
20190122132840,2019-01-22 13:28:40,2019-01-22 23:59:59,ev_C,C,11,
20190122132850,2019-01-22 13:28:50,2019-01-22 23:59:59,ev_N,K,3,
20190122132900,2019-01-22 13:29:00,2019-01-22 23:59:59,ev_K,K,3,
20190122132910,2019-01-22 13:29:10,2019-01-22 23:59:59,ev_C,C,4,
20190122132920,2019-01-22 13:29:20,2019-01-22 23:59:59,ev_C,C,19,
20190122132930,2019-01-22 13:29:30,2019-01-22 23:59:59,ev_C,C,13,
20190122132940,2019-01-22 13:29:40,2019-01-22 23:59:59,ev_C,C,16,
20190122132950,2019-01-22 13:29:50,2019-01-22 23:59:59,ev_C,C,7,
20190122133000,2019-01-22 13:30:00,2019-01-22 23:59:59,ev_C,C,9,
20190122133010,2019-01-22 13:30:10,2019-01-22 23:59:59,ev_K,K,1,
20190122133020,2019-01-22 13:30:20,2019-01-22 23:59:59,ev_C,C,8,
20190122133030,2019-01-22 13:30:30,2019-01-22 23:59:59,ev_C,C,1,
20190122133040,2019-01-22 13:30:40,2019-01-22 23:59:59,ev_K,K,4,
20190122133050,2019-01-22 13:30:50,2019-01-22 23:59:59,ev_C,C,17,
20190122133100,2019-01-22 13:31:00,2019-01-22 23:59:59,ev_K,K,5,
20190122133110,2019-01-22 13:31:10,2019-01-22 23:59:59,ev_C,C,1,
20190122133120,2019-01-22 13:31:20,2019-01-22 23:59:59,ev_C,C,19,
20190122133130,2019-01-22 13:31:30,2019-01-22 23:59:59,ev_C,C,9,
20190122133140,2019-01-22 13:31:40,2019-01-22 23:59:59,ev_C,C,12,
20190122133150,2019-01-22 13:31:50,2019-01-22 23:59:59,ev_C,C,3,
20190122133200,2019-01-22 13:32:00,2019-01-22 23:59:59,ev_C,C,8,
20190122133210,2019-01-22 13:32:10,2019-01-22 23:59:59,ev_C,C,1,
20190122133220,2019-01-22 13:32:20,2019-01-22 23:59:59,ev_C,C,6,
20190122133230,2019-01-22 13:32:30,2019-01-22 23:59:59,ev_C,C,6,
20190122133240,2019-01-22 13:32:40,2019-01-22 23:59:59,ev_N,K,2,
20190122133250,2019-01-22 13:32:50,2019-01-22 23:59:59,ev_C,C,19,
20190122133300,2019-01-22 13:33:00,2019-01-22 23:59:59,ev_C,C,17,
20190122133310,2019-01-22 13:33:10,2019-01-22 23:59:59,ev_C,C,4,
20190122133320,2019-01-22 13:33:20,2019-01-22 23:59:59,ev_C,C,6,
20190122133330,2019-01-22 13:33:30,2019-01-22 23:59:59,ev_C,C,1,
20190122133340,2019-01-22 13:33:40,2019-01-22 23:59:59,ev_C,C,12,
20190122133350,2019-01-22 13:33:50,2019-01-22 23:59:59,ev_K,K,2,
20190122133400,2019-01-22 13:34:00,2019-01-22 23:59:59,ev_K,K,2,
20190122133410,2019-01-22 13:34:10,2019-01-22 23:59:59,ev_C,C,15,
20190122133420,2019-01-22 13:34:20,2019-01-22 23:59:59,ev_C,C,14,
20190122133430,2019-01-22 13:34:30,2019-01-22 23:59:59,ev_K,K,1,
20190122133440,2019-01-22 13:34:40,2019-01-22 23:59:59,ev_K,K,3,
20190122133450,2019-01-22 13:34:50,2019-01-22 23:59:59,ev_C,C,12,
20190122133500,2019-01-22 13:35:00,2019-01-22 23:59:59,ev_C,C,7,
20190122133510,2019-01-22 13:35:10,2019-01-22 23:59:59,ev_C,C,6,
20190122133520,2019-01-22 13:35:20,2019-01-22 23:59:59,ev_C,C,8,
20190122133530,2019-01-22 13:35:30,2019-01-22 23:59:59,ev_K,K,5,
20190122133540,2019-01-22 13:35:40,2019-01-22 23:59:59,ev_C,C,14,
20190122133550,2019-01-22 13:35:50,2019-01-22 23:59:59,ev_C,C,6,
20190122133600,2019-01-22 13:36:00,2019-01-22 23:59:59,ev_C,C,18,
20190122133610,2019-01-22 13:36:10,2019-01-22 23:59:59,ev_N,K,4,
20190122133620,2019-01-22 13:36:20,2019-01-22 23:59:59,ev_C,C,20,
20190122133630,2019-01-22 13:36:30,2019-01-22 23:59:59,ev_C,C,1,
20190122133640,2019-01-22 13:36:40,2019-01-22 23:59:59,ev_C,C,1,
20190122133650,2019-01-22 13:36:50,2019-01-22 23:59:59,ev_C,C,15,
20190122133700,2019-01-22 13:37:00,2019-01-22 23:59:59,ev_C,C,3,
20190122133710,2019-01-22 13:37:10,2019-01-22 23:59:59,ev_K,K,3,
20190122133720,2019-01-22 13:37:20,2019-01-22 23:59:59,ev_C,C,12,
20190122133730,2019-01-22 13:37:30,2019-01-22 23:59:59,ev_C,C,1,
20190122133740,2019-01-22 13:37:40,2019-01-22 23:59:59,ev_C,C,10,
20190122133750,2019-01-22 13:37:50,2019-01-22 23:59:59,ev_C,C,3,
20190122133800,2019-01-22 13:38:00,2019-01-22 23:59:59,ev_C,C,15,
20190122133810,2019-01-22 13:38:10,2019-01-22 23:59:59,ev_C,C,11,
20190122133820,2019-01-22 13:38:20,2019-01-22 23:59:59,ev_K,K,4,
20190122133830,2019-01-22 13:38:30,2019-01-22 23:59:59,ev_C,C,3,
20190122133840,2019-01-22 13:38:40,2019-01-22 23:59:59,ev_C,C,14,
20190122133850,2019-01-22 13:38:50,2019-01-22 23:59:59,ev_C,C,16,
20190122133900,2019-01-22 13:39:00,2019-01-22 23:59:59,ev_N,K,5,
20190122133910,2019-01-22 13:39:10,2019-01-22 23:59:59,ev_C,C,14,
20190122133920,2019-01-22 13:39:20,2019-01-22 23:59:59,ev_C,C,15,
20190122133930,2019-01-22 13:39:30,2019-01-22 23:59:59,ev_C,C,20,
20190122133940,2019-01-22 13:39:40,2019-01-22 23:59:59,ev_C,C,12,
20190122133950,2019-01-22 13:39:50,2019-01-22 23:59:59,ev_C,C,1,
20190122134000,2019-01-22 13:40:00,2019-01-22 23:59:59,ev_C,C,9,
20190122134010,2019-01-22 13:40:10,2019-01-22 23:59:59,ev_C,C,8,
20190122134020,2019-01-22 13:40:20,2019-01-22 23:59:59,ev_C,C,15,
20190122134030,2019-01-22 13:40:30,2019-01-22 23:59:59,ev_K,K,4,
20190122134040,2019-01-22 13:40:40,2019-01-22 23:59:59,ev_C,C,7,
20190122134050,2019-01-22 13:40:50,2019-01-22 23:59:59,ev_C,C,7,
20190122134100,2019-01-22 13:41:00,2019-01-22 23:59:59,ev_C,C,10,
20190122134110,2019-01-22 13:41:10,2019-01-22 23:59:59,ev_C,C,15,
20190122134120,2019-01-22 13:41:20,2019-01-22 23:59:59,ev_C,C,4,
20190122134130,2019-01-22 13:41:30,2019-01-22 23:59:59,ev_C,C,19,
20190122134140,2019-01-22 13:41:40,2019-01-22 23:59:59,ev_C,C,14,
20190122134150,2019-01-22 13:41:50,2019-01-22 23:59:59,ev_K,K,1,
20190122134200,2019-01-22 13:42:00,2019-01-22 23:59:59,ev_C,C,16,
20190122134210,2019-01-22 13:42:10,2019-01-22 23:59:59,ev_C,C,15,
20190122134220,2019-01-22 13:42:20,2019-01-22 23:59:59,ev_N,K,4,
20190122134230,2019-01-22 13:42:30,2019-01-22 23:59:59,ev_C,C,11,
20190122134240,2019-01-22 13:42:40,2019-01-22 23:59:59,ev_K,K,2,
20190122134250,2019-01-22 13:42:50,2019-01-22 23:59:59,ev_C,C,3,
20190122134300,2019-01-22 13:43:00,2019-01-22 23:59:59,ev_C,C,7,
20190122134310,2019-01-22 13:43:10,2019-01-22 23:59:59,ev_N,K,5,
20190122134320,2019-01-22 13:43:20,2019-01-22 23:59:59,ev_C,C,18,
20190122134330,2019-01-22 13:43:30,2019-01-22 23:59:59,ev_C,C,9,
20190122134340,2019-01-22 13:43:40,2019-01-22 23:59:59,ev_C,C,6,
20190122134350,2019-01-22 13:43:50,2019-01-22 23:59:59,ev_C,C,1,
20190122134400,2019-01-22 13:44:00,2019-01-22 23:59:59,ev_N,K,1,
20190122134410,2019-01-22 13:44:10,2019-01-22 23:59:59,ev_C,C,15,
20190122134420,2019-01-22 13:44:20,2019-01-22 23:59:59,ev_C,C,14,
20190122134430,2019-01-22 13:44:30,2019-01-22 23:59:59,ev_K,K,2,
20190122134440,2019-01-22 13:44:40,2019-01-22 23:59:59,ev_C,C,2,
20190122134450,2019-01-22 13:44:50,2019-01-22 23:59:59,ev_K,K,1,
20190122134500,2019-01-22 13:45:00,2019-01-22 23:59:59,ev_K,K,4,
20190122134510,2019-01-22 13:45:10,2019-01-22 23:59:59,ev_C,C,3,
20190122134520,2019-01-22 13:45:20,2019-01-22 23:59:59,ev_N,K,2,
20190122134530,2019-01-22 13:45:30,2019-01-22 23:59:59,ev_C,C,20,
20190122134540,2019-01-22 13:45:40,2019-01-22 23:59:59,ev_C,C,1,
20190122134550,2019-01-22 13:45:50,2019-01-22 23:59:59,ev_C,C,18,
20190122134600,2019-01-22 13:46:00,2019-01-22 23:59:59,ev_K,K,5,
20190122134610,2019-01-22 13:46:10,2019-01-22 23:59:59,ev_K,K,2,
20190122134620,2019-01-22 13:46:20,2019-01-22 23:59:59,ev_C,C,7,
20190122134630,2019-01-22 13:46:30,2019-01-22 23:59:59,ev_C,C,12,
20190122134640,2019-01-22 13:46:40,2019-01-22 23:59:59,ev_C,C,17,
20190122134650,2019-01-22 13:46:50,2019-01-22 23:59:59,ev_K,K,4,
20190122134700,2019-01-22 13:47:00,2019-01-22 23:59:59,ev_C,C,5,
20190122134710,2019-01-22 13:47:10,2019-01-22 23:59:59,ev_C,C,15,
20190122134720,2019-01-22 13:47:20,2019-01-22 23:59:59,ev_C,C,13,
20190122134730,2019-01-22 13:47:30,2019-01-22 23:59:59,ev_K,K,1,
20190122134740,2019-01-22 13:47:40,2019-01-22 23:59:59,ev_C,C,5,
20190122134750,2019-01-22 13:47:50,2019-01-22 23:59:59,ev_C,C,11,
20190122134800,2019-01-22 13:48:00,2019-01-22 23:59:59,ev_C,C,2,
20190122134810,2019-01-22 13:48:10,2019-01-22 23:59:59,ev_K,K,2,
20190122134820,2019-01-22 13:48:20,2019-01-22 23:59:59,ev_C,C,20,
20190122134830,2019-01-22 13:48:30,2019-01-22 23:59:59,ev_C,C,2,
20190122134840,2019-01-22 13:48:40,2019-01-22 23:59:59,ev_C,C,18,
20190122134850,2019-01-22 13:48:50,2019-01-22 23:59:59,ev_C,C,7,
20190122134900,2019-01-22 13:49:00,2019-01-22 23:59:59,ev_C,C,8,
20190122134910,2019-01-22 13:49:10,2019-01-22 23:59:59,ev_C,C,14,
20190122134920,2019-01-22 13:49:20,2019-01-22 23:59:59,ev_C,C,18,
20190122134930,2019-01-22 13:49:30,2019-01-22 23:59:59,ev_C,C,17,
20190122134940,2019-01-22 13:49:40,2019-01-22 23:59:59,ev_C,C,19,
20190122134950,2019-01-22 13:49:50,2019-01-22 23:59:59,ev_C,C,3,
20190122135000,2019-01-22 13:50:00,2019-01-22 23:59:59,ev_K,K,3,
20190122135010,2019-01-22 13:50:10,2019-01-22 23:59:59,ev_K,K,2,
20190122135020,2019-01-22 13:50:20,2019-01-22 23:59:59,ev_K,K,1,
20190122135030,2019-01-22 13:50:30,2019-01-22 23:59:59,ev_C,C,6,
20190122135040,2019-01-22 13:50:40,2019-01-22 23:59:59,ev_C,C,17,
20190122135050,2019-01-22 13:50:50,2019-01-22 23:59:59,ev_N,K,1,
20190122135100,2019-01-22 13:51:00,2019-01-22 23:59:59,ev_C,C,16,
20190122135110,2019-01-22 13:51:10,2019-01-22 23:59:59,ev_K,K,5,
20190122135120,2019-01-22 13:51:20,2019-01-22 23:59:59,ev_C,C,15,
20190122135130,2019-01-22 13:51:30,2019-01-22 23:59:59,ev_C,C,20,
20190122135140,2019-01-22 13:51:40,2019-01-22 23:59:59,ev_C,C,8,
20190122135150,2019-01-22 13:51:50,2019-01-22 23:59:59,ev_C,C,3,
20190122135200,2019-01-22 13:52:00,2019-01-22 23:59:59,ev_C,C,10,
20190122135210,2019-01-22 13:52:10,2019-01-22 23:59:59,ev_C,C,20,
20190122135220,2019-01-22 13:52:20,2019-01-22 23:59:59,ev_C,C,16,
20190122135230,2019-01-22 13:52:30,2019-01-22 23:59:59,ev_C,C,14,
20190122135240,2019-01-22 13:52:40,2019-01-22 23:59:59,ev_K,K,4,
20190122135250,2019-01-22 13:52:50,2019-01-22 23:59:59,ev_K,K,3,
20190122135300,2019-01-22 13:53:00,2019-01-22 23:59:59,ev_K,K,4,
20190122135310,2019-01-22 13:53:10,2019-01-22 23:59:59,ev_C,C,17,
20190122135320,2019-01-22 13:53:20,2019-01-22 23:59:59,ev_C,C,3,
20190122135330,2019-01-22 13:53:30,2019-01-22 23:59:59,ev_C,C,20,
20190122135340,2019-01-22 13:53:40,2019-01-22 23:59:59,ev_C,C,9,
20190122135350,2019-01-22 13:53:50,2019-01-22 23:59:59,ev_C,C,7,
20190122135400,2019-01-22 13:54:00,2019-01-22 23:59:59,ev_C,C,14,
20190122135410,2019-01-22 13:54:10,2019-01-22 23:59:59,ev_C,C,17,
20190122135420,2019-01-22 13:54:20,2019-01-22 23:59:59,ev_C,C,20,
20190122135430,2019-01-22 13:54:30,2019-01-22 23:59:59,ev_K,K,4,
20190122135440,2019-01-22 13:54:40,2019-01-22 23:59:59,ev_C,C,7,
20190122135450,2019-01-22 13:54:50,2019-01-22 23:59:59,ev_N,K,2,
20190122135500,2019-01-22 13:55:00,2019-01-22 23:59:59,ev_C,C,2,
20190122135510,2019-01-22 13:55:10,2019-01-22 23:59:59,ev_C,C,11,
20190122135520,2019-01-22 13:55:20,2019-01-22 23:59:59,ev_C,C,18,
20190122135530,2019-01-22 13:55:30,2019-01-22 23:59:59,ev_C,C,8,
20190122135540,2019-01-22 13:55:40,2019-01-22 23:59:59,ev_K,K,2,
20190122135550,2019-01-22 13:55:50,2019-01-22 23:59:59,ev_C,C,5,
20190122135600,2019-01-22 13:56:00,2019-01-22 23:59:59,ev_K,K,2,
20190122135610,2019-01-22 13:56:10,2019-01-22 23:59:59,ev_C,C,7,
20190122135620,2019-01-22 13:56:20,2019-01-22 23:59:59,ev_C,C,11,
20190122135630,2019-01-22 13:56:30,2019-01-22 23:59:59,ev_C,C,7,
20190122135640,2019-01-22 13:56:40,2019-01-22 23:59:59,ev_C,C,5,
20190122135650,2019-01-22 13:56:50,2019-01-22 23:59:59,ev_C,C,15,
20190122135700,2019-01-22 13:57:00,2019-01-22 23:59:59,ev_C,C,11,
20190122135710,2019-01-22 13:57:10,2019-01-22 23:59:59,ev_C,C,3,
20190122135720,2019-01-22 13:57:20,2019-01-22 23:59:59,ev_C,C,9,
20190122135730,2019-01-22 13:57:30,2019-01-22 23:59:59,ev_K,K,4,
20190122135740,2019-01-22 13:57:40,2019-01-22 23:59:59,ev_C,C,4,
20190122135750,2019-01-22 13:57:50,2019-01-22 23:59:59,ev_C,C,10,
20190122135800,2019-01-22 13:58:00,2019-01-22 23:59:59,ev_C,C,6,
20190122135810,2019-01-22 13:58:10,2019-01-22 23:59:59,ev_K,K,2,
20190122135820,2019-01-22 13:58:20,2019-01-22 23:59:59,ev_C,C,7,
20190122135830,2019-01-22 13:58:30,2019-01-22 23:59:59,ev_C,C,8,
20190122135840,2019-01-22 13:58:40,2019-01-22 23:59:59,ev_C,C,1,
20190122135850,2019-01-22 13:58:50,2019-01-22 23:59:59,ev_N,K,3,
20190122135900,2019-01-22 13:59:00,2019-01-22 23:59:59,ev_C,C,1,
20190122135910,2019-01-22 13:59:10,2019-01-22 23:59:59,ev_C,C,1,
20190122135920,2019-01-22 13:59:20,2019-01-22 23:59:59,ev_N,K,2,
20190122135930,2019-01-22 13:59:30,2019-01-22 23:59:59,ev_C,C,5,
20190122135940,2019-01-22 13:59:40,2019-01-22 23:59:59,ev_K,K,3,
20190122135950,2019-01-22 13:59:50,2019-01-22 23:59:59,ev_K,K,3,
20190122140000,2019-01-22 14:00:00,2019-01-22 23:59:59,ev_C,C,9,
20190122140010,2019-01-22 14:00:10,2019-01-22 23:59:59,ev_C,C,18,
20190122140020,2019-01-22 14:00:20,2019-01-22 23:59:59,ev_C,C,3,
20190122140030,2019-01-22 14:00:30,2019-01-22 23:59:59,ev_C,C,18,
20190122140040,2019-01-22 14:00:40,2019-01-22 23:59:59,ev_C,C,15,
20190122140050,2019-01-22 14:00:50,2019-01-22 23:59:59,ev_C,C,20,
20190122140100,2019-01-22 14:01:00,2019-01-22 23:59:59,ev_C,C,15,
20190122140110,2019-01-22 14:01:10,2019-01-22 23:59:59,ev_C,C,9,
20190122140120,2019-01-22 14:01:20,2019-01-22 23:59:59,ev_C,C,10,
20190122140130,2019-01-22 14:01:30,2019-01-22 23:59:59,ev_C,C,20,
20190122140140,2019-01-22 14:01:40,2019-01-22 23:59:59,ev_C,C,20,
20190122140150,2019-01-22 14:01:50,2019-01-22 23:59:59,ev_C,C,16,
20190122140200,2019-01-22 14:02:00,2019-01-22 23:59:59,ev_C,C,18,
20190122140210,2019-01-22 14:02:10,2019-01-22 23:59:59,ev_C,C,8,
20190122140220,2019-01-22 14:02:20,2019-01-22 23:59:59,ev_K,K,5,
20190122140230,2019-01-22 14:02:30,2019-01-22 23:59:59,ev_N,K,2,
20190122140240,2019-01-22 14:02:40,2019-01-22 23:59:59,ev_C,C,15,
20190122140250,2019-01-22 14:02:50,2019-01-22 23:59:59,ev_C,C,6,
20190122140300,2019-01-22 14:03:00,2019-01-22 23:59:59,ev_C,C,8,
20190122140310,2019-01-22 14:03:10,2019-01-22 23:59:59,ev_C,C,3,
20190122140320,2019-01-22 14:03:20,2019-01-22 23:59:59,ev_N,K,3,
20190122140330,2019-01-22 14:03:30,2019-01-22 23:59:59,ev_N,K,2,
20190122140340,2019-01-22 14:03:40,2019-01-22 23:59:59,ev_C,C,3,
20190122140350,2019-01-22 14:03:50,2019-01-22 23:59:59,ev_C,C,17,
20190122140400,2019-01-22 14:04:00,2019-01-22 23:59:59,ev_C,C,8,
20190122140410,2019-01-22 14:04:10,2019-01-22 23:59:59,ev_K,K,4,
20190122140420,2019-01-22 14:04:20,2019-01-22 23:59:59,ev_N,K,5,
20190122140430,2019-01-22 14:04:30,2019-01-22 23:59:59,ev_C,C,7,
20190122140440,2019-01-22 14:04:40,2019-01-22 23:59:59,ev_C,C,12,
20190122140450,2019-01-22 14:04:50,2019-01-22 23:59:59,ev_C,C,6,
20190122140500,2019-01-22 14:05:00,2019-01-22 23:59:59,ev_C,C,9,
20190122140510,2019-01-22 14:05:10,2019-01-22 23:59:59,ev_K,K,3,
20190122140520,2019-01-22 14:05:20,2019-01-22 23:59:59,ev_C,C,3,
20190122140530,2019-01-22 14:05:30,2019-01-22 23:59:59,ev_C,C,14,
20190122140540,2019-01-22 14:05:40,2019-01-22 23:59:59,ev_C,C,14,
20190122140550,2019-01-22 14:05:50,2019-01-22 23:59:59,ev_C,C,18,
20190122140600,2019-01-22 14:06:00,2019-01-22 23:59:59,ev_K,K,3,
20190122140610,2019-01-22 14:06:10,2019-01-22 23:59:59,ev_C,C,1,
20190122140620,2019-01-22 14:06:20,2019-01-22 23:59:59,ev_C,C,11,
20190122140630,2019-01-22 14:06:30,2019-01-22 23:59:59,ev_C,C,14,
20190122140640,2019-01-22 14:06:40,2019-01-22 23:59:59,ev_C,C,15,
20190122140650,2019-01-22 14:06:50,2019-01-22 23:59:59,ev_C,C,9,
20190122140700,2019-01-22 14:07:00,2019-01-22 23:59:59,ev_N,K,5,
20190122140710,2019-01-22 14:07:10,2019-01-22 23:59:59,ev_C,C,5,
20190122140720,2019-01-22 14:07:20,2019-01-22 23:59:59,ev_C,C,19,
20190122140730,2019-01-22 14:07:30,2019-01-22 23:59:59,ev_K,K,5,
20190122140740,2019-01-22 14:07:40,2019-01-22 23:59:59,ev_C,C,11,
20190122140750,2019-01-22 14:07:50,2019-01-22 23:59:59,ev_C,C,8,
20190122140800,2019-01-22 14:08:00,2019-01-22 23:59:59,ev_K,K,3,
20190122140810,2019-01-22 14:08:10,2019-01-22 23:59:59,ev_C,C,9,
20190122140820,2019-01-22 14:08:20,2019-01-22 23:59:59,ev_C,C,15,
20190122140830,2019-01-22 14:08:30,2019-01-22 23:59:59,ev_C,C,16,
20190122140840,2019-01-22 14:08:40,2019-01-22 23:59:59,ev_C,C,14,
20190122140850,2019-01-22 14:08:50,2019-01-22 23:59:59,ev_C,C,8,
20190122140900,2019-01-22 14:09:00,2019-01-22 23:59:59,ev_C,C,8,
20190122140910,2019-01-22 14:09:10,2019-01-22 23:59:59,ev_C,C,19,
20190122140920,2019-01-22 14:09:20,2019-01-22 23:59:59,ev_K,K,4,
20190122140930,2019-01-22 14:09:30,2019-01-22 23:59:59,ev_C,C,14,
20190122140940,2019-01-22 14:09:40,2019-01-22 23:59:59,ev_N,K,1,
20190122140950,2019-01-22 14:09:50,2019-01-22 23:59:59,ev_K,K,1,
20190122141000,2019-01-22 14:10:00,2019-01-22 23:59:59,ev_C,C,19,
20190122141010,2019-01-22 14:10:10,2019-01-22 23:59:59,ev_C,C,11,
20190122141020,2019-01-22 14:10:20,2019-01-22 23:59:59,ev_C,C,9,
20190122141030,2019-01-22 14:10:30,2019-01-22 23:59:59,ev_C,C,2,
20190122141040,2019-01-22 14:10:40,2019-01-22 23:59:59,ev_C,C,19,
20190122141050,2019-01-22 14:10:50,2019-01-22 23:59:59,ev_C,C,17,
20190122141100,2019-01-22 14:11:00,2019-01-22 23:59:59,ev_C,C,9,
20190122141110,2019-01-22 14:11:10,2019-01-22 23:59:59,ev_C,C,11,
20190122141120,2019-01-22 14:11:20,2019-01-22 23:59:59,ev_C,C,15,
20190122141130,2019-01-22 14:11:30,2019-01-22 23:59:59,ev_C,C,7,
20190122141140,2019-01-22 14:11:40,2019-01-22 23:59:59,ev_C,C,9,
20190122141150,2019-01-22 14:11:50,2019-01-22 23:59:59,ev_C,C,18,
20190122141200,2019-01-22 14:12:00,2019-01-22 23:59:59,ev_C,C,15,
20190122141210,2019-01-22 14:12:10,2019-01-22 23:59:59,ev_C,C,14,
20190122141220,2019-01-22 14:12:20,2019-01-22 23:59:59,ev_C,C,2,
20190122141230,2019-01-22 14:12:30,2019-01-22 23:59:59,ev_C,C,7,
20190122141240,2019-01-22 14:12:40,2019-01-22 23:59:59,ev_C,C,5,
20190122141250,2019-01-22 14:12:50,2019-01-22 23:59:59,ev_K,K,3,
20190122141300,2019-01-22 14:13:00,2019-01-22 23:59:59,ev_C,C,3,
20190122141310,2019-01-22 14:13:10,2019-01-22 23:59:59,ev_N,K,5,
20190122141320,2019-01-22 14:13:20,2019-01-22 23:59:59,ev_C,C,1,
20190122141330,2019-01-22 14:13:30,2019-01-22 23:59:59,ev_K,K,4,
20190122141340,2019-01-22 14:13:40,2019-01-22 23:59:59,ev_C,C,18,
20190122141350,2019-01-22 14:13:50,2019-01-22 23:59:59,ev_C,C,3,
20190122141400,2019-01-22 14:14:00,2019-01-22 23:59:59,ev_C,C,11,
20190122141410,2019-01-22 14:14:10,2019-01-22 23:59:59,ev_C,C,15,
20190122141420,2019-01-22 14:14:20,2019-01-22 23:59:59,ev_N,K,2,
20190122141430,2019-01-22 14:14:30,2019-01-22 23:59:59,ev_C,C,1,
20190122141440,2019-01-22 14:14:40,2019-01-22 23:59:59,ev_C,C,3,
20190122141450,2019-01-22 14:14:50,2019-01-22 23:59:59,ev_C,C,2,
20190122141500,2019-01-22 14:15:00,2019-01-22 23:59:59,ev_C,C,19,
20190122141510,2019-01-22 14:15:10,2019-01-22 23:59:59,ev_K,K,4,
20190122141520,2019-01-22 14:15:20,2019-01-22 23:59:59,ev_K,K,2,
20190122141530,2019-01-22 14:15:30,2019-01-22 23:59:59,ev_N,K,4,
20190122141540,2019-01-22 14:15:40,2019-01-22 23:59:59,ev_C,C,13,
20190122141550,2019-01-22 14:15:50,2019-01-22 23:59:59,ev_C,C,15,
20190122141600,2019-01-22 14:16:00,2019-01-22 23:59:59,ev_C,C,14,
20190122141610,2019-01-22 14:16:10,2019-01-22 23:59:59,ev_C,C,16,
20190122141620,2019-01-22 14:16:20,2019-01-22 23:59:59,ev_K,K,1,
20190122141630,2019-01-22 14:16:30,2019-01-22 23:59:59,ev_C,C,18,
20190122141640,2019-01-22 14:16:40,2019-01-22 23:59:59,ev_C,C,14,
20190122141650,2019-01-22 14:16:50,2019-01-22 23:59:59,ev_C,C,3,
20190122141700,2019-01-22 14:17:00,2019-01-22 23:59:59,ev_C,C,19,
20190122141710,2019-01-22 14:17:10,2019-01-22 23:59:59,ev_C,C,2,
20190122141720,2019-01-22 14:17:20,2019-01-22 23:59:59,ev_C,C,17,
20190122141730,2019-01-22 14:17:30,2019-01-22 23:59:59,ev_C,C,6,
20190122141740,2019-01-22 14:17:40,2019-01-22 23:59:59,ev_C,C,5,
20190122141750,2019-01-22 14:17:50,2019-01-22 23:59:59,ev_N,K,2,
20190122141800,2019-01-22 14:18:00,2019-01-22 23:59:59,ev_C,C,15,
20190122141810,2019-01-22 14:18:10,2019-01-22 23:59:59,ev_C,C,13,
20190122141820,2019-01-22 14:18:20,2019-01-22 23:59:59,ev_C,C,4,
20190122141830,2019-01-22 14:18:30,2019-01-22 23:59:59,ev_N,K,3,
20190122141840,2019-01-22 14:18:40,2019-01-22 23:59:59,ev_C,C,9,
20190122141850,2019-01-22 14:18:50,2019-01-22 23:59:59,ev_C,C,9,
20190122141900,2019-01-22 14:19:00,2019-01-22 23:59:59,ev_C,C,5,
20190122141910,2019-01-22 14:19:10,2019-01-22 23:59:59,ev_C,C,1,
20190122141920,2019-01-22 14:19:20,2019-01-22 23:59:59,ev_C,C,17,
20190122141930,2019-01-22 14:19:30,2019-01-22 23:59:59,ev_C,C,9,
20190122141940,2019-01-22 14:19:40,2019-01-22 23:59:59,ev_K,K,1,
20190122141950,2019-01-22 14:19:50,2019-01-22 23:59:59,ev_K,K,3,
20190122142000,2019-01-22 14:20:00,2019-01-22 23:59:59,ev_K,K,4,
20190122142010,2019-01-22 14:20:10,2019-01-22 23:59:59,ev_C,C,3,
20190122142020,2019-01-22 14:20:20,2019-01-22 23:59:59,ev_K,K,3,
20190122142030,2019-01-22 14:20:30,2019-01-22 23:59:59,ev_C,C,12,
20190122142040,2019-01-22 14:20:40,2019-01-22 23:59:59,ev_C,C,2,
20190122142050,2019-01-22 14:20:50,2019-01-22 23:59:59,ev_C,C,11,
20190122142100,2019-01-22 14:21:00,2019-01-22 23:59:59,ev_K,K,3,
20190122142110,2019-01-22 14:21:10,2019-01-22 23:59:59,ev_C,C,20,
20190122142120,2019-01-22 14:21:20,2019-01-22 23:59:59,ev_C,C,15,
20190122142130,2019-01-22 14:21:30,2019-01-22 23:59:59,ev_C,C,18,
20190122142140,2019-01-22 14:21:40,2019-01-22 23:59:59,ev_C,C,17,
20190122142150,2019-01-22 14:21:50,2019-01-22 23:59:59,ev_C,C,3,
20190122142200,2019-01-22 14:22:00,2019-01-22 23:59:59,ev_C,C,5,
20190122142210,2019-01-22 14:22:10,2019-01-22 23:59:59,ev_C,C,9,
20190122142220,2019-01-22 14:22:20,2019-01-22 23:59:59,ev_K,K,1,
20190122142230,2019-01-22 14:22:30,2019-01-22 23:59:59,ev_C,C,15,
20190122142240,2019-01-22 14:22:40,2019-01-22 23:59:59,ev_C,C,1,
20190122142250,2019-01-22 14:22:50,2019-01-22 23:59:59,ev_C,C,2,
20190122142300,2019-01-22 14:23:00,2019-01-22 23:59:59,ev_K,K,5,
20190122142310,2019-01-22 14:23:10,2019-01-22 23:59:59,ev_K,K,4,
20190122142320,2019-01-22 14:23:20,2019-01-22 23:59:59,ev_C,C,9,
20190122142330,2019-01-22 14:23:30,2019-01-22 23:59:59,ev_C,C,6,
20190122142340,2019-01-22 14:23:40,2019-01-22 23:59:59,ev_C,C,1,
20190122142350,2019-01-22 14:23:50,2019-01-22 23:59:59,ev_N,K,2,
20190122142400,2019-01-22 14:24:00,2019-01-22 23:59:59,ev_C,C,15,
20190122142410,2019-01-22 14:24:10,2019-01-22 23:59:59,ev_C,C,11,
20190122142420,2019-01-22 14:24:20,2019-01-22 23:59:59,ev_K,K,3,
20190122142430,2019-01-22 14:24:30,2019-01-22 23:59:59,ev_C,C,6,
20190122142440,2019-01-22 14:24:40,2019-01-22 23:59:59,ev_C,C,6,
20190122142450,2019-01-22 14:24:50,2019-01-22 23:59:59,ev_C,C,17,
20190122142500,2019-01-22 14:25:00,2019-01-22 23:59:59,ev_C,C,20,
20190122142510,2019-01-22 14:25:10,2019-01-22 23:59:59,ev_C,C,18,
20190122142520,2019-01-22 14:25:20,2019-01-22 23:59:59,ev_C,C,8,
20190122142530,2019-01-22 14:25:30,2019-01-22 23:59:59,ev_C,C,6,
20190122142540,2019-01-22 14:25:40,2019-01-22 23:59:59,ev_C,C,9,
20190122142550,2019-01-22 14:25:50,2019-01-22 23:59:59,ev_C,C,14,
20190122142600,2019-01-22 14:26:00,2019-01-22 23:59:59,ev_K,K,5,
20190122142610,2019-01-22 14:26:10,2019-01-22 23:59:59,ev_C,C,11,
20190122142620,2019-01-22 14:26:20,2019-01-22 23:59:59,ev_C,C,13,
20190122142630,2019-01-22 14:26:30,2019-01-22 23:59:59,ev_C,C,12,
20190122142640,2019-01-22 14:26:40,2019-01-22 23:59:59,ev_C,C,6,
20190122142650,2019-01-22 14:26:50,2019-01-22 23:59:59,ev_C,C,14,
20190122142700,2019-01-22 14:27:00,2019-01-22 23:59:59,ev_C,C,14,
20190122142710,2019-01-22 14:27:10,2019-01-22 23:59:59,ev_C,C,20,
20190122142720,2019-01-22 14:27:20,2019-01-22 23:59:59,ev_C,C,8,
20190122142730,2019-01-22 14:27:30,2019-01-22 23:59:59,ev_C,C,11,
20190122142740,2019-01-22 14:27:40,2019-01-22 23:59:59,ev_C,C,7,
20190122142750,2019-01-22 14:27:50,2019-01-22 23:59:59,ev_K,K,3,
20190122142800,2019-01-22 14:28:00,2019-01-22 23:59:59,ev_K,K,5,
20190122142810,2019-01-22 14:28:10,2019-01-22 23:59:59,ev_C,C,16,
20190122142820,2019-01-22 14:28:20,2019-01-22 23:59:59,ev_K,K,1,
20190122142830,2019-01-22 14:28:30,2019-01-22 23:59:59,ev_K,K,1,
20190122142840,2019-01-22 14:28:40,2019-01-22 23:59:59,ev_C,C,12,
20190122142850,2019-01-22 14:28:50,2019-01-22 23:59:59,ev_C,C,7,
20190122142900,2019-01-22 14:29:00,2019-01-22 23:59:59,ev_C,C,10,
20190122142910,2019-01-22 14:29:10,2019-01-22 23:59:59,ev_C,C,8,
20190122142920,2019-01-22 14:29:20,2019-01-22 23:59:59,ev_C,C,4,
20190122142930,2019-01-22 14:29:30,2019-01-22 23:59:59,ev_K,K,2,
20190122142940,2019-01-22 14:29:40,2019-01-22 23:59:59,ev_K,K,5,
20190122142950,2019-01-22 14:29:50,2019-01-22 23:59:59,ev_K,K,1,
20190122143000,2019-01-22 14:30:00,2019-01-22 23:59:59,ev_C,C,8,
20190122143010,2019-01-22 14:30:10,2019-01-22 23:59:59,ev_K,K,2,
20190122143020,2019-01-22 14:30:20,2019-01-22 23:59:59,ev_C,C,7,
20190122143030,2019-01-22 14:30:30,2019-01-22 23:59:59,ev_C,C,15,
20190122143040,2019-01-22 14:30:40,2019-01-22 23:59:59,ev_C,C,2,
20190122143050,2019-01-22 14:30:50,2019-01-22 23:59:59,ev_C,C,16,
20190122143100,2019-01-22 14:31:00,2019-01-22 23:59:59,ev_C,C,20,
20190122143110,2019-01-22 14:31:10,2019-01-22 23:59:59,ev_N,K,4,
20190122143120,2019-01-22 14:31:20,2019-01-22 23:59:59,ev_C,C,3,
20190122143130,2019-01-22 14:31:30,2019-01-22 23:59:59,ev_C,C,1,
20190122143140,2019-01-22 14:31:40,2019-01-22 23:59:59,ev_C,C,16,
20190122143150,2019-01-22 14:31:50,2019-01-22 23:59:59,ev_C,C,4,
20190122143200,2019-01-22 14:32:00,2019-01-22 23:59:59,ev_C,C,19,
20190122143210,2019-01-22 14:32:10,2019-01-22 23:59:59,ev_K,K,5,
20190122143220,2019-01-22 14:32:20,2019-01-22 23:59:59,ev_C,C,8,
20190122143230,2019-01-22 14:32:30,2019-01-22 23:59:59,ev_C,C,8,
20190122143240,2019-01-22 14:32:40,2019-01-22 23:59:59,ev_C,C,10,
20190122143250,2019-01-22 14:32:50,2019-01-22 23:59:59,ev_K,K,2,
20190122143300,2019-01-22 14:33:00,2019-01-22 23:59:59,ev_K,K,3,
20190122143310,2019-01-22 14:33:10,2019-01-22 23:59:59,ev_K,K,4,
20190122143320,2019-01-22 14:33:20,2019-01-22 23:59:59,ev_C,C,8,
20190122143330,2019-01-22 14:33:30,2019-01-22 23:59:59,ev_C,C,18,
20190122143340,2019-01-22 14:33:40,2019-01-22 23:59:59,ev_K,K,3,
20190122143350,2019-01-22 14:33:50,2019-01-22 23:59:59,ev_C,C,17,
20190122143400,2019-01-22 14:34:00,2019-01-22 23:59:59,ev_C,C,17,
20190122143410,2019-01-22 14:34:10,2019-01-22 23:59:59,ev_K,K,5,
20190122143420,2019-01-22 14:34:20,2019-01-22 23:59:59,ev_C,C,13,
20190122143430,2019-01-22 14:34:30,2019-01-22 23:59:59,ev_K,K,4,
20190122143440,2019-01-22 14:34:40,2019-01-22 23:59:59,ev_K,K,2,
20190122143450,2019-01-22 14:34:50,2019-01-22 23:59:59,ev_K,K,5,
20190122143500,2019-01-22 14:35:00,2019-01-22 23:59:59,ev_C,C,18,
20190122143510,2019-01-22 14:35:10,2019-01-22 23:59:59,ev_K,K,1,
20190122143520,2019-01-22 14:35:20,2019-01-22 23:59:59,ev_C,C,6,
20190122143530,2019-01-22 14:35:30,2019-01-22 23:59:59,ev_C,C,16,
20190122143540,2019-01-22 14:35:40,2019-01-22 23:59:59,ev_K,K,4,
20190122143550,2019-01-22 14:35:50,2019-01-22 23:59:59,ev_N,K,3,
20190122143600,2019-01-22 14:36:00,2019-01-22 23:59:59,ev_K,K,5,
20190122143610,2019-01-22 14:36:10,2019-01-22 23:59:59,ev_K,K,3,
20190122143620,2019-01-22 14:36:20,2019-01-22 23:59:59,ev_C,C,2,
20190122143630,2019-01-22 14:36:30,2019-01-22 23:59:59,ev_N,K,3,
20190122143640,2019-01-22 14:36:40,2019-01-22 23:59:59,ev_C,C,15,
20190122143650,2019-01-22 14:36:50,2019-01-22 23:59:59,ev_C,C,19,
20190122143700,2019-01-22 14:37:00,2019-01-22 23:59:59,ev_C,C,19,
20190122143710,2019-01-22 14:37:10,2019-01-22 23:59:59,ev_C,C,3,
20190122143720,2019-01-22 14:37:20,2019-01-22 23:59:59,ev_K,K,2,
20190122143730,2019-01-22 14:37:30,2019-01-22 23:59:59,ev_K,K,5,
20190122143740,2019-01-22 14:37:40,2019-01-22 23:59:59,ev_C,C,8,
20190122143750,2019-01-22 14:37:50,2019-01-22 23:59:59,ev_C,C,4,
20190122143800,2019-01-22 14:38:00,2019-01-22 23:59:59,ev_C,C,15,
20190122143810,2019-01-22 14:38:10,2019-01-22 23:59:59,ev_C,C,2,
20190122143820,2019-01-22 14:38:20,2019-01-22 23:59:59,ev_C,C,5,
20190122143830,2019-01-22 14:38:30,2019-01-22 23:59:59,ev_C,C,15,
20190122143840,2019-01-22 14:38:40,2019-01-22 23:59:59,ev_C,C,20,
20190122143850,2019-01-22 14:38:50,2019-01-22 23:59:59,ev_C,C,12,
20190122143900,2019-01-22 14:39:00,2019-01-22 23:59:59,ev_K,K,5,
20190122143910,2019-01-22 14:39:10,2019-01-22 23:59:59,ev_C,C,8,
20190122143920,2019-01-22 14:39:20,2019-01-22 23:59:59,ev_C,C,5,
20190122143930,2019-01-22 14:39:30,2019-01-22 23:59:59,ev_C,C,19,
20190122143940,2019-01-22 14:39:40,2019-01-22 23:59:59,ev_C,C,8,
20190122143950,2019-01-22 14:39:50,2019-01-22 23:59:59,ev_C,C,9,
20190122144000,2019-01-22 14:40:00,2019-01-22 23:59:59,ev_N,K,1,
20190122144010,2019-01-22 14:40:10,2019-01-22 23:59:59,ev_C,C,3,
20190122144020,2019-01-22 14:40:20,2019-01-22 23:59:59,ev_C,C,14,
20190122144030,2019-01-22 14:40:30,2019-01-22 23:59:59,ev_C,C,17,
20190122144040,2019-01-22 14:40:40,2019-01-22 23:59:59,ev_C,C,12,
20190122144050,2019-01-22 14:40:50,2019-01-22 23:59:59,ev_C,C,1,
20190122144100,2019-01-22 14:41:00,2019-01-22 23:59:59,ev_C,C,16,
20190122144110,2019-01-22 14:41:10,2019-01-22 23:59:59,ev_C,C,19,
20190122144120,2019-01-22 14:41:20,2019-01-22 23:59:59,ev_K,K,3,
20190122144130,2019-01-22 14:41:30,2019-01-22 23:59:59,ev_C,C,16,
20190122144140,2019-01-22 14:41:40,2019-01-22 23:59:59,ev_C,C,13,
20190122144150,2019-01-22 14:41:50,2019-01-22 23:59:59,ev_C,C,19,
20190122144200,2019-01-22 14:42:00,2019-01-22 23:59:59,ev_C,C,10,
20190122144210,2019-01-22 14:42:10,2019-01-22 23:59:59,ev_C,C,12,
20190122144220,2019-01-22 14:42:20,2019-01-22 23:59:59,ev_C,C,8,
20190122144230,2019-01-22 14:42:30,2019-01-22 23:59:59,ev_C,C,1,
20190122144240,2019-01-22 14:42:40,2019-01-22 23:59:59,ev_K,K,5,
20190122144250,2019-01-22 14:42:50,2019-01-22 23:59:59,ev_K,K,4,
20190122144300,2019-01-22 14:43:00,2019-01-22 23:59:59,ev_C,C,13,
20190122144310,2019-01-22 14:43:10,2019-01-22 23:59:59,ev_C,C,8,
20190122144320,2019-01-22 14:43:20,2019-01-22 23:59:59,ev_C,C,7,
20190122144330,2019-01-22 14:43:30,2019-01-22 23:59:59,ev_C,C,11,
20190122144340,2019-01-22 14:43:40,2019-01-22 23:59:59,ev_K,K,5,
20190122144350,2019-01-22 14:43:50,2019-01-22 23:59:59,ev_K,K,1,
20190122144400,2019-01-22 14:44:00,2019-01-22 23:59:59,ev_C,C,5,
20190122144410,2019-01-22 14:44:10,2019-01-22 23:59:59,ev_C,C,10,
20190122144420,2019-01-22 14:44:20,2019-01-22 23:59:59,ev_C,C,18,
20190122144430,2019-01-22 14:44:30,2019-01-22 23:59:59,ev_C,C,4,
20190122144440,2019-01-22 14:44:40,2019-01-22 23:59:59,ev_K,K,3,
20190122144450,2019-01-22 14:44:50,2019-01-22 23:59:59,ev_K,K,4,
20190122144500,2019-01-22 14:45:00,2019-01-22 23:59:59,ev_C,C,18,
20190122144510,2019-01-22 14:45:10,2019-01-22 23:59:59,ev_K,K,3,
20190122144520,2019-01-22 14:45:20,2019-01-22 23:59:59,ev_C,C,15,
20190122144530,2019-01-22 14:45:30,2019-01-22 23:59:59,ev_C,C,2,
20190122144540,2019-01-22 14:45:40,2019-01-22 23:59:59,ev_C,C,2,
20190122144550,2019-01-22 14:45:50,2019-01-22 23:59:59,ev_C,C,13,
20190122144600,2019-01-22 14:46:00,2019-01-22 23:59:59,ev_C,C,2,
20190122144610,2019-01-22 14:46:10,2019-01-22 23:59:59,ev_K,K,2,
20190122144620,2019-01-22 14:46:20,2019-01-22 23:59:59,ev_C,C,10,
20190122144630,2019-01-22 14:46:30,2019-01-22 23:59:59,ev_K,K,5,
20190122144640,2019-01-22 14:46:40,2019-01-22 23:59:59,ev_C,C,10,
20190122144650,2019-01-22 14:46:50,2019-01-22 23:59:59,ev_C,C,8,
20190122144700,2019-01-22 14:47:00,2019-01-22 23:59:59,ev_C,C,2,
20190122144710,2019-01-22 14:47:10,2019-01-22 23:59:59,ev_C,C,3,
20190122144720,2019-01-22 14:47:20,2019-01-22 23:59:59,ev_C,C,19,
20190122144730,2019-01-22 14:47:30,2019-01-22 23:59:59,ev_C,C,6,
20190122144740,2019-01-22 14:47:40,2019-01-22 23:59:59,ev_C,C,15,
20190122144750,2019-01-22 14:47:50,2019-01-22 23:59:59,ev_K,K,1,
20190122144800,2019-01-22 14:48:00,2019-01-22 23:59:59,ev_C,C,5,
20190122144810,2019-01-22 14:48:10,2019-01-22 23:59:59,ev_C,C,18,
20190122144820,2019-01-22 14:48:20,2019-01-22 23:59:59,ev_C,C,16,
20190122144830,2019-01-22 14:48:30,2019-01-22 23:59:59,ev_C,C,17,
20190122144840,2019-01-22 14:48:40,2019-01-22 23:59:59,ev_C,C,3,
20190122144850,2019-01-22 14:48:50,2019-01-22 23:59:59,ev_K,K,3,
20190122144900,2019-01-22 14:49:00,2019-01-22 23:59:59,ev_C,C,8,
20190122144910,2019-01-22 14:49:10,2019-01-22 23:59:59,ev_C,C,15,
20190122144920,2019-01-22 14:49:20,2019-01-22 23:59:59,ev_C,C,16,
20190122144930,2019-01-22 14:49:30,2019-01-22 23:59:59,ev_K,K,1,
20190122144940,2019-01-22 14:49:40,2019-01-22 23:59:59,ev_C,C,16,
20190122144950,2019-01-22 14:49:50,2019-01-22 23:59:59,ev_C,C,18,
20190122145000,2019-01-22 14:50:00,2019-01-22 23:59:59,ev_C,C,5,
20190122145010,2019-01-22 14:50:10,2019-01-22 23:59:59,ev_C,C,18,
20190122145020,2019-01-22 14:50:20,2019-01-22 23:59:59,ev_C,C,9,
20190122145030,2019-01-22 14:50:30,2019-01-22 23:59:59,ev_C,C,15,
20190122145040,2019-01-22 14:50:40,2019-01-22 23:59:59,ev_C,C,7,
20190122145050,2019-01-22 14:50:50,2019-01-22 23:59:59,ev_K,K,2,
20190122145100,2019-01-22 14:51:00,2019-01-22 23:59:59,ev_K,K,2,
20190122145110,2019-01-22 14:51:10,2019-01-22 23:59:59,ev_C,C,2,
20190122145120,2019-01-22 14:51:20,2019-01-22 23:59:59,ev_C,C,11,
20190122145130,2019-01-22 14:51:30,2019-01-22 23:59:59,ev_C,C,13,
20190122145140,2019-01-22 14:51:40,2019-01-22 23:59:59,ev_K,K,1,
20190122145150,2019-01-22 14:51:50,2019-01-22 23:59:59,ev_C,C,16,
20190122145200,2019-01-22 14:52:00,2019-01-22 23:59:59,ev_C,C,5,
20190122145210,2019-01-22 14:52:10,2019-01-22 23:59:59,ev_K,K,4,
20190122145220,2019-01-22 14:52:20,2019-01-22 23:59:59,ev_N,K,2,
20190122145230,2019-01-22 14:52:30,2019-01-22 23:59:59,ev_C,C,13,
20190122145240,2019-01-22 14:52:40,2019-01-22 23:59:59,ev_C,C,2,
20190122145250,2019-01-22 14:52:50,2019-01-22 23:59:59,ev_C,C,19,
20190122145300,2019-01-22 14:53:00,2019-01-22 23:59:59,ev_C,C,7,
20190122145310,2019-01-22 14:53:10,2019-01-22 23:59:59,ev_C,C,13,
20190122145320,2019-01-22 14:53:20,2019-01-22 23:59:59,ev_C,C,16,
20190122145330,2019-01-22 14:53:30,2019-01-22 23:59:59,ev_C,C,7,
20190122145340,2019-01-22 14:53:40,2019-01-22 23:59:59,ev_K,K,1,
20190122145350,2019-01-22 14:53:50,2019-01-22 23:59:59,ev_C,C,16,
20190122145400,2019-01-22 14:54:00,2019-01-22 23:59:59,ev_C,C,14,
20190122145410,2019-01-22 14:54:10,2019-01-22 23:59:59,ev_C,C,10,
20190122145420,2019-01-22 14:54:20,2019-01-22 23:59:59,ev_C,C,14,
20190122145430,2019-01-22 14:54:30,2019-01-22 23:59:59,ev_C,C,20,
20190122145440,2019-01-22 14:54:40,2019-01-22 23:59:59,ev_C,C,17,
20190122145450,2019-01-22 14:54:50,2019-01-22 23:59:59,ev_K,K,2,
20190122145500,2019-01-22 14:55:00,2019-01-22 23:59:59,ev_C,C,10,
20190122145510,2019-01-22 14:55:10,2019-01-22 23:59:59,ev_K,K,4,
20190122145520,2019-01-22 14:55:20,2019-01-22 23:59:59,ev_C,C,9,
20190122145530,2019-01-22 14:55:30,2019-01-22 23:59:59,ev_C,C,5,
20190122145540,2019-01-22 14:55:40,2019-01-22 23:59:59,ev_K,K,3,
20190122145550,2019-01-22 14:55:50,2019-01-22 23:59:59,ev_K,K,2,
20190122145600,2019-01-22 14:56:00,2019-01-22 23:59:59,ev_C,C,7,
20190122145610,2019-01-22 14:56:10,2019-01-22 23:59:59,ev_C,C,1,
20190122145620,2019-01-22 14:56:20,2019-01-22 23:59:59,ev_C,C,8,
20190122145630,2019-01-22 14:56:30,2019-01-22 23:59:59,ev_C,C,20,
20190122145640,2019-01-22 14:56:40,2019-01-22 23:59:59,ev_C,C,11,
20190122145650,2019-01-22 14:56:50,2019-01-22 23:59:59,ev_C,C,2,
20190122145700,2019-01-22 14:57:00,2019-01-22 23:59:59,ev_C,C,4,
20190122145710,2019-01-22 14:57:10,2019-01-22 23:59:59,ev_C,C,15,
20190122145720,2019-01-22 14:57:20,2019-01-22 23:59:59,ev_C,C,20,
20190122145730,2019-01-22 14:57:30,2019-01-22 23:59:59,ev_C,C,19,
20190122145740,2019-01-22 14:57:40,2019-01-22 23:59:59,ev_C,C,7,
20190122145750,2019-01-22 14:57:50,2019-01-22 23:59:59,ev_C,C,19,
20190122145800,2019-01-22 14:58:00,2019-01-22 23:59:59,ev_K,K,3,
20190122145810,2019-01-22 14:58:10,2019-01-22 23:59:59,ev_C,C,13,
20190122145820,2019-01-22 14:58:20,2019-01-22 23:59:59,ev_C,C,20,
20190122145830,2019-01-22 14:58:30,2019-01-22 23:59:59,ev_K,K,1,
20190122145840,2019-01-22 14:58:40,2019-01-22 23:59:59,ev_N,K,4,
20190122145850,2019-01-22 14:58:50,2019-01-22 23:59:59,ev_N,K,4,
20190122145900,2019-01-22 14:59:00,2019-01-22 23:59:59,ev_C,C,5,
20190122145910,2019-01-22 14:59:10,2019-01-22 23:59:59,ev_C,C,2,
20190122145920,2019-01-22 14:59:20,2019-01-22 23:59:59,ev_C,C,16,
20190122145930,2019-01-22 14:59:30,2019-01-22 23:59:59,ev_K,K,4,
20190122145940,2019-01-22 14:59:40,2019-01-22 23:59:59,ev_C,C,1,
20190122145950,2019-01-22 14:59:50,2019-01-22 23:59:59,ev_C,C,15,
20190122150000,2019-01-22 15:00:00,2019-01-22 23:59:59,ev_C,C,9,
20190122150010,2019-01-22 15:00:10,2019-01-22 23:59:59,ev_C,C,2,
20190122150020,2019-01-22 15:00:20,2019-01-22 23:59:59,ev_C,C,3,
20190122150030,2019-01-22 15:00:30,2019-01-22 23:59:59,ev_C,C,20,
20190122150040,2019-01-22 15:00:40,2019-01-22 23:59:59,ev_N,K,5,
20190122150050,2019-01-22 15:00:50,2019-01-22 23:59:59,ev_C,C,20,
20190122150100,2019-01-22 15:01:00,2019-01-22 23:59:59,ev_C,C,10,
20190122150110,2019-01-22 15:01:10,2019-01-22 23:59:59,ev_C,C,20,
20190122150120,2019-01-22 15:01:20,2019-01-22 23:59:59,ev_C,C,6,
20190122150130,2019-01-22 15:01:30,2019-01-22 23:59:59,ev_C,C,12,
20190122150140,2019-01-22 15:01:40,2019-01-22 23:59:59,ev_C,C,18,
20190122150150,2019-01-22 15:01:50,2019-01-22 23:59:59,ev_K,K,4,
20190122150200,2019-01-22 15:02:00,2019-01-22 23:59:59,ev_C,C,13,
20190122150210,2019-01-22 15:02:10,2019-01-22 23:59:59,ev_C,C,10,
20190122150220,2019-01-22 15:02:20,2019-01-22 23:59:59,ev_K,K,5,
20190122150230,2019-01-22 15:02:30,2019-01-22 23:59:59,ev_C,C,7,
20190122150240,2019-01-22 15:02:40,2019-01-22 23:59:59,ev_C,C,2,
20190122150250,2019-01-22 15:02:50,2019-01-22 23:59:59,ev_C,C,15,
20190122150300,2019-01-22 15:03:00,2019-01-22 23:59:59,ev_C,C,5,
20190122150310,2019-01-22 15:03:10,2019-01-22 23:59:59,ev_C,C,7,
20190122150320,2019-01-22 15:03:20,2019-01-22 23:59:59,ev_C,C,14,
20190122150330,2019-01-22 15:03:30,2019-01-22 23:59:59,ev_K,K,2,
20190122150340,2019-01-22 15:03:40,2019-01-22 23:59:59,ev_C,C,19,
20190122150350,2019-01-22 15:03:50,2019-01-22 23:59:59,ev_C,C,2,
20190122150400,2019-01-22 15:04:00,2019-01-22 23:59:59,ev_C,C,1,
20190122150410,2019-01-22 15:04:10,2019-01-22 23:59:59,ev_C,C,13,
20190122150420,2019-01-22 15:04:20,2019-01-22 23:59:59,ev_K,K,5,
20190122150430,2019-01-22 15:04:30,2019-01-22 23:59:59,ev_K,K,1,
20190122150440,2019-01-22 15:04:40,2019-01-22 23:59:59,ev_K,K,2,
20190122150450,2019-01-22 15:04:50,2019-01-22 23:59:59,ev_C,C,5,
20190122150500,2019-01-22 15:05:00,2019-01-22 23:59:59,ev_K,K,1,
20190122150510,2019-01-22 15:05:10,2019-01-22 23:59:59,ev_C,C,15,
20190122150520,2019-01-22 15:05:20,2019-01-22 23:59:59,ev_C,C,11,
20190122150530,2019-01-22 15:05:30,2019-01-22 23:59:59,ev_C,C,2,
20190122150540,2019-01-22 15:05:40,2019-01-22 23:59:59,ev_C,C,12,
20190122150550,2019-01-22 15:05:50,2019-01-22 23:59:59,ev_C,C,3,
20190122150600,2019-01-22 15:06:00,2019-01-22 23:59:59,ev_C,C,12,
20190122150610,2019-01-22 15:06:10,2019-01-22 23:59:59,ev_C,C,7,
20190122150620,2019-01-22 15:06:20,2019-01-22 23:59:59,ev_C,C,1,
20190122150630,2019-01-22 15:06:30,2019-01-22 23:59:59,ev_K,K,5,
20190122150640,2019-01-22 15:06:40,2019-01-22 23:59:59,ev_N,K,1,
20190122150650,2019-01-22 15:06:50,2019-01-22 23:59:59,ev_N,K,2,
20190122150700,2019-01-22 15:07:00,2019-01-22 23:59:59,ev_C,C,10,
20190122150710,2019-01-22 15:07:10,2019-01-22 23:59:59,ev_C,C,19,
20190122150720,2019-01-22 15:07:20,2019-01-22 23:59:59,ev_N,K,1,
20190122150730,2019-01-22 15:07:30,2019-01-22 23:59:59,ev_K,K,4,
20190122150740,2019-01-22 15:07:40,2019-01-22 23:59:59,ev_C,C,11,
20190122150750,2019-01-22 15:07:50,2019-01-22 23:59:59,ev_C,C,4,
20190122150800,2019-01-22 15:08:00,2019-01-22 23:59:59,ev_K,K,3,
20190122150810,2019-01-22 15:08:10,2019-01-22 23:59:59,ev_K,K,4,
20190122150820,2019-01-22 15:08:20,2019-01-22 23:59:59,ev_C,C,9,
20190122150830,2019-01-22 15:08:30,2019-01-22 23:59:59,ev_C,C,17,
20190122150840,2019-01-22 15:08:40,2019-01-22 23:59:59,ev_N,K,1,
20190122150850,2019-01-22 15:08:50,2019-01-22 23:59:59,ev_C,C,8,
20190122150900,2019-01-22 15:09:00,2019-01-22 23:59:59,ev_C,C,11,
20190122150910,2019-01-22 15:09:10,2019-01-22 23:59:59,ev_C,C,6,
20190122150920,2019-01-22 15:09:20,2019-01-22 23:59:59,ev_K,K,5,
20190122150930,2019-01-22 15:09:30,2019-01-22 23:59:59,ev_C,C,19,
20190122150940,2019-01-22 15:09:40,2019-01-22 23:59:59,ev_C,C,4,
20190122150950,2019-01-22 15:09:50,2019-01-22 23:59:59,ev_C,C,5,
20190122151000,2019-01-22 15:10:00,2019-01-22 23:59:59,ev_C,C,5,
20190122151010,2019-01-22 15:10:10,2019-01-22 23:59:59,ev_C,C,18,
20190122151020,2019-01-22 15:10:20,2019-01-22 23:59:59,ev_C,C,8,
20190122151030,2019-01-22 15:10:30,2019-01-22 23:59:59,ev_C,C,8,
20190122151040,2019-01-22 15:10:40,2019-01-22 23:59:59,ev_N,K,2,
20190122151050,2019-01-22 15:10:50,2019-01-22 23:59:59,ev_C,C,19,
20190122151100,2019-01-22 15:11:00,2019-01-22 23:59:59,ev_C,C,11,
20190122151110,2019-01-22 15:11:10,2019-01-22 23:59:59,ev_N,K,1,
20190122151120,2019-01-22 15:11:20,2019-01-22 23:59:59,ev_C,C,6,
20190122151130,2019-01-22 15:11:30,2019-01-22 23:59:59,ev_C,C,4,
20190122151140,2019-01-22 15:11:40,2019-01-22 23:59:59,ev_C,C,16,
20190122151150,2019-01-22 15:11:50,2019-01-22 23:59:59,ev_K,K,1,
20190122151200,2019-01-22 15:12:00,2019-01-22 23:59:59,ev_C,C,18,
20190122151210,2019-01-22 15:12:10,2019-01-22 23:59:59,ev_C,C,2,
20190122151220,2019-01-22 15:12:20,2019-01-22 23:59:59,ev_C,C,12,
20190122151230,2019-01-22 15:12:30,2019-01-22 23:59:59,ev_C,C,4,
20190122151240,2019-01-22 15:12:40,2019-01-22 23:59:59,ev_N,K,2,
20190122151250,2019-01-22 15:12:50,2019-01-22 23:59:59,ev_K,K,4,
20190122151300,2019-01-22 15:13:00,2019-01-22 23:59:59,ev_C,C,5,
20190122151310,2019-01-22 15:13:10,2019-01-22 23:59:59,ev_C,C,17,
20190122151320,2019-01-22 15:13:20,2019-01-22 23:59:59,ev_C,C,11,
20190122151330,2019-01-22 15:13:30,2019-01-22 23:59:59,ev_C,C,19,
20190122151340,2019-01-22 15:13:40,2019-01-22 23:59:59,ev_C,C,9,
20190122151350,2019-01-22 15:13:50,2019-01-22 23:59:59,ev_K,K,4,
20190122151400,2019-01-22 15:14:00,2019-01-22 23:59:59,ev_K,K,4,
20190122151410,2019-01-22 15:14:10,2019-01-22 23:59:59,ev_K,K,1,
20190122151420,2019-01-22 15:14:20,2019-01-22 23:59:59,ev_C,C,11,
20190122151430,2019-01-22 15:14:30,2019-01-22 23:59:59,ev_K,K,1,
20190122151440,2019-01-22 15:14:40,2019-01-22 23:59:59,ev_C,C,10,
20190122151450,2019-01-22 15:14:50,2019-01-22 23:59:59,ev_C,C,9,
20190122151500,2019-01-22 15:15:00,2019-01-22 23:59:59,ev_K,K,3,
20190122151510,2019-01-22 15:15:10,2019-01-22 23:59:59,ev_C,C,7,
20190122151520,2019-01-22 15:15:20,2019-01-22 23:59:59,ev_K,K,5,
20190122151530,2019-01-22 15:15:30,2019-01-22 23:59:59,ev_C,C,9,
20190122151540,2019-01-22 15:15:40,2019-01-22 23:59:59,ev_C,C,17,
20190122151550,2019-01-22 15:15:50,2019-01-22 23:59:59,ev_C,C,8,
20190122151600,2019-01-22 15:16:00,2019-01-22 23:59:59,ev_K,K,5,
20190122151610,2019-01-22 15:16:10,2019-01-22 23:59:59,ev_C,C,13,
20190122151620,2019-01-22 15:16:20,2019-01-22 23:59:59,ev_C,C,2,
20190122151630,2019-01-22 15:16:30,2019-01-22 23:59:59,ev_K,K,2,
20190122151640,2019-01-22 15:16:40,2019-01-22 23:59:59,ev_K,K,2,
20190122151650,2019-01-22 15:16:50,2019-01-22 23:59:59,ev_C,C,6,
20190122151700,2019-01-22 15:17:00,2019-01-22 23:59:59,ev_C,C,8,
20190122151710,2019-01-22 15:17:10,2019-01-22 23:59:59,ev_C,C,12,
20190122151720,2019-01-22 15:17:20,2019-01-22 23:59:59,ev_K,K,5,
20190122151730,2019-01-22 15:17:30,2019-01-22 23:59:59,ev_C,C,4,
20190122151740,2019-01-22 15:17:40,2019-01-22 23:59:59,ev_K,K,4,
20190122151750,2019-01-22 15:17:50,2019-01-22 23:59:59,ev_C,C,7,
20190122151800,2019-01-22 15:18:00,2019-01-22 23:59:59,ev_C,C,19,
20190122151810,2019-01-22 15:18:10,2019-01-22 23:59:59,ev_C,C,19,
20190122151820,2019-01-22 15:18:20,2019-01-22 23:59:59,ev_C,C,14,
20190122151830,2019-01-22 15:18:30,2019-01-22 23:59:59,ev_K,K,3,
20190122151840,2019-01-22 15:18:40,2019-01-22 23:59:59,ev_C,C,11,
20190122151850,2019-01-22 15:18:50,2019-01-22 23:59:59,ev_C,C,3,
20190122151900,2019-01-22 15:19:00,2019-01-22 23:59:59,ev_C,C,10,
20190122151910,2019-01-22 15:19:10,2019-01-22 23:59:59,ev_C,C,15,
20190122151920,2019-01-22 15:19:20,2019-01-22 23:59:59,ev_C,C,16,
20190122151930,2019-01-22 15:19:30,2019-01-22 23:59:59,ev_C,C,5,
20190122151940,2019-01-22 15:19:40,2019-01-22 23:59:59,ev_C,C,15,
20190122151950,2019-01-22 15:19:50,2019-01-22 23:59:59,ev_C,C,20,
20190122152000,2019-01-22 15:20:00,2019-01-22 23:59:59,ev_K,K,3,
20190122152010,2019-01-22 15:20:10,2019-01-22 23:59:59,ev_C,C,6,
20190122152020,2019-01-22 15:20:20,2019-01-22 23:59:59,ev_C,C,11,
20190122152030,2019-01-22 15:20:30,2019-01-22 23:59:59,ev_C,C,4,
20190122152040,2019-01-22 15:20:40,2019-01-22 23:59:59,ev_K,K,5,
20190122152050,2019-01-22 15:20:50,2019-01-22 23:59:59,ev_C,C,20,
20190122152100,2019-01-22 15:21:00,2019-01-22 23:59:59,ev_K,K,4,
20190122152110,2019-01-22 15:21:10,2019-01-22 23:59:59,ev_C,C,9,
20190122152120,2019-01-22 15:21:20,2019-01-22 23:59:59,ev_C,C,4,
20190122152130,2019-01-22 15:21:30,2019-01-22 23:59:59,ev_C,C,17,
20190122152140,2019-01-22 15:21:40,2019-01-22 23:59:59,ev_C,C,1,
20190122152150,2019-01-22 15:21:50,2019-01-22 23:59:59,ev_C,C,11,
20190122152200,2019-01-22 15:22:00,2019-01-22 23:59:59,ev_C,C,12,
20190122152210,2019-01-22 15:22:10,2019-01-22 23:59:59,ev_C,C,20,
20190122152220,2019-01-22 15:22:20,2019-01-22 23:59:59,ev_C,C,10,
20190122152230,2019-01-22 15:22:30,2019-01-22 23:59:59,ev_C,C,16,
20190122152240,2019-01-22 15:22:40,2019-01-22 23:59:59,ev_N,K,4,
20190122152250,2019-01-22 15:22:50,2019-01-22 23:59:59,ev_C,C,10,
20190122152300,2019-01-22 15:23:00,2019-01-22 23:59:59,ev_C,C,17,
20190122152310,2019-01-22 15:23:10,2019-01-22 23:59:59,ev_C,C,15,
20190122152320,2019-01-22 15:23:20,2019-01-22 23:59:59,ev_C,C,2,
20190122152330,2019-01-22 15:23:30,2019-01-22 23:59:59,ev_C,C,8,
20190122152340,2019-01-22 15:23:40,2019-01-22 23:59:59,ev_C,C,17,
20190122152350,2019-01-22 15:23:50,2019-01-22 23:59:59,ev_N,K,2,
20190122152400,2019-01-22 15:24:00,2019-01-22 23:59:59,ev_K,K,3,
20190122152410,2019-01-22 15:24:10,2019-01-22 23:59:59,ev_C,C,12,
20190122152420,2019-01-22 15:24:20,2019-01-22 23:59:59,ev_C,C,14,
20190122152430,2019-01-22 15:24:30,2019-01-22 23:59:59,ev_C,C,13,
20190122152440,2019-01-22 15:24:40,2019-01-22 23:59:59,ev_C,C,5,
20190122152450,2019-01-22 15:24:50,2019-01-22 23:59:59,ev_C,C,10,
20190122152500,2019-01-22 15:25:00,2019-01-22 23:59:59,ev_C,C,9,
20190122152510,2019-01-22 15:25:10,2019-01-22 23:59:59,ev_C,C,11,
20190122152520,2019-01-22 15:25:20,2019-01-22 23:59:59,ev_C,C,7,
20190122152530,2019-01-22 15:25:30,2019-01-22 23:59:59,ev_C,C,15,
20190122152540,2019-01-22 15:25:40,2019-01-22 23:59:59,ev_C,C,4,
20190122152550,2019-01-22 15:25:50,2019-01-22 23:59:59,ev_C,C,3,
20190122152600,2019-01-22 15:26:00,2019-01-22 23:59:59,ev_C,C,5,
20190122152610,2019-01-22 15:26:10,2019-01-22 23:59:59,ev_C,C,2,
20190122152620,2019-01-22 15:26:20,2019-01-22 23:59:59,ev_N,K,4,
20190122152630,2019-01-22 15:26:30,2019-01-22 23:59:59,ev_C,C,15,
20190122152640,2019-01-22 15:26:40,2019-01-22 23:59:59,ev_C,C,10,
20190122152650,2019-01-22 15:26:50,2019-01-22 23:59:59,ev_C,C,4,
20190122152700,2019-01-22 15:27:00,2019-01-22 23:59:59,ev_C,C,14,
20190122152710,2019-01-22 15:27:10,2019-01-22 23:59:59,ev_C,C,20,
20190122152720,2019-01-22 15:27:20,2019-01-22 23:59:59,ev_C,C,9,
20190122152730,2019-01-22 15:27:30,2019-01-22 23:59:59,ev_C,C,3,
20190122152740,2019-01-22 15:27:40,2019-01-22 23:59:59,ev_C,C,16,
20190122152750,2019-01-22 15:27:50,2019-01-22 23:59:59,ev_C,C,10,
20190122152800,2019-01-22 15:28:00,2019-01-22 23:59:59,ev_C,C,17,
20190122152810,2019-01-22 15:28:10,2019-01-22 23:59:59,ev_C,C,3,
20190122152820,2019-01-22 15:28:20,2019-01-22 23:59:59,ev_C,C,10,
20190122152830,2019-01-22 15:28:30,2019-01-22 23:59:59,ev_C,C,3,
20190122152840,2019-01-22 15:28:40,2019-01-22 23:59:59,ev_C,C,9,
20190122152850,2019-01-22 15:28:50,2019-01-22 23:59:59,ev_C,C,12,
20190122152900,2019-01-22 15:29:00,2019-01-22 23:59:59,ev_K,K,2,
20190122152910,2019-01-22 15:29:10,2019-01-22 23:59:59,ev_K,K,5,
20190122152920,2019-01-22 15:29:20,2019-01-22 23:59:59,ev_C,C,8,
20190122152930,2019-01-22 15:29:30,2019-01-22 23:59:59,ev_C,C,5,
20190122152940,2019-01-22 15:29:40,2019-01-22 23:59:59,ev_C,C,17,
20190122152950,2019-01-22 15:29:50,2019-01-22 23:59:59,ev_C,C,1,
20190122153000,2019-01-22 15:30:00,2019-01-22 23:59:59,ev_C,C,2,
20190122153010,2019-01-22 15:30:10,2019-01-22 23:59:59,ev_C,C,6,
20190122153020,2019-01-22 15:30:20,2019-01-22 23:59:59,ev_C,C,1,
20190122153030,2019-01-22 15:30:30,2019-01-22 23:59:59,ev_C,C,3,
20190122153040,2019-01-22 15:30:40,2019-01-22 23:59:59,ev_C,C,2,
20190122153050,2019-01-22 15:30:50,2019-01-22 23:59:59,ev_C,C,4,
20190122153100,2019-01-22 15:31:00,2019-01-22 23:59:59,ev_C,C,14,
20190122153110,2019-01-22 15:31:10,2019-01-22 23:59:59,ev_C,C,11,
20190122153120,2019-01-22 15:31:20,2019-01-22 23:59:59,ev_C,C,16,
20190122153130,2019-01-22 15:31:30,2019-01-22 23:59:59,ev_C,C,5,
20190122153140,2019-01-22 15:31:40,2019-01-22 23:59:59,ev_K,K,4,
20190122153150,2019-01-22 15:31:50,2019-01-22 23:59:59,ev_C,C,18,
20190122153200,2019-01-22 15:32:00,2019-01-22 23:59:59,ev_N,K,5,
20190122153210,2019-01-22 15:32:10,2019-01-22 23:59:59,ev_K,K,3,
20190122153220,2019-01-22 15:32:20,2019-01-22 23:59:59,ev_C,C,11,
20190122153230,2019-01-22 15:32:30,2019-01-22 23:59:59,ev_N,K,5,
20190122153240,2019-01-22 15:32:40,2019-01-22 23:59:59,ev_K,K,2,
20190122153250,2019-01-22 15:32:50,2019-01-22 23:59:59,ev_C,C,6,
20190122153300,2019-01-22 15:33:00,2019-01-22 23:59:59,ev_K,K,1,
20190122153310,2019-01-22 15:33:10,2019-01-22 23:59:59,ev_C,C,17,
20190122153320,2019-01-22 15:33:20,2019-01-22 23:59:59,ev_C,C,9,
20190122153330,2019-01-22 15:33:30,2019-01-22 23:59:59,ev_C,C,5,
20190122153340,2019-01-22 15:33:40,2019-01-22 23:59:59,ev_C,C,4,
20190122153350,2019-01-22 15:33:50,2019-01-22 23:59:59,ev_K,K,4,
20190122153400,2019-01-22 15:34:00,2019-01-22 23:59:59,ev_C,C,19,
20190122153410,2019-01-22 15:34:10,2019-01-22 23:59:59,ev_C,C,14,
20190122153420,2019-01-22 15:34:20,2019-01-22 23:59:59,ev_K,K,5,
20190122153430,2019-01-22 15:34:30,2019-01-22 23:59:59,ev_K,K,1,
20190122153440,2019-01-22 15:34:40,2019-01-22 23:59:59,ev_C,C,2,
20190122153450,2019-01-22 15:34:50,2019-01-22 23:59:59,ev_C,C,11,
20190122153500,2019-01-22 15:35:00,2019-01-22 23:59:59,ev_C,C,10,
20190122153510,2019-01-22 15:35:10,2019-01-22 23:59:59,ev_C,C,3,
20190122153520,2019-01-22 15:35:20,2019-01-22 23:59:59,ev_C,C,9,
20190122153530,2019-01-22 15:35:30,2019-01-22 23:59:59,ev_K,K,2,
20190122153540,2019-01-22 15:35:40,2019-01-22 23:59:59,ev_K,K,2,
20190122153550,2019-01-22 15:35:50,2019-01-22 23:59:59,ev_C,C,13,
20190122153600,2019-01-22 15:36:00,2019-01-22 23:59:59,ev_C,C,14,
20190122153610,2019-01-22 15:36:10,2019-01-22 23:59:59,ev_C,C,5,
20190122153620,2019-01-22 15:36:20,2019-01-22 23:59:59,ev_C,C,12,
20190122153630,2019-01-22 15:36:30,2019-01-22 23:59:59,ev_C,C,4,
20190122153640,2019-01-22 15:36:40,2019-01-22 23:59:59,ev_C,C,12,
20190122153650,2019-01-22 15:36:50,2019-01-22 23:59:59,ev_N,K,2,
20190122153700,2019-01-22 15:37:00,2019-01-22 23:59:59,ev_K,K,2,
20190122153710,2019-01-22 15:37:10,2019-01-22 23:59:59,ev_C,C,6,
20190122153720,2019-01-22 15:37:20,2019-01-22 23:59:59,ev_C,C,3,
20190122153730,2019-01-22 15:37:30,2019-01-22 23:59:59,ev_C,C,16,
20190122153740,2019-01-22 15:37:40,2019-01-22 23:59:59,ev_C,C,5,
20190122153750,2019-01-22 15:37:50,2019-01-22 23:59:59,ev_C,C,19,
20190122153800,2019-01-22 15:38:00,2019-01-22 23:59:59,ev_C,C,5,
20190122153810,2019-01-22 15:38:10,2019-01-22 23:59:59,ev_C,C,6,
20190122153820,2019-01-22 15:38:20,2019-01-22 23:59:59,ev_C,C,17,
20190122153830,2019-01-22 15:38:30,2019-01-22 23:59:59,ev_C,C,2,
20190122153840,2019-01-22 15:38:40,2019-01-22 23:59:59,ev_C,C,5,
20190122153850,2019-01-22 15:38:50,2019-01-22 23:59:59,ev_C,C,11,
20190122153900,2019-01-22 15:39:00,2019-01-22 23:59:59,ev_C,C,6,
20190122153910,2019-01-22 15:39:10,2019-01-22 23:59:59,ev_N,K,3,
20190122153920,2019-01-22 15:39:20,2019-01-22 23:59:59,ev_C,C,5,
20190122153930,2019-01-22 15:39:30,2019-01-22 23:59:59,ev_K,K,4,
20190122153940,2019-01-22 15:39:40,2019-01-22 23:59:59,ev_K,K,5,
20190122153950,2019-01-22 15:39:50,2019-01-22 23:59:59,ev_N,K,2,
20190122154000,2019-01-22 15:40:00,2019-01-22 23:59:59,ev_C,C,2,
20190122154010,2019-01-22 15:40:10,2019-01-22 23:59:59,ev_C,C,17,
20190122154020,2019-01-22 15:40:20,2019-01-22 23:59:59,ev_N,K,1,
20190122154030,2019-01-22 15:40:30,2019-01-22 23:59:59,ev_C,C,10,
20190122154040,2019-01-22 15:40:40,2019-01-22 23:59:59,ev_K,K,4,
20190122154050,2019-01-22 15:40:50,2019-01-22 23:59:59,ev_N,K,4,
20190122154100,2019-01-22 15:41:00,2019-01-22 23:59:59,ev_K,K,1,
20190122154110,2019-01-22 15:41:10,2019-01-22 23:59:59,ev_K,K,1,
20190122154120,2019-01-22 15:41:20,2019-01-22 23:59:59,ev_C,C,12,
20190122154130,2019-01-22 15:41:30,2019-01-22 23:59:59,ev_K,K,2,
20190122154140,2019-01-22 15:41:40,2019-01-22 23:59:59,ev_C,C,6,
20190122154150,2019-01-22 15:41:50,2019-01-22 23:59:59,ev_C,C,15,
20190122154200,2019-01-22 15:42:00,2019-01-22 23:59:59,ev_K,K,3,
20190122154210,2019-01-22 15:42:10,2019-01-22 23:59:59,ev_C,C,1,
20190122154220,2019-01-22 15:42:20,2019-01-22 23:59:59,ev_C,C,5,
20190122154230,2019-01-22 15:42:30,2019-01-22 23:59:59,ev_K,K,2,
20190122154240,2019-01-22 15:42:40,2019-01-22 23:59:59,ev_C,C,15,
20190122154250,2019-01-22 15:42:50,2019-01-22 23:59:59,ev_K,K,1,
20190122154300,2019-01-22 15:43:00,2019-01-22 23:59:59,ev_C,C,19,
20190122154310,2019-01-22 15:43:10,2019-01-22 23:59:59,ev_K,K,3,
20190122154320,2019-01-22 15:43:20,2019-01-22 23:59:59,ev_K,K,5,
20190122154330,2019-01-22 15:43:30,2019-01-22 23:59:59,ev_C,C,17,
20190122154340,2019-01-22 15:43:40,2019-01-22 23:59:59,ev_K,K,5,
20190122154350,2019-01-22 15:43:50,2019-01-22 23:59:59,ev_C,C,7,
20190122154400,2019-01-22 15:44:00,2019-01-22 23:59:59,ev_K,K,1,
20190122154410,2019-01-22 15:44:10,2019-01-22 23:59:59,ev_N,K,5,
20190122154420,2019-01-22 15:44:20,2019-01-22 23:59:59,ev_C,C,2,
20190122154430,2019-01-22 15:44:30,2019-01-22 23:59:59,ev_C,C,5,
20190122154440,2019-01-22 15:44:40,2019-01-22 23:59:59,ev_C,C,16,
20190122154450,2019-01-22 15:44:50,2019-01-22 23:59:59,ev_C,C,6,
20190122154500,2019-01-22 15:45:00,2019-01-22 23:59:59,ev_K,K,4,
20190122154510,2019-01-22 15:45:10,2019-01-22 23:59:59,ev_C,C,14,
20190122154520,2019-01-22 15:45:20,2019-01-22 23:59:59,ev_C,C,12,
20190122154530,2019-01-22 15:45:30,2019-01-22 23:59:59,ev_C,C,14,
20190122154540,2019-01-22 15:45:40,2019-01-22 23:59:59,ev_C,C,11,
20190122154550,2019-01-22 15:45:50,2019-01-22 23:59:59,ev_C,C,14,
20190122154600,2019-01-22 15:46:00,2019-01-22 23:59:59,ev_C,C,8,
20190122154610,2019-01-22 15:46:10,2019-01-22 23:59:59,ev_C,C,19,
20190122154620,2019-01-22 15:46:20,2019-01-22 23:59:59,ev_K,K,3,
20190122154630,2019-01-22 15:46:30,2019-01-22 23:59:59,ev_C,C,10,
20190122154640,2019-01-22 15:46:40,2019-01-22 23:59:59,ev_C,C,17,
20190122154650,2019-01-22 15:46:50,2019-01-22 23:59:59,ev_C,C,7,
20190122154700,2019-01-22 15:47:00,2019-01-22 23:59:59,ev_C,C,4,
20190122154710,2019-01-22 15:47:10,2019-01-22 23:59:59,ev_C,C,1,
20190122154720,2019-01-22 15:47:20,2019-01-22 23:59:59,ev_K,K,5,
20190122154730,2019-01-22 15:47:30,2019-01-22 23:59:59,ev_N,K,1,
20190122154740,2019-01-22 15:47:40,2019-01-22 23:59:59,ev_C,C,2,
20190122154750,2019-01-22 15:47:50,2019-01-22 23:59:59,ev_C,C,13,
20190122154800,2019-01-22 15:48:00,2019-01-22 23:59:59,ev_N,K,5,
20190122154810,2019-01-22 15:48:10,2019-01-22 23:59:59,ev_C,C,20,
20190122154820,2019-01-22 15:48:20,2019-01-22 23:59:59,ev_N,K,1,
20190122154830,2019-01-22 15:48:30,2019-01-22 23:59:59,ev_C,C,7,
20190122154840,2019-01-22 15:48:40,2019-01-22 23:59:59,ev_C,C,2,
20190122154850,2019-01-22 15:48:50,2019-01-22 23:59:59,ev_C,C,16,
20190122154900,2019-01-22 15:49:00,2019-01-22 23:59:59,ev_C,C,9,
20190122154910,2019-01-22 15:49:10,2019-01-22 23:59:59,ev_K,K,2,
20190122154920,2019-01-22 15:49:20,2019-01-22 23:59:59,ev_C,C,9,
20190122154930,2019-01-22 15:49:30,2019-01-22 23:59:59,ev_C,C,12,
20190122154940,2019-01-22 15:49:40,2019-01-22 23:59:59,ev_C,C,20,
20190122154950,2019-01-22 15:49:50,2019-01-22 23:59:59,ev_C,C,11,
20190122155000,2019-01-22 15:50:00,2019-01-22 23:59:59,ev_C,C,18,
20190122155010,2019-01-22 15:50:10,2019-01-22 23:59:59,ev_C,C,9,
20190122155020,2019-01-22 15:50:20,2019-01-22 23:59:59,ev_C,C,16,
20190122155030,2019-01-22 15:50:30,2019-01-22 23:59:59,ev_K,K,4,
20190122155040,2019-01-22 15:50:40,2019-01-22 23:59:59,ev_C,C,12,
20190122155050,2019-01-22 15:50:50,2019-01-22 23:59:59,ev_C,C,20,
20190122155100,2019-01-22 15:51:00,2019-01-22 23:59:59,ev_C,C,20,
20190122155110,2019-01-22 15:51:10,2019-01-22 23:59:59,ev_C,C,2,
20190122155120,2019-01-22 15:51:20,2019-01-22 23:59:59,ev_C,C,18,
20190122155130,2019-01-22 15:51:30,2019-01-22 23:59:59,ev_C,C,6,
20190122155140,2019-01-22 15:51:40,2019-01-22 23:59:59,ev_C,C,13,
20190122155150,2019-01-22 15:51:50,2019-01-22 23:59:59,ev_C,C,9,
20190122155200,2019-01-22 15:52:00,2019-01-22 23:59:59,ev_N,K,1,
20190122155210,2019-01-22 15:52:10,2019-01-22 23:59:59,ev_C,C,8,
20190122155220,2019-01-22 15:52:20,2019-01-22 23:59:59,ev_C,C,1,
20190122155230,2019-01-22 15:52:30,2019-01-22 23:59:59,ev_C,C,15,
20190122155240,2019-01-22 15:52:40,2019-01-22 23:59:59,ev_C,C,6,
20190122155250,2019-01-22 15:52:50,2019-01-22 23:59:59,ev_C,C,1,
20190122155300,2019-01-22 15:53:00,2019-01-22 23:59:59,ev_K,K,1,
20190122155310,2019-01-22 15:53:10,2019-01-22 23:59:59,ev_C,C,17,
20190122155320,2019-01-22 15:53:20,2019-01-22 23:59:59,ev_N,K,3,
20190122155330,2019-01-22 15:53:30,2019-01-22 23:59:59,ev_C,C,1,
20190122155340,2019-01-22 15:53:40,2019-01-22 23:59:59,ev_C,C,8,
20190122155350,2019-01-22 15:53:50,2019-01-22 23:59:59,ev_C,C,4,
20190122155400,2019-01-22 15:54:00,2019-01-22 23:59:59,ev_C,C,12,
20190122155410,2019-01-22 15:54:10,2019-01-22 23:59:59,ev_K,K,1,
20190122155420,2019-01-22 15:54:20,2019-01-22 23:59:59,ev_C,C,3,
20190122155430,2019-01-22 15:54:30,2019-01-22 23:59:59,ev_N,K,1,
20190122155440,2019-01-22 15:54:40,2019-01-22 23:59:59,ev_K,K,4,
20190122155450,2019-01-22 15:54:50,2019-01-22 23:59:59,ev_N,K,4,
20190122155500,2019-01-22 15:55:00,2019-01-22 23:59:59,ev_K,K,5,
20190122155510,2019-01-22 15:55:10,2019-01-22 23:59:59,ev_K,K,3,
20190122155520,2019-01-22 15:55:20,2019-01-22 23:59:59,ev_K,K,4,
20190122155530,2019-01-22 15:55:30,2019-01-22 23:59:59,ev_C,C,17,
20190122155540,2019-01-22 15:55:40,2019-01-22 23:59:59,ev_N,K,4,
20190122155550,2019-01-22 15:55:50,2019-01-22 23:59:59,ev_K,K,2,
20190122155600,2019-01-22 15:56:00,2019-01-22 23:59:59,ev_N,K,1,
20190122155610,2019-01-22 15:56:10,2019-01-22 23:59:59,ev_C,C,17,
20190122155620,2019-01-22 15:56:20,2019-01-22 23:59:59,ev_N,K,5,
20190122155630,2019-01-22 15:56:30,2019-01-22 23:59:59,ev_C,C,20,
20190122155640,2019-01-22 15:56:40,2019-01-22 23:59:59,ev_C,C,19,
20190122155650,2019-01-22 15:56:50,2019-01-22 23:59:59,ev_C,C,20,
20190122155700,2019-01-22 15:57:00,2019-01-22 23:59:59,ev_C,C,1,
20190122155710,2019-01-22 15:57:10,2019-01-22 23:59:59,ev_K,K,5,
20190122155720,2019-01-22 15:57:20,2019-01-22 23:59:59,ev_N,K,3,
20190122155730,2019-01-22 15:57:30,2019-01-22 23:59:59,ev_C,C,10,
20190122155740,2019-01-22 15:57:40,2019-01-22 23:59:59,ev_C,C,4,
20190122155750,2019-01-22 15:57:50,2019-01-22 23:59:59,ev_C,C,11,
20190122155800,2019-01-22 15:58:00,2019-01-22 23:59:59,ev_C,C,9,
20190122155810,2019-01-22 15:58:10,2019-01-22 23:59:59,ev_C,C,13,
20190122155820,2019-01-22 15:58:20,2019-01-22 23:59:59,ev_C,C,10,
20190122155830,2019-01-22 15:58:30,2019-01-22 23:59:59,ev_C,C,19,
20190122155840,2019-01-22 15:58:40,2019-01-22 23:59:59,ev_K,K,3,
20190122155850,2019-01-22 15:58:50,2019-01-22 23:59:59,ev_C,C,20,
20190122155900,2019-01-22 15:59:00,2019-01-22 23:59:59,ev_C,C,20,
20190122155910,2019-01-22 15:59:10,2019-01-22 23:59:59,ev_C,C,10,
20190122155920,2019-01-22 15:59:20,2019-01-22 23:59:59,ev_K,K,5,
20190122155930,2019-01-22 15:59:30,2019-01-22 23:59:59,ev_C,C,5,
20190122155940,2019-01-22 15:59:40,2019-01-22 23:59:59,ev_K,K,4,
20190122155950,2019-01-22 15:59:50,2019-01-22 23:59:59,ev_C,C,18,
20190122160000,2019-01-22 16:00:00,2019-01-22 23:59:59,ev_C,C,19,
20190122160010,2019-01-22 16:00:10,2019-01-22 23:59:59,ev_C,C,6,
20190122160020,2019-01-22 16:00:20,2019-01-22 23:59:59,ev_C,C,10,
20190122160030,2019-01-22 16:00:30,2019-01-22 23:59:59,ev_K,K,3,
20190122160040,2019-01-22 16:00:40,2019-01-22 23:59:59,ev_C,C,12,
20190122160050,2019-01-22 16:00:50,2019-01-22 23:59:59,ev_C,C,3,
20190122160100,2019-01-22 16:01:00,2019-01-22 23:59:59,ev_K,K,1,
20190122160110,2019-01-22 16:01:10,2019-01-22 23:59:59,ev_C,C,20,
20190122160120,2019-01-22 16:01:20,2019-01-22 23:59:59,ev_C,C,11,
20190122160130,2019-01-22 16:01:30,2019-01-22 23:59:59,ev_C,C,5,
20190122160140,2019-01-22 16:01:40,2019-01-22 23:59:59,ev_C,C,13,
20190122160150,2019-01-22 16:01:50,2019-01-22 23:59:59,ev_C,C,2,
20190122160200,2019-01-22 16:02:00,2019-01-22 23:59:59,ev_C,C,2,
20190122160210,2019-01-22 16:02:10,2019-01-22 23:59:59,ev_K,K,3,
20190122160220,2019-01-22 16:02:20,2019-01-22 23:59:59,ev_C,C,2,
20190122160230,2019-01-22 16:02:30,2019-01-22 23:59:59,ev_C,C,11,
20190122160240,2019-01-22 16:02:40,2019-01-22 23:59:59,ev_K,K,1,
20190122160250,2019-01-22 16:02:50,2019-01-22 23:59:59,ev_K,K,3,
20190122160300,2019-01-22 16:03:00,2019-01-22 23:59:59,ev_C,C,2,
20190122160310,2019-01-22 16:03:10,2019-01-22 23:59:59,ev_C,C,14,
20190122160320,2019-01-22 16:03:20,2019-01-22 23:59:59,ev_N,K,3,
20190122160330,2019-01-22 16:03:30,2019-01-22 23:59:59,ev_N,K,3,
20190122160340,2019-01-22 16:03:40,2019-01-22 23:59:59,ev_C,C,11,
20190122160350,2019-01-22 16:03:50,2019-01-22 23:59:59,ev_C,C,5,
20190122160400,2019-01-22 16:04:00,2019-01-22 23:59:59,ev_N,K,5,
20190122160410,2019-01-22 16:04:10,2019-01-22 23:59:59,ev_C,C,11,
20190122160420,2019-01-22 16:04:20,2019-01-22 23:59:59,ev_K,K,2,
20190122160430,2019-01-22 16:04:30,2019-01-22 23:59:59,ev_C,C,5,
20190122160440,2019-01-22 16:04:40,2019-01-22 23:59:59,ev_C,C,1,
20190122160450,2019-01-22 16:04:50,2019-01-22 23:59:59,ev_C,C,13,
20190122160500,2019-01-22 16:05:00,2019-01-22 23:59:59,ev_N,K,1,
20190122160510,2019-01-22 16:05:10,2019-01-22 23:59:59,ev_C,C,15,
20190122160520,2019-01-22 16:05:20,2019-01-22 23:59:59,ev_C,C,20,
20190122160530,2019-01-22 16:05:30,2019-01-22 23:59:59,ev_N,K,3,
20190122160540,2019-01-22 16:05:40,2019-01-22 23:59:59,ev_C,C,3,
20190122160550,2019-01-22 16:05:50,2019-01-22 23:59:59,ev_C,C,17,
20190122160600,2019-01-22 16:06:00,2019-01-22 23:59:59,ev_N,K,2,
20190122160610,2019-01-22 16:06:10,2019-01-22 23:59:59,ev_C,C,15,
20190122160620,2019-01-22 16:06:20,2019-01-22 23:59:59,ev_N,K,2,
20190122160630,2019-01-22 16:06:30,2019-01-22 23:59:59,ev_C,C,19,
20190122160640,2019-01-22 16:06:40,2019-01-22 23:59:59,ev_K,K,3,
20190122160650,2019-01-22 16:06:50,2019-01-22 23:59:59,ev_C,C,18,
20190122160700,2019-01-22 16:07:00,2019-01-22 23:59:59,ev_K,K,4,
20190122160710,2019-01-22 16:07:10,2019-01-22 23:59:59,ev_C,C,20,
20190122160720,2019-01-22 16:07:20,2019-01-22 23:59:59,ev_C,C,8,
20190122160730,2019-01-22 16:07:30,2019-01-22 23:59:59,ev_C,C,5,
20190122160740,2019-01-22 16:07:40,2019-01-22 23:59:59,ev_C,C,19,
20190122160750,2019-01-22 16:07:50,2019-01-22 23:59:59,ev_C,C,19,
20190122160800,2019-01-22 16:08:00,2019-01-22 23:59:59,ev_C,C,14,
20190122160810,2019-01-22 16:08:10,2019-01-22 23:59:59,ev_K,K,1,
20190122160820,2019-01-22 16:08:20,2019-01-22 23:59:59,ev_C,C,17,
20190122160830,2019-01-22 16:08:30,2019-01-22 23:59:59,ev_C,C,16,
20190122160840,2019-01-22 16:08:40,2019-01-22 23:59:59,ev_C,C,2,
20190122160850,2019-01-22 16:08:50,2019-01-22 23:59:59,ev_C,C,14,
20190122160900,2019-01-22 16:09:00,2019-01-22 23:59:59,ev_C,C,15,
20190122160910,2019-01-22 16:09:10,2019-01-22 23:59:59,ev_C,C,4,
20190122160920,2019-01-22 16:09:20,2019-01-22 23:59:59,ev_C,C,4,
20190122160930,2019-01-22 16:09:30,2019-01-22 23:59:59,ev_C,C,1,
20190122160940,2019-01-22 16:09:40,2019-01-22 23:59:59,ev_C,C,10,
20190122160950,2019-01-22 16:09:50,2019-01-22 23:59:59,ev_C,C,15,
20190122161000,2019-01-22 16:10:00,2019-01-22 23:59:59,ev_C,C,11,
20190122161010,2019-01-22 16:10:10,2019-01-22 23:59:59,ev_C,C,19,
20190122161020,2019-01-22 16:10:20,2019-01-22 23:59:59,ev_C,C,13,
20190122161030,2019-01-22 16:10:30,2019-01-22 23:59:59,ev_C,C,17,
20190122161040,2019-01-22 16:10:40,2019-01-22 23:59:59,ev_C,C,2,
20190122161050,2019-01-22 16:10:50,2019-01-22 23:59:59,ev_C,C,5,
20190122161100,2019-01-22 16:11:00,2019-01-22 23:59:59,ev_C,C,1,
20190122161110,2019-01-22 16:11:10,2019-01-22 23:59:59,ev_C,C,18,
20190122161120,2019-01-22 16:11:20,2019-01-22 23:59:59,ev_K,K,3,
20190122161130,2019-01-22 16:11:30,2019-01-22 23:59:59,ev_C,C,9,
20190122161140,2019-01-22 16:11:40,2019-01-22 23:59:59,ev_C,C,20,
20190122161150,2019-01-22 16:11:50,2019-01-22 23:59:59,ev_C,C,16,
20190122161200,2019-01-22 16:12:00,2019-01-22 23:59:59,ev_C,C,6,
20190122161210,2019-01-22 16:12:10,2019-01-22 23:59:59,ev_C,C,8,
20190122161220,2019-01-22 16:12:20,2019-01-22 23:59:59,ev_C,C,11,
20190122161230,2019-01-22 16:12:30,2019-01-22 23:59:59,ev_N,K,3,
20190122161240,2019-01-22 16:12:40,2019-01-22 23:59:59,ev_C,C,2,
20190122161250,2019-01-22 16:12:50,2019-01-22 23:59:59,ev_C,C,10,
20190122161300,2019-01-22 16:13:00,2019-01-22 23:59:59,ev_C,C,13,
20190122161310,2019-01-22 16:13:10,2019-01-22 23:59:59,ev_C,C,15,
20190122161320,2019-01-22 16:13:20,2019-01-22 23:59:59,ev_C,C,9,
20190122161330,2019-01-22 16:13:30,2019-01-22 23:59:59,ev_C,C,19,
20190122161340,2019-01-22 16:13:40,2019-01-22 23:59:59,ev_C,C,5,
20190122161350,2019-01-22 16:13:50,2019-01-22 23:59:59,ev_C,C,15,
20190122161400,2019-01-22 16:14:00,2019-01-22 23:59:59,ev_C,C,6,
20190122161410,2019-01-22 16:14:10,2019-01-22 23:59:59,ev_C,C,1,
20190122161420,2019-01-22 16:14:20,2019-01-22 23:59:59,ev_C,C,8,
20190122161430,2019-01-22 16:14:30,2019-01-22 23:59:59,ev_K,K,2,
20190122161440,2019-01-22 16:14:40,2019-01-22 23:59:59,ev_C,C,18,
20190122161450,2019-01-22 16:14:50,2019-01-22 23:59:59,ev_C,C,4,
20190122161500,2019-01-22 16:15:00,2019-01-22 23:59:59,ev_N,K,4,
20190122161510,2019-01-22 16:15:10,2019-01-22 23:59:59,ev_C,C,8,
20190122161520,2019-01-22 16:15:20,2019-01-22 23:59:59,ev_K,K,1,
20190122161530,2019-01-22 16:15:30,2019-01-22 23:59:59,ev_K,K,4,
20190122161540,2019-01-22 16:15:40,2019-01-22 23:59:59,ev_C,C,10,
20190122161550,2019-01-22 16:15:50,2019-01-22 23:59:59,ev_N,K,1,
20190122161600,2019-01-22 16:16:00,2019-01-22 23:59:59,ev_C,C,10,
20190122161610,2019-01-22 16:16:10,2019-01-22 23:59:59,ev_C,C,17,
20190122161620,2019-01-22 16:16:20,2019-01-22 23:59:59,ev_C,C,4,
20190122161630,2019-01-22 16:16:30,2019-01-22 23:59:59,ev_C,C,6,
20190122161640,2019-01-22 16:16:40,2019-01-22 23:59:59,ev_K,K,5,
20190122161650,2019-01-22 16:16:50,2019-01-22 23:59:59,ev_C,C,16,
20190122161700,2019-01-22 16:17:00,2019-01-22 23:59:59,ev_K,K,4,
20190122161710,2019-01-22 16:17:10,2019-01-22 23:59:59,ev_C,C,5,
20190122161720,2019-01-22 16:17:20,2019-01-22 23:59:59,ev_K,K,2,
20190122161730,2019-01-22 16:17:30,2019-01-22 23:59:59,ev_C,C,9,
20190122161740,2019-01-22 16:17:40,2019-01-22 23:59:59,ev_N,K,2,
20190122161750,2019-01-22 16:17:50,2019-01-22 23:59:59,ev_K,K,4,
20190122161800,2019-01-22 16:18:00,2019-01-22 23:59:59,ev_C,C,11,
20190122161810,2019-01-22 16:18:10,2019-01-22 23:59:59,ev_C,C,20,
20190122161820,2019-01-22 16:18:20,2019-01-22 23:59:59,ev_C,C,10,
20190122161830,2019-01-22 16:18:30,2019-01-22 23:59:59,ev_C,C,6,
20190122161840,2019-01-22 16:18:40,2019-01-22 23:59:59,ev_C,C,17,
20190122161850,2019-01-22 16:18:50,2019-01-22 23:59:59,ev_C,C,3,
20190122161900,2019-01-22 16:19:00,2019-01-22 23:59:59,ev_C,C,2,
20190122161910,2019-01-22 16:19:10,2019-01-22 23:59:59,ev_N,K,5,
20190122161920,2019-01-22 16:19:20,2019-01-22 23:59:59,ev_K,K,4,
20190122161930,2019-01-22 16:19:30,2019-01-22 23:59:59,ev_C,C,13,
20190122161940,2019-01-22 16:19:40,2019-01-22 23:59:59,ev_C,C,18,
20190122161950,2019-01-22 16:19:50,2019-01-22 23:59:59,ev_C,C,2,
20190122162000,2019-01-22 16:20:00,2019-01-22 23:59:59,ev_C,C,6,
20190122162010,2019-01-22 16:20:10,2019-01-22 23:59:59,ev_N,K,2,
20190122162020,2019-01-22 16:20:20,2019-01-22 23:59:59,ev_C,C,14,
20190122162030,2019-01-22 16:20:30,2019-01-22 23:59:59,ev_C,C,5,
20190122162040,2019-01-22 16:20:40,2019-01-22 23:59:59,ev_C,C,7,
20190122162050,2019-01-22 16:20:50,2019-01-22 23:59:59,ev_C,C,17,
20190122162100,2019-01-22 16:21:00,2019-01-22 23:59:59,ev_C,C,20,
20190122162110,2019-01-22 16:21:10,2019-01-22 23:59:59,ev_C,C,2,
20190122162120,2019-01-22 16:21:20,2019-01-22 23:59:59,ev_K,K,4,
20190122162130,2019-01-22 16:21:30,2019-01-22 23:59:59,ev_C,C,14,
20190122162140,2019-01-22 16:21:40,2019-01-22 23:59:59,ev_K,K,3,
20190122162150,2019-01-22 16:21:50,2019-01-22 23:59:59,ev_K,K,4,
20190122162200,2019-01-22 16:22:00,2019-01-22 23:59:59,ev_K,K,1,
20190122162210,2019-01-22 16:22:10,2019-01-22 23:59:59,ev_C,C,14,
20190122162220,2019-01-22 16:22:20,2019-01-22 23:59:59,ev_C,C,8,
20190122162230,2019-01-22 16:22:30,2019-01-22 23:59:59,ev_C,C,7,
20190122162240,2019-01-22 16:22:40,2019-01-22 23:59:59,ev_C,C,6,
20190122162250,2019-01-22 16:22:50,2019-01-22 23:59:59,ev_K,K,3,
20190122162300,2019-01-22 16:23:00,2019-01-22 23:59:59,ev_C,C,7,
20190122162310,2019-01-22 16:23:10,2019-01-22 23:59:59,ev_K,K,1,
20190122162320,2019-01-22 16:23:20,2019-01-22 23:59:59,ev_C,C,19,
20190122162330,2019-01-22 16:23:30,2019-01-22 23:59:59,ev_K,K,5,
20190122162340,2019-01-22 16:23:40,2019-01-22 23:59:59,ev_C,C,8,
20190122162350,2019-01-22 16:23:50,2019-01-22 23:59:59,ev_C,C,2,
20190122162400,2019-01-22 16:24:00,2019-01-22 23:59:59,ev_C,C,5,
20190122162410,2019-01-22 16:24:10,2019-01-22 23:59:59,ev_C,C,20,
20190122162420,2019-01-22 16:24:20,2019-01-22 23:59:59,ev_C,C,9,
20190122162430,2019-01-22 16:24:30,2019-01-22 23:59:59,ev_C,C,1,
20190122162440,2019-01-22 16:24:40,2019-01-22 23:59:59,ev_C,C,4,
20190122162450,2019-01-22 16:24:50,2019-01-22 23:59:59,ev_K,K,3,
20190122162500,2019-01-22 16:25:00,2019-01-22 23:59:59,ev_C,C,3,
20190122162510,2019-01-22 16:25:10,2019-01-22 23:59:59,ev_C,C,6,
20190122162520,2019-01-22 16:25:20,2019-01-22 23:59:59,ev_K,K,4,
20190122162530,2019-01-22 16:25:30,2019-01-22 23:59:59,ev_C,C,7,
20190122162540,2019-01-22 16:25:40,2019-01-22 23:59:59,ev_K,K,2,
20190122162550,2019-01-22 16:25:50,2019-01-22 23:59:59,ev_C,C,8,
20190122162600,2019-01-22 16:26:00,2019-01-22 23:59:59,ev_C,C,17,
20190122162610,2019-01-22 16:26:10,2019-01-22 23:59:59,ev_K,K,5,
20190122162620,2019-01-22 16:26:20,2019-01-22 23:59:59,ev_C,C,10,
20190122162630,2019-01-22 16:26:30,2019-01-22 23:59:59,ev_C,C,12,
20190122162640,2019-01-22 16:26:40,2019-01-22 23:59:59,ev_C,C,19,
20190122162650,2019-01-22 16:26:50,2019-01-22 23:59:59,ev_C,C,17,
20190122162700,2019-01-22 16:27:00,2019-01-22 23:59:59,ev_C,C,19,
20190122162710,2019-01-22 16:27:10,2019-01-22 23:59:59,ev_C,C,10,
20190122162720,2019-01-22 16:27:20,2019-01-22 23:59:59,ev_K,K,2,
20190122162730,2019-01-22 16:27:30,2019-01-22 23:59:59,ev_K,K,1,
20190122162740,2019-01-22 16:27:40,2019-01-22 23:59:59,ev_C,C,12,
20190122162750,2019-01-22 16:27:50,2019-01-22 23:59:59,ev_C,C,20,
20190122162800,2019-01-22 16:28:00,2019-01-22 23:59:59,ev_C,C,10,
20190122162810,2019-01-22 16:28:10,2019-01-22 23:59:59,ev_C,C,5,
20190122162820,2019-01-22 16:28:20,2019-01-22 23:59:59,ev_C,C,20,
20190122162830,2019-01-22 16:28:30,2019-01-22 23:59:59,ev_C,C,4,
20190122162840,2019-01-22 16:28:40,2019-01-22 23:59:59,ev_C,C,20,
20190122162850,2019-01-22 16:28:50,2019-01-22 23:59:59,ev_C,C,8,
20190122162900,2019-01-22 16:29:00,2019-01-22 23:59:59,ev_C,C,9,
20190122162910,2019-01-22 16:29:10,2019-01-22 23:59:59,ev_C,C,14,
20190122162920,2019-01-22 16:29:20,2019-01-22 23:59:59,ev_C,C,2,
20190122162930,2019-01-22 16:29:30,2019-01-22 23:59:59,ev_C,C,18,
20190122162940,2019-01-22 16:29:40,2019-01-22 23:59:59,ev_K,K,1,
20190122162950,2019-01-22 16:29:50,2019-01-22 23:59:59,ev_C,C,15,
20190122163000,2019-01-22 16:30:00,2019-01-22 23:59:59,ev_C,C,1,
20190122163010,2019-01-22 16:30:10,2019-01-22 23:59:59,ev_C,C,8,
20190122163020,2019-01-22 16:30:20,2019-01-22 23:59:59,ev_C,C,16,
20190122163030,2019-01-22 16:30:30,2019-01-22 23:59:59,ev_C,C,13,
20190122163040,2019-01-22 16:30:40,2019-01-22 23:59:59,ev_C,C,15,
20190122163050,2019-01-22 16:30:50,2019-01-22 23:59:59,ev_C,C,19,
20190122163100,2019-01-22 16:31:00,2019-01-22 23:59:59,ev_C,C,15,
20190122163110,2019-01-22 16:31:10,2019-01-22 23:59:59,ev_C,C,9,
20190122163120,2019-01-22 16:31:20,2019-01-22 23:59:59,ev_C,C,3,
20190122163130,2019-01-22 16:31:30,2019-01-22 23:59:59,ev_C,C,19,
20190122163140,2019-01-22 16:31:40,2019-01-22 23:59:59,ev_K,K,4,
20190122163150,2019-01-22 16:31:50,2019-01-22 23:59:59,ev_C,C,14,
20190122163200,2019-01-22 16:32:00,2019-01-22 23:59:59,ev_C,C,6,
20190122163210,2019-01-22 16:32:10,2019-01-22 23:59:59,ev_N,K,5,
20190122163220,2019-01-22 16:32:20,2019-01-22 23:59:59,ev_C,C,12,
20190122163230,2019-01-22 16:32:30,2019-01-22 23:59:59,ev_K,K,1,
20190122163240,2019-01-22 16:32:40,2019-01-22 23:59:59,ev_C,C,19,
20190122163250,2019-01-22 16:32:50,2019-01-22 23:59:59,ev_C,C,6,
20190122163300,2019-01-22 16:33:00,2019-01-22 23:59:59,ev_C,C,16,
20190122163310,2019-01-22 16:33:10,2019-01-22 23:59:59,ev_K,K,2,
20190122163320,2019-01-22 16:33:20,2019-01-22 23:59:59,ev_C,C,1,
20190122163330,2019-01-22 16:33:30,2019-01-22 23:59:59,ev_C,C,4,
20190122163340,2019-01-22 16:33:40,2019-01-22 23:59:59,ev_C,C,17,
20190122163350,2019-01-22 16:33:50,2019-01-22 23:59:59,ev_C,C,18,
20190122163400,2019-01-22 16:34:00,2019-01-22 23:59:59,ev_C,C,8,
20190122163410,2019-01-22 16:34:10,2019-01-22 23:59:59,ev_C,C,14,
20190122163420,2019-01-22 16:34:20,2019-01-22 23:59:59,ev_C,C,7,
20190122163430,2019-01-22 16:34:30,2019-01-22 23:59:59,ev_C,C,17,
20190122163440,2019-01-22 16:34:40,2019-01-22 23:59:59,ev_C,C,4,
20190122163450,2019-01-22 16:34:50,2019-01-22 23:59:59,ev_K,K,1,
20190122163500,2019-01-22 16:35:00,2019-01-22 23:59:59,ev_C,C,8,
20190122163510,2019-01-22 16:35:10,2019-01-22 23:59:59,ev_C,C,8,
20190122163520,2019-01-22 16:35:20,2019-01-22 23:59:59,ev_C,C,4,
20190122163530,2019-01-22 16:35:30,2019-01-22 23:59:59,ev_K,K,2,
20190122163540,2019-01-22 16:35:40,2019-01-22 23:59:59,ev_K,K,3,
20190122163550,2019-01-22 16:35:50,2019-01-22 23:59:59,ev_C,C,13,
20190122163600,2019-01-22 16:36:00,2019-01-22 23:59:59,ev_C,C,20,
20190122163610,2019-01-22 16:36:10,2019-01-22 23:59:59,ev_C,C,3,
20190122163620,2019-01-22 16:36:20,2019-01-22 23:59:59,ev_C,C,16,
20190122163630,2019-01-22 16:36:30,2019-01-22 23:59:59,ev_K,K,4,
20190122163640,2019-01-22 16:36:40,2019-01-22 23:59:59,ev_C,C,7,
20190122163650,2019-01-22 16:36:50,2019-01-22 23:59:59,ev_K,K,2,
20190122163700,2019-01-22 16:37:00,2019-01-22 23:59:59,ev_C,C,12,
20190122163710,2019-01-22 16:37:10,2019-01-22 23:59:59,ev_C,C,10,
20190122163720,2019-01-22 16:37:20,2019-01-22 23:59:59,ev_C,C,8,
20190122163730,2019-01-22 16:37:30,2019-01-22 23:59:59,ev_C,C,19,
20190122163740,2019-01-22 16:37:40,2019-01-22 23:59:59,ev_C,C,15,
20190122163750,2019-01-22 16:37:50,2019-01-22 23:59:59,ev_C,C,20,
20190122163800,2019-01-22 16:38:00,2019-01-22 23:59:59,ev_C,C,1,
20190122163810,2019-01-22 16:38:10,2019-01-22 23:59:59,ev_K,K,2,
20190122163820,2019-01-22 16:38:20,2019-01-22 23:59:59,ev_C,C,20,
20190122163830,2019-01-22 16:38:30,2019-01-22 23:59:59,ev_K,K,5,
20190122163840,2019-01-22 16:38:40,2019-01-22 23:59:59,ev_K,K,5,
20190122163850,2019-01-22 16:38:50,2019-01-22 23:59:59,ev_C,C,18,
20190122163900,2019-01-22 16:39:00,2019-01-22 23:59:59,ev_K,K,1,
20190122163910,2019-01-22 16:39:10,2019-01-22 23:59:59,ev_C,C,15,
20190122163920,2019-01-22 16:39:20,2019-01-22 23:59:59,ev_K,K,3,
20190122163930,2019-01-22 16:39:30,2019-01-22 23:59:59,ev_C,C,2,
20190122163940,2019-01-22 16:39:40,2019-01-22 23:59:59,ev_N,K,4,
20190122163950,2019-01-22 16:39:50,2019-01-22 23:59:59,ev_C,C,12,
20190122164000,2019-01-22 16:40:00,2019-01-22 23:59:59,ev_C,C,14,
20190122164010,2019-01-22 16:40:10,2019-01-22 23:59:59,ev_C,C,15,
20190122164020,2019-01-22 16:40:20,2019-01-22 23:59:59,ev_K,K,3,
20190122164030,2019-01-22 16:40:30,2019-01-22 23:59:59,ev_C,C,16,
20190122164040,2019-01-22 16:40:40,2019-01-22 23:59:59,ev_N,K,1,
20190122164050,2019-01-22 16:40:50,2019-01-22 23:59:59,ev_C,C,16,
20190122164100,2019-01-22 16:41:00,2019-01-22 23:59:59,ev_N,K,1,
20190122164110,2019-01-22 16:41:10,2019-01-22 23:59:59,ev_C,C,2,
20190122164120,2019-01-22 16:41:20,2019-01-22 23:59:59,ev_C,C,14,
20190122164130,2019-01-22 16:41:30,2019-01-22 23:59:59,ev_C,C,6,
20190122164140,2019-01-22 16:41:40,2019-01-22 23:59:59,ev_K,K,4,
20190122164150,2019-01-22 16:41:50,2019-01-22 23:59:59,ev_C,C,7,
20190122164200,2019-01-22 16:42:00,2019-01-22 23:59:59,ev_C,C,16,
20190122164210,2019-01-22 16:42:10,2019-01-22 23:59:59,ev_C,C,10,
20190122164220,2019-01-22 16:42:20,2019-01-22 23:59:59,ev_C,C,17,
20190122164230,2019-01-22 16:42:30,2019-01-22 23:59:59,ev_C,C,3,
20190122164240,2019-01-22 16:42:40,2019-01-22 23:59:59,ev_C,C,12,
20190122164250,2019-01-22 16:42:50,2019-01-22 23:59:59,ev_C,C,16,
20190122164300,2019-01-22 16:43:00,2019-01-22 23:59:59,ev_C,C,19,
20190122164310,2019-01-22 16:43:10,2019-01-22 23:59:59,ev_C,C,8,
20190122164320,2019-01-22 16:43:20,2019-01-22 23:59:59,ev_K,K,2,
20190122164330,2019-01-22 16:43:30,2019-01-22 23:59:59,ev_C,C,16,
20190122164340,2019-01-22 16:43:40,2019-01-22 23:59:59,ev_C,C,19,
20190122164350,2019-01-22 16:43:50,2019-01-22 23:59:59,ev_C,C,17,
20190122164400,2019-01-22 16:44:00,2019-01-22 23:59:59,ev_K,K,2,
20190122164410,2019-01-22 16:44:10,2019-01-22 23:59:59,ev_C,C,1,
20190122164420,2019-01-22 16:44:20,2019-01-22 23:59:59,ev_C,C,18,
20190122164430,2019-01-22 16:44:30,2019-01-22 23:59:59,ev_C,C,14,
20190122164440,2019-01-22 16:44:40,2019-01-22 23:59:59,ev_K,K,2,
20190122164450,2019-01-22 16:44:50,2019-01-22 23:59:59,ev_C,C,19,
20190122164500,2019-01-22 16:45:00,2019-01-22 23:59:59,ev_C,C,18,
20190122164510,2019-01-22 16:45:10,2019-01-22 23:59:59,ev_C,C,8,
20190122164520,2019-01-22 16:45:20,2019-01-22 23:59:59,ev_C,C,2,
20190122164530,2019-01-22 16:45:30,2019-01-22 23:59:59,ev_C,C,11,
20190122164540,2019-01-22 16:45:40,2019-01-22 23:59:59,ev_C,C,14,
20190122164550,2019-01-22 16:45:50,2019-01-22 23:59:59,ev_K,K,2,
20190122164600,2019-01-22 16:46:00,2019-01-22 23:59:59,ev_C,C,17,
20190122164610,2019-01-22 16:46:10,2019-01-22 23:59:59,ev_C,C,18,
20190122164620,2019-01-22 16:46:20,2019-01-22 23:59:59,ev_C,C,17,
20190122164630,2019-01-22 16:46:30,2019-01-22 23:59:59,ev_K,K,2,
20190122164640,2019-01-22 16:46:40,2019-01-22 23:59:59,ev_N,K,5,
20190122164650,2019-01-22 16:46:50,2019-01-22 23:59:59,ev_C,C,16,
20190122164700,2019-01-22 16:47:00,2019-01-22 23:59:59,ev_K,K,1,
20190122164710,2019-01-22 16:47:10,2019-01-22 23:59:59,ev_C,C,3,
20190122164720,2019-01-22 16:47:20,2019-01-22 23:59:59,ev_C,C,19,
20190122164730,2019-01-22 16:47:30,2019-01-22 23:59:59,ev_K,K,3,
20190122164740,2019-01-22 16:47:40,2019-01-22 23:59:59,ev_K,K,4,
20190122164750,2019-01-22 16:47:50,2019-01-22 23:59:59,ev_C,C,12,
20190122164800,2019-01-22 16:48:00,2019-01-22 23:59:59,ev_K,K,3,
20190122164810,2019-01-22 16:48:10,2019-01-22 23:59:59,ev_C,C,9,
20190122164820,2019-01-22 16:48:20,2019-01-22 23:59:59,ev_C,C,19,
20190122164830,2019-01-22 16:48:30,2019-01-22 23:59:59,ev_K,K,4,
20190122164840,2019-01-22 16:48:40,2019-01-22 23:59:59,ev_K,K,3,
20190122164850,2019-01-22 16:48:50,2019-01-22 23:59:59,ev_C,C,13,
20190122164900,2019-01-22 16:49:00,2019-01-22 23:59:59,ev_C,C,20,
20190122164910,2019-01-22 16:49:10,2019-01-22 23:59:59,ev_N,K,3,
20190122164920,2019-01-22 16:49:20,2019-01-22 23:59:59,ev_C,C,13,
20190122164930,2019-01-22 16:49:30,2019-01-22 23:59:59,ev_C,C,6,
20190122164940,2019-01-22 16:49:40,2019-01-22 23:59:59,ev_K,K,4,
20190122164950,2019-01-22 16:49:50,2019-01-22 23:59:59,ev_C,C,11,
20190122165000,2019-01-22 16:50:00,2019-01-22 23:59:59,ev_C,C,15,
20190122165010,2019-01-22 16:50:10,2019-01-22 23:59:59,ev_C,C,17,
20190122165020,2019-01-22 16:50:20,2019-01-22 23:59:59,ev_C,C,5,
20190122165030,2019-01-22 16:50:30,2019-01-22 23:59:59,ev_C,C,20,
20190122165040,2019-01-22 16:50:40,2019-01-22 23:59:59,ev_C,C,6,
20190122165050,2019-01-22 16:50:50,2019-01-22 23:59:59,ev_C,C,10,
20190122165100,2019-01-22 16:51:00,2019-01-22 23:59:59,ev_C,C,4,
20190122165110,2019-01-22 16:51:10,2019-01-22 23:59:59,ev_C,C,1,
20190122165120,2019-01-22 16:51:20,2019-01-22 23:59:59,ev_C,C,20,
20190122165130,2019-01-22 16:51:30,2019-01-22 23:59:59,ev_C,C,8,
20190122165140,2019-01-22 16:51:40,2019-01-22 23:59:59,ev_C,C,7,
20190122165150,2019-01-22 16:51:50,2019-01-22 23:59:59,ev_K,K,3,
20190122165200,2019-01-22 16:52:00,2019-01-22 23:59:59,ev_C,C,9,
20190122165210,2019-01-22 16:52:10,2019-01-22 23:59:59,ev_K,K,5,
20190122165220,2019-01-22 16:52:20,2019-01-22 23:59:59,ev_C,C,14,
20190122165230,2019-01-22 16:52:30,2019-01-22 23:59:59,ev_C,C,20,
20190122165240,2019-01-22 16:52:40,2019-01-22 23:59:59,ev_C,C,11,
20190122165250,2019-01-22 16:52:50,2019-01-22 23:59:59,ev_C,C,1,
20190122165300,2019-01-22 16:53:00,2019-01-22 23:59:59,ev_C,C,3,
20190122165310,2019-01-22 16:53:10,2019-01-22 23:59:59,ev_C,C,2,
20190122165320,2019-01-22 16:53:20,2019-01-22 23:59:59,ev_C,C,6,
20190122165330,2019-01-22 16:53:30,2019-01-22 23:59:59,ev_C,C,8,
20190122165340,2019-01-22 16:53:40,2019-01-22 23:59:59,ev_C,C,13,
20190122165350,2019-01-22 16:53:50,2019-01-22 23:59:59,ev_C,C,4,
20190122165400,2019-01-22 16:54:00,2019-01-22 23:59:59,ev_C,C,15,
20190122165410,2019-01-22 16:54:10,2019-01-22 23:59:59,ev_C,C,6,
20190122165420,2019-01-22 16:54:20,2019-01-22 23:59:59,ev_K,K,2,
20190122165430,2019-01-22 16:54:30,2019-01-22 23:59:59,ev_C,C,8,
20190122165440,2019-01-22 16:54:40,2019-01-22 23:59:59,ev_K,K,2,
20190122165450,2019-01-22 16:54:50,2019-01-22 23:59:59,ev_C,C,7,
20190122165500,2019-01-22 16:55:00,2019-01-22 23:59:59,ev_K,K,3,
20190122165510,2019-01-22 16:55:10,2019-01-22 23:59:59,ev_N,K,4,
20190122165520,2019-01-22 16:55:20,2019-01-22 23:59:59,ev_C,C,15,
20190122165530,2019-01-22 16:55:30,2019-01-22 23:59:59,ev_N,K,2,
20190122165540,2019-01-22 16:55:40,2019-01-22 23:59:59,ev_C,C,15,
20190122165550,2019-01-22 16:55:50,2019-01-22 23:59:59,ev_C,C,3,
20190122165600,2019-01-22 16:56:00,2019-01-22 23:59:59,ev_C,C,4,
20190122165610,2019-01-22 16:56:10,2019-01-22 23:59:59,ev_K,K,4,
20190122165620,2019-01-22 16:56:20,2019-01-22 23:59:59,ev_C,C,2,
20190122165630,2019-01-22 16:56:30,2019-01-22 23:59:59,ev_C,C,17,
20190122165640,2019-01-22 16:56:40,2019-01-22 23:59:59,ev_C,C,10,
20190122165650,2019-01-22 16:56:50,2019-01-22 23:59:59,ev_C,C,10,
20190122165700,2019-01-22 16:57:00,2019-01-22 23:59:59,ev_C,C,9,
20190122165710,2019-01-22 16:57:10,2019-01-22 23:59:59,ev_C,C,4,
20190122165720,2019-01-22 16:57:20,2019-01-22 23:59:59,ev_C,C,1,
20190122165730,2019-01-22 16:57:30,2019-01-22 23:59:59,ev_C,C,12,
20190122165740,2019-01-22 16:57:40,2019-01-22 23:59:59,ev_C,C,20,
20190122165750,2019-01-22 16:57:50,2019-01-22 23:59:59,ev_C,C,14,
20190122165800,2019-01-22 16:58:00,2019-01-22 23:59:59,ev_C,C,11,
20190122165810,2019-01-22 16:58:10,2019-01-22 23:59:59,ev_C,C,1,
20190122165820,2019-01-22 16:58:20,2019-01-22 23:59:59,ev_C,C,18,
20190122165830,2019-01-22 16:58:30,2019-01-22 23:59:59,ev_C,C,4,
20190122165840,2019-01-22 16:58:40,2019-01-22 23:59:59,ev_C,C,2,
20190122165850,2019-01-22 16:58:50,2019-01-22 23:59:59,ev_N,K,5,
20190122165900,2019-01-22 16:59:00,2019-01-22 23:59:59,ev_C,C,10,
20190122165910,2019-01-22 16:59:10,2019-01-22 23:59:59,ev_C,C,13,
20190122165920,2019-01-22 16:59:20,2019-01-22 23:59:59,ev_C,C,2,
20190122165930,2019-01-22 16:59:30,2019-01-22 23:59:59,ev_N,K,2,
20190122165940,2019-01-22 16:59:40,2019-01-22 23:59:59,ev_K,K,2,
20190122165950,2019-01-22 16:59:50,2019-01-22 23:59:59,ev_C,C,3,
20190122170000,2019-01-22 17:00:00,2019-01-22 23:59:59,ev_K,K,1,
20190122170010,2019-01-22 17:00:10,2019-01-22 23:59:59,ev_C,C,20,
20190122170020,2019-01-22 17:00:20,2019-01-22 23:59:59,ev_K,K,4,
20190122170030,2019-01-22 17:00:30,2019-01-22 23:59:59,ev_C,C,12,
20190122170040,2019-01-22 17:00:40,2019-01-22 23:59:59,ev_N,K,4,
20190122170050,2019-01-22 17:00:50,2019-01-22 23:59:59,ev_N,K,3,
20190122170100,2019-01-22 17:01:00,2019-01-22 23:59:59,ev_C,C,19,
20190122170110,2019-01-22 17:01:10,2019-01-22 23:59:59,ev_K,K,3,
20190122170120,2019-01-22 17:01:20,2019-01-22 23:59:59,ev_C,C,12,
20190122170130,2019-01-22 17:01:30,2019-01-22 23:59:59,ev_K,K,1,
20190122170140,2019-01-22 17:01:40,2019-01-22 23:59:59,ev_C,C,20,
20190122170150,2019-01-22 17:01:50,2019-01-22 23:59:59,ev_N,K,4,
20190122170200,2019-01-22 17:02:00,2019-01-22 23:59:59,ev_C,C,14,
20190122170210,2019-01-22 17:02:10,2019-01-22 23:59:59,ev_C,C,17,
20190122170220,2019-01-22 17:02:20,2019-01-22 23:59:59,ev_C,C,19,
20190122170230,2019-01-22 17:02:30,2019-01-22 23:59:59,ev_K,K,4,
20190122170240,2019-01-22 17:02:40,2019-01-22 23:59:59,ev_C,C,7,
20190122170250,2019-01-22 17:02:50,2019-01-22 23:59:59,ev_N,K,5,
20190122170300,2019-01-22 17:03:00,2019-01-22 23:59:59,ev_C,C,6,
20190122170310,2019-01-22 17:03:10,2019-01-22 23:59:59,ev_C,C,13,
20190122170320,2019-01-22 17:03:20,2019-01-22 23:59:59,ev_N,K,5,
20190122170330,2019-01-22 17:03:30,2019-01-22 23:59:59,ev_C,C,8,
20190122170340,2019-01-22 17:03:40,2019-01-22 23:59:59,ev_N,K,4,
20190122170350,2019-01-22 17:03:50,2019-01-22 23:59:59,ev_C,C,3,
20190122170400,2019-01-22 17:04:00,2019-01-22 23:59:59,ev_C,C,11,
20190122170410,2019-01-22 17:04:10,2019-01-22 23:59:59,ev_C,C,13,
20190122170420,2019-01-22 17:04:20,2019-01-22 23:59:59,ev_C,C,11,
20190122170430,2019-01-22 17:04:30,2019-01-22 23:59:59,ev_K,K,2,
20190122170440,2019-01-22 17:04:40,2019-01-22 23:59:59,ev_C,C,16,
20190122170450,2019-01-22 17:04:50,2019-01-22 23:59:59,ev_C,C,6,
20190122170500,2019-01-22 17:05:00,2019-01-22 23:59:59,ev_K,K,4,
20190122170510,2019-01-22 17:05:10,2019-01-22 23:59:59,ev_C,C,15,
20190122170520,2019-01-22 17:05:20,2019-01-22 23:59:59,ev_C,C,1,
20190122170530,2019-01-22 17:05:30,2019-01-22 23:59:59,ev_C,C,2,
20190122170540,2019-01-22 17:05:40,2019-01-22 23:59:59,ev_K,K,3,
20190122170550,2019-01-22 17:05:50,2019-01-22 23:59:59,ev_C,C,18,
20190122170600,2019-01-22 17:06:00,2019-01-22 23:59:59,ev_C,C,9,
20190122170610,2019-01-22 17:06:10,2019-01-22 23:59:59,ev_C,C,18,
20190122170620,2019-01-22 17:06:20,2019-01-22 23:59:59,ev_C,C,5,
20190122170630,2019-01-22 17:06:30,2019-01-22 23:59:59,ev_C,C,14,
20190122170640,2019-01-22 17:06:40,2019-01-22 23:59:59,ev_C,C,17,
20190122170650,2019-01-22 17:06:50,2019-01-22 23:59:59,ev_C,C,11,
20190122170700,2019-01-22 17:07:00,2019-01-22 23:59:59,ev_C,C,8,
20190122170710,2019-01-22 17:07:10,2019-01-22 23:59:59,ev_K,K,2,
20190122170720,2019-01-22 17:07:20,2019-01-22 23:59:59,ev_N,K,4,
20190122170730,2019-01-22 17:07:30,2019-01-22 23:59:59,ev_C,C,2,
20190122170740,2019-01-22 17:07:40,2019-01-22 23:59:59,ev_C,C,16,
20190122170750,2019-01-22 17:07:50,2019-01-22 23:59:59,ev_C,C,8,
20190122170800,2019-01-22 17:08:00,2019-01-22 23:59:59,ev_C,C,2,
20190122170810,2019-01-22 17:08:10,2019-01-22 23:59:59,ev_C,C,12,
20190122170820,2019-01-22 17:08:20,2019-01-22 23:59:59,ev_C,C,16,
20190122170830,2019-01-22 17:08:30,2019-01-22 23:59:59,ev_C,C,18,
20190122170840,2019-01-22 17:08:40,2019-01-22 23:59:59,ev_K,K,1,
20190122170850,2019-01-22 17:08:50,2019-01-22 23:59:59,ev_C,C,11,
20190122170900,2019-01-22 17:09:00,2019-01-22 23:59:59,ev_N,K,4,
20190122170910,2019-01-22 17:09:10,2019-01-22 23:59:59,ev_C,C,12,
20190122170920,2019-01-22 17:09:20,2019-01-22 23:59:59,ev_K,K,1,
20190122170930,2019-01-22 17:09:30,2019-01-22 23:59:59,ev_C,C,20,
20190122170940,2019-01-22 17:09:40,2019-01-22 23:59:59,ev_K,K,3,
20190122170950,2019-01-22 17:09:50,2019-01-22 23:59:59,ev_C,C,15,
20190122171000,2019-01-22 17:10:00,2019-01-22 23:59:59,ev_C,C,4,
20190122171010,2019-01-22 17:10:10,2019-01-22 23:59:59,ev_C,C,5,
20190122171020,2019-01-22 17:10:20,2019-01-22 23:59:59,ev_C,C,19,
20190122171030,2019-01-22 17:10:30,2019-01-22 23:59:59,ev_C,C,1,
20190122171040,2019-01-22 17:10:40,2019-01-22 23:59:59,ev_C,C,14,
20190122171050,2019-01-22 17:10:50,2019-01-22 23:59:59,ev_C,C,13,
20190122171100,2019-01-22 17:11:00,2019-01-22 23:59:59,ev_C,C,16,
20190122171110,2019-01-22 17:11:10,2019-01-22 23:59:59,ev_C,C,2,
20190122171120,2019-01-22 17:11:20,2019-01-22 23:59:59,ev_C,C,8,
20190122171130,2019-01-22 17:11:30,2019-01-22 23:59:59,ev_N,K,4,
20190122171140,2019-01-22 17:11:40,2019-01-22 23:59:59,ev_C,C,16,
20190122171150,2019-01-22 17:11:50,2019-01-22 23:59:59,ev_N,K,4,
20190122171200,2019-01-22 17:12:00,2019-01-22 23:59:59,ev_C,C,20,
20190122171210,2019-01-22 17:12:10,2019-01-22 23:59:59,ev_K,K,4,
20190122171220,2019-01-22 17:12:20,2019-01-22 23:59:59,ev_C,C,9,
20190122171230,2019-01-22 17:12:30,2019-01-22 23:59:59,ev_C,C,10,
20190122171240,2019-01-22 17:12:40,2019-01-22 23:59:59,ev_K,K,5,
20190122171250,2019-01-22 17:12:50,2019-01-22 23:59:59,ev_K,K,1,
20190122171300,2019-01-22 17:13:00,2019-01-22 23:59:59,ev_C,C,9,
20190122171310,2019-01-22 17:13:10,2019-01-22 23:59:59,ev_N,K,5,
20190122171320,2019-01-22 17:13:20,2019-01-22 23:59:59,ev_C,C,17,
20190122171330,2019-01-22 17:13:30,2019-01-22 23:59:59,ev_C,C,5,
20190122171340,2019-01-22 17:13:40,2019-01-22 23:59:59,ev_K,K,5,
20190122171350,2019-01-22 17:13:50,2019-01-22 23:59:59,ev_C,C,16,
20190122171400,2019-01-22 17:14:00,2019-01-22 23:59:59,ev_C,C,10,
20190122171410,2019-01-22 17:14:10,2019-01-22 23:59:59,ev_C,C,18,
20190122171420,2019-01-22 17:14:20,2019-01-22 23:59:59,ev_C,C,6,
20190122171430,2019-01-22 17:14:30,2019-01-22 23:59:59,ev_K,K,4,
20190122171440,2019-01-22 17:14:40,2019-01-22 23:59:59,ev_C,C,7,
20190122171450,2019-01-22 17:14:50,2019-01-22 23:59:59,ev_C,C,20,
20190122171500,2019-01-22 17:15:00,2019-01-22 23:59:59,ev_N,K,1,
20190122171510,2019-01-22 17:15:10,2019-01-22 23:59:59,ev_C,C,3,
20190122171520,2019-01-22 17:15:20,2019-01-22 23:59:59,ev_C,C,1,
20190122171530,2019-01-22 17:15:30,2019-01-22 23:59:59,ev_C,C,6,
20190122171540,2019-01-22 17:15:40,2019-01-22 23:59:59,ev_C,C,12,
20190122171550,2019-01-22 17:15:50,2019-01-22 23:59:59,ev_C,C,8,
20190122171600,2019-01-22 17:16:00,2019-01-22 23:59:59,ev_C,C,1,
20190122171610,2019-01-22 17:16:10,2019-01-22 23:59:59,ev_C,C,8,
20190122171620,2019-01-22 17:16:20,2019-01-22 23:59:59,ev_K,K,5,
20190122171630,2019-01-22 17:16:30,2019-01-22 23:59:59,ev_C,C,19,
20190122171640,2019-01-22 17:16:40,2019-01-22 23:59:59,ev_C,C,7,
20190122171650,2019-01-22 17:16:50,2019-01-22 23:59:59,ev_C,C,8,
20190122171700,2019-01-22 17:17:00,2019-01-22 23:59:59,ev_C,C,16,
20190122171710,2019-01-22 17:17:10,2019-01-22 23:59:59,ev_C,C,14,
20190122171720,2019-01-22 17:17:20,2019-01-22 23:59:59,ev_C,C,8,
20190122171730,2019-01-22 17:17:30,2019-01-22 23:59:59,ev_K,K,3,
20190122171740,2019-01-22 17:17:40,2019-01-22 23:59:59,ev_C,C,7,
20190122171750,2019-01-22 17:17:50,2019-01-22 23:59:59,ev_C,C,6,
20190122171800,2019-01-22 17:18:00,2019-01-22 23:59:59,ev_C,C,1,
20190122171810,2019-01-22 17:18:10,2019-01-22 23:59:59,ev_C,C,4,
20190122171820,2019-01-22 17:18:20,2019-01-22 23:59:59,ev_C,C,7,
20190122171830,2019-01-22 17:18:30,2019-01-22 23:59:59,ev_C,C,8,
20190122171840,2019-01-22 17:18:40,2019-01-22 23:59:59,ev_C,C,14,
20190122171850,2019-01-22 17:18:50,2019-01-22 23:59:59,ev_C,C,9,
20190122171900,2019-01-22 17:19:00,2019-01-22 23:59:59,ev_C,C,5,
20190122171910,2019-01-22 17:19:10,2019-01-22 23:59:59,ev_C,C,9,
20190122171920,2019-01-22 17:19:20,2019-01-22 23:59:59,ev_C,C,15,
20190122171930,2019-01-22 17:19:30,2019-01-22 23:59:59,ev_K,K,3,
20190122171940,2019-01-22 17:19:40,2019-01-22 23:59:59,ev_C,C,13,
20190122171950,2019-01-22 17:19:50,2019-01-22 23:59:59,ev_K,K,3,
20190122172000,2019-01-22 17:20:00,2019-01-22 23:59:59,ev_C,C,18,
20190122172010,2019-01-22 17:20:10,2019-01-22 23:59:59,ev_C,C,9,
20190122172020,2019-01-22 17:20:20,2019-01-22 23:59:59,ev_K,K,5,
20190122172030,2019-01-22 17:20:30,2019-01-22 23:59:59,ev_K,K,4,
20190122172040,2019-01-22 17:20:40,2019-01-22 23:59:59,ev_C,C,1,
20190122172050,2019-01-22 17:20:50,2019-01-22 23:59:59,ev_C,C,4,
20190122172100,2019-01-22 17:21:00,2019-01-22 23:59:59,ev_K,K,5,
20190122172110,2019-01-22 17:21:10,2019-01-22 23:59:59,ev_C,C,9,
20190122172120,2019-01-22 17:21:20,2019-01-22 23:59:59,ev_N,K,1,
20190122172130,2019-01-22 17:21:30,2019-01-22 23:59:59,ev_C,C,2,
20190122172140,2019-01-22 17:21:40,2019-01-22 23:59:59,ev_K,K,2,
20190122172150,2019-01-22 17:21:50,2019-01-22 23:59:59,ev_K,K,5,
20190122172200,2019-01-22 17:22:00,2019-01-22 23:59:59,ev_K,K,2,
20190122172210,2019-01-22 17:22:10,2019-01-22 23:59:59,ev_C,C,8,
20190122172220,2019-01-22 17:22:20,2019-01-22 23:59:59,ev_C,C,1,
20190122172230,2019-01-22 17:22:30,2019-01-22 23:59:59,ev_K,K,4,
20190122172240,2019-01-22 17:22:40,2019-01-22 23:59:59,ev_C,C,19,
20190122172250,2019-01-22 17:22:50,2019-01-22 23:59:59,ev_C,C,17,
20190122172300,2019-01-22 17:23:00,2019-01-22 23:59:59,ev_C,C,9,
20190122172310,2019-01-22 17:23:10,2019-01-22 23:59:59,ev_C,C,2,
20190122172320,2019-01-22 17:23:20,2019-01-22 23:59:59,ev_C,C,18,
20190122172330,2019-01-22 17:23:30,2019-01-22 23:59:59,ev_N,K,1,
20190122172340,2019-01-22 17:23:40,2019-01-22 23:59:59,ev_C,C,12,
20190122172350,2019-01-22 17:23:50,2019-01-22 23:59:59,ev_N,K,5,
20190122172400,2019-01-22 17:24:00,2019-01-22 23:59:59,ev_C,C,8,
20190122172410,2019-01-22 17:24:10,2019-01-22 23:59:59,ev_C,C,16,
20190122172420,2019-01-22 17:24:20,2019-01-22 23:59:59,ev_C,C,2,
20190122172430,2019-01-22 17:24:30,2019-01-22 23:59:59,ev_C,C,7,
20190122172440,2019-01-22 17:24:40,2019-01-22 23:59:59,ev_C,C,15,
20190122172450,2019-01-22 17:24:50,2019-01-22 23:59:59,ev_C,C,15,
20190122172500,2019-01-22 17:25:00,2019-01-22 23:59:59,ev_K,K,5,
20190122172510,2019-01-22 17:25:10,2019-01-22 23:59:59,ev_C,C,19,
20190122172520,2019-01-22 17:25:20,2019-01-22 23:59:59,ev_C,C,8,
20190122172530,2019-01-22 17:25:30,2019-01-22 23:59:59,ev_C,C,10,
20190122172540,2019-01-22 17:25:40,2019-01-22 23:59:59,ev_C,C,14,
20190122172550,2019-01-22 17:25:50,2019-01-22 23:59:59,ev_C,C,12,
20190122172600,2019-01-22 17:26:00,2019-01-22 23:59:59,ev_C,C,2,
20190122172610,2019-01-22 17:26:10,2019-01-22 23:59:59,ev_C,C,2,
20190122172620,2019-01-22 17:26:20,2019-01-22 23:59:59,ev_K,K,1,
20190122172630,2019-01-22 17:26:30,2019-01-22 23:59:59,ev_N,K,5,
20190122172640,2019-01-22 17:26:40,2019-01-22 23:59:59,ev_C,C,3,
20190122172650,2019-01-22 17:26:50,2019-01-22 23:59:59,ev_C,C,20,
20190122172700,2019-01-22 17:27:00,2019-01-22 23:59:59,ev_C,C,14,
20190122172710,2019-01-22 17:27:10,2019-01-22 23:59:59,ev_C,C,11,
20190122172720,2019-01-22 17:27:20,2019-01-22 23:59:59,ev_C,C,2,
20190122172730,2019-01-22 17:27:30,2019-01-22 23:59:59,ev_K,K,1,
20190122172740,2019-01-22 17:27:40,2019-01-22 23:59:59,ev_C,C,16,
20190122172750,2019-01-22 17:27:50,2019-01-22 23:59:59,ev_C,C,2,
20190122172800,2019-01-22 17:28:00,2019-01-22 23:59:59,ev_K,K,3,
20190122172810,2019-01-22 17:28:10,2019-01-22 23:59:59,ev_C,C,3,
20190122172820,2019-01-22 17:28:20,2019-01-22 23:59:59,ev_K,K,4,
20190122172830,2019-01-22 17:28:30,2019-01-22 23:59:59,ev_N,K,2,
20190122172840,2019-01-22 17:28:40,2019-01-22 23:59:59,ev_C,C,9,
20190122172850,2019-01-22 17:28:50,2019-01-22 23:59:59,ev_C,C,15,
20190122172900,2019-01-22 17:29:00,2019-01-22 23:59:59,ev_C,C,8,
20190122172910,2019-01-22 17:29:10,2019-01-22 23:59:59,ev_C,C,14,
20190122172920,2019-01-22 17:29:20,2019-01-22 23:59:59,ev_C,C,12,
20190122172930,2019-01-22 17:29:30,2019-01-22 23:59:59,ev_C,C,18,
20190122172940,2019-01-22 17:29:40,2019-01-22 23:59:59,ev_C,C,20,
20190122172950,2019-01-22 17:29:50,2019-01-22 23:59:59,ev_K,K,3,
20190122173000,2019-01-22 17:30:00,2019-01-22 23:59:59,ev_C,C,10,
20190122173010,2019-01-22 17:30:10,2019-01-22 23:59:59,ev_K,K,2,
20190122173020,2019-01-22 17:30:20,2019-01-22 23:59:59,ev_C,C,16,
20190122173030,2019-01-22 17:30:30,2019-01-22 23:59:59,ev_K,K,5,
20190122173040,2019-01-22 17:30:40,2019-01-22 23:59:59,ev_C,C,16,
20190122173050,2019-01-22 17:30:50,2019-01-22 23:59:59,ev_N,K,2,
20190122173100,2019-01-22 17:31:00,2019-01-22 23:59:59,ev_C,C,8,
20190122173110,2019-01-22 17:31:10,2019-01-22 23:59:59,ev_C,C,7,
20190122173120,2019-01-22 17:31:20,2019-01-22 23:59:59,ev_C,C,20,
20190122173130,2019-01-22 17:31:30,2019-01-22 23:59:59,ev_C,C,2,
20190122173140,2019-01-22 17:31:40,2019-01-22 23:59:59,ev_C,C,20,
20190122173150,2019-01-22 17:31:50,2019-01-22 23:59:59,ev_C,C,7,
20190122173200,2019-01-22 17:32:00,2019-01-22 23:59:59,ev_K,K,5,
20190122173210,2019-01-22 17:32:10,2019-01-22 23:59:59,ev_K,K,4,
20190122173220,2019-01-22 17:32:20,2019-01-22 23:59:59,ev_C,C,11,
20190122173230,2019-01-22 17:32:30,2019-01-22 23:59:59,ev_N,K,3,
20190122173240,2019-01-22 17:32:40,2019-01-22 23:59:59,ev_C,C,19,
20190122173250,2019-01-22 17:32:50,2019-01-22 23:59:59,ev_C,C,19,
20190122173300,2019-01-22 17:33:00,2019-01-22 23:59:59,ev_C,C,18,
20190122173310,2019-01-22 17:33:10,2019-01-22 23:59:59,ev_C,C,15,
20190122173320,2019-01-22 17:33:20,2019-01-22 23:59:59,ev_C,C,11,
20190122173330,2019-01-22 17:33:30,2019-01-22 23:59:59,ev_C,C,19,
20190122173340,2019-01-22 17:33:40,2019-01-22 23:59:59,ev_K,K,3,
20190122173350,2019-01-22 17:33:50,2019-01-22 23:59:59,ev_K,K,1,
20190122173400,2019-01-22 17:34:00,2019-01-22 23:59:59,ev_C,C,8,
20190122173410,2019-01-22 17:34:10,2019-01-22 23:59:59,ev_C,C,9,
20190122173420,2019-01-22 17:34:20,2019-01-22 23:59:59,ev_K,K,5,
20190122173430,2019-01-22 17:34:30,2019-01-22 23:59:59,ev_C,C,6,
20190122173440,2019-01-22 17:34:40,2019-01-22 23:59:59,ev_C,C,18,
20190122173450,2019-01-22 17:34:50,2019-01-22 23:59:59,ev_C,C,15,
20190122173500,2019-01-22 17:35:00,2019-01-22 23:59:59,ev_C,C,11,
20190122173510,2019-01-22 17:35:10,2019-01-22 23:59:59,ev_K,K,3,
20190122173520,2019-01-22 17:35:20,2019-01-22 23:59:59,ev_C,C,14,
20190122173530,2019-01-22 17:35:30,2019-01-22 23:59:59,ev_C,C,5,
20190122173540,2019-01-22 17:35:40,2019-01-22 23:59:59,ev_C,C,19,
20190122173550,2019-01-22 17:35:50,2019-01-22 23:59:59,ev_C,C,10,
20190122173600,2019-01-22 17:36:00,2019-01-22 23:59:59,ev_N,K,5,
20190122173610,2019-01-22 17:36:10,2019-01-22 23:59:59,ev_C,C,15,
20190122173620,2019-01-22 17:36:20,2019-01-22 23:59:59,ev_K,K,3,
20190122173630,2019-01-22 17:36:30,2019-01-22 23:59:59,ev_K,K,4,
20190122173640,2019-01-22 17:36:40,2019-01-22 23:59:59,ev_C,C,18,
20190122173650,2019-01-22 17:36:50,2019-01-22 23:59:59,ev_C,C,8,
20190122173700,2019-01-22 17:37:00,2019-01-22 23:59:59,ev_C,C,3,
20190122173710,2019-01-22 17:37:10,2019-01-22 23:59:59,ev_C,C,18,
20190122173720,2019-01-22 17:37:20,2019-01-22 23:59:59,ev_C,C,20,
20190122173730,2019-01-22 17:37:30,2019-01-22 23:59:59,ev_C,C,8,
20190122173740,2019-01-22 17:37:40,2019-01-22 23:59:59,ev_K,K,5,
20190122173750,2019-01-22 17:37:50,2019-01-22 23:59:59,ev_C,C,20,
20190122173800,2019-01-22 17:38:00,2019-01-22 23:59:59,ev_C,C,20,
20190122173810,2019-01-22 17:38:10,2019-01-22 23:59:59,ev_C,C,5,
20190122173820,2019-01-22 17:38:20,2019-01-22 23:59:59,ev_C,C,8,
20190122173830,2019-01-22 17:38:30,2019-01-22 23:59:59,ev_C,C,13,
20190122173840,2019-01-22 17:38:40,2019-01-22 23:59:59,ev_C,C,17,
20190122173850,2019-01-22 17:38:50,2019-01-22 23:59:59,ev_K,K,4,
20190122173900,2019-01-22 17:39:00,2019-01-22 23:59:59,ev_C,C,20,
20190122173910,2019-01-22 17:39:10,2019-01-22 23:59:59,ev_C,C,2,
20190122173920,2019-01-22 17:39:20,2019-01-22 23:59:59,ev_C,C,2,
20190122173930,2019-01-22 17:39:30,2019-01-22 23:59:59,ev_N,K,1,
20190122173940,2019-01-22 17:39:40,2019-01-22 23:59:59,ev_C,C,1,
20190122173950,2019-01-22 17:39:50,2019-01-22 23:59:59,ev_C,C,8,
20190122174000,2019-01-22 17:40:00,2019-01-22 23:59:59,ev_C,C,18,
20190122174010,2019-01-22 17:40:10,2019-01-22 23:59:59,ev_C,C,10,
20190122174020,2019-01-22 17:40:20,2019-01-22 23:59:59,ev_N,K,1,
20190122174030,2019-01-22 17:40:30,2019-01-22 23:59:59,ev_N,K,4,
20190122174040,2019-01-22 17:40:40,2019-01-22 23:59:59,ev_C,C,3,
20190122174050,2019-01-22 17:40:50,2019-01-22 23:59:59,ev_C,C,3,
20190122174100,2019-01-22 17:41:00,2019-01-22 23:59:59,ev_C,C,13,
20190122174110,2019-01-22 17:41:10,2019-01-22 23:59:59,ev_C,C,18,
20190122174120,2019-01-22 17:41:20,2019-01-22 23:59:59,ev_C,C,4,
20190122174130,2019-01-22 17:41:30,2019-01-22 23:59:59,ev_N,K,3,
20190122174140,2019-01-22 17:41:40,2019-01-22 23:59:59,ev_C,C,16,
20190122174150,2019-01-22 17:41:50,2019-01-22 23:59:59,ev_C,C,1,
20190122174200,2019-01-22 17:42:00,2019-01-22 23:59:59,ev_C,C,4,
20190122174210,2019-01-22 17:42:10,2019-01-22 23:59:59,ev_K,K,1,
20190122174220,2019-01-22 17:42:20,2019-01-22 23:59:59,ev_K,K,1,
20190122174230,2019-01-22 17:42:30,2019-01-22 23:59:59,ev_N,K,4,
20190122174240,2019-01-22 17:42:40,2019-01-22 23:59:59,ev_K,K,1,
20190122174250,2019-01-22 17:42:50,2019-01-22 23:59:59,ev_K,K,4,
20190122174300,2019-01-22 17:43:00,2019-01-22 23:59:59,ev_C,C,12,
20190122174310,2019-01-22 17:43:10,2019-01-22 23:59:59,ev_C,C,9,
20190122174320,2019-01-22 17:43:20,2019-01-22 23:59:59,ev_N,K,5,
20190122174330,2019-01-22 17:43:30,2019-01-22 23:59:59,ev_K,K,1,
20190122174340,2019-01-22 17:43:40,2019-01-22 23:59:59,ev_C,C,17,
20190122174350,2019-01-22 17:43:50,2019-01-22 23:59:59,ev_C,C,8,
20190122174400,2019-01-22 17:44:00,2019-01-22 23:59:59,ev_C,C,1,
20190122174410,2019-01-22 17:44:10,2019-01-22 23:59:59,ev_C,C,18,
20190122174420,2019-01-22 17:44:20,2019-01-22 23:59:59,ev_N,K,3,
20190122174430,2019-01-22 17:44:30,2019-01-22 23:59:59,ev_K,K,2,
20190122174440,2019-01-22 17:44:40,2019-01-22 23:59:59,ev_C,C,7,
20190122174450,2019-01-22 17:44:50,2019-01-22 23:59:59,ev_K,K,2,
20190122174500,2019-01-22 17:45:00,2019-01-22 23:59:59,ev_C,C,11,
20190122174510,2019-01-22 17:45:10,2019-01-22 23:59:59,ev_C,C,4,
20190122174520,2019-01-22 17:45:20,2019-01-22 23:59:59,ev_K,K,1,
20190122174530,2019-01-22 17:45:30,2019-01-22 23:59:59,ev_C,C,13,
20190122174540,2019-01-22 17:45:40,2019-01-22 23:59:59,ev_N,K,1,
20190122174550,2019-01-22 17:45:50,2019-01-22 23:59:59,ev_K,K,3,
20190122174600,2019-01-22 17:46:00,2019-01-22 23:59:59,ev_C,C,1,
20190122174610,2019-01-22 17:46:10,2019-01-22 23:59:59,ev_N,K,3,
20190122174620,2019-01-22 17:46:20,2019-01-22 23:59:59,ev_C,C,14,
20190122174630,2019-01-22 17:46:30,2019-01-22 23:59:59,ev_C,C,3,
20190122174640,2019-01-22 17:46:40,2019-01-22 23:59:59,ev_N,K,4,
20190122174650,2019-01-22 17:46:50,2019-01-22 23:59:59,ev_C,C,9,
20190122174700,2019-01-22 17:47:00,2019-01-22 23:59:59,ev_N,K,2,
20190122174710,2019-01-22 17:47:10,2019-01-22 23:59:59,ev_C,C,9,
20190122174720,2019-01-22 17:47:20,2019-01-22 23:59:59,ev_C,C,5,
20190122174730,2019-01-22 17:47:30,2019-01-22 23:59:59,ev_C,C,15,
20190122174740,2019-01-22 17:47:40,2019-01-22 23:59:59,ev_C,C,1,
20190122174750,2019-01-22 17:47:50,2019-01-22 23:59:59,ev_K,K,4,
20190122174800,2019-01-22 17:48:00,2019-01-22 23:59:59,ev_C,C,4,
20190122174810,2019-01-22 17:48:10,2019-01-22 23:59:59,ev_C,C,13,
20190122174820,2019-01-22 17:48:20,2019-01-22 23:59:59,ev_C,C,10,
20190122174830,2019-01-22 17:48:30,2019-01-22 23:59:59,ev_N,K,3,
20190122174840,2019-01-22 17:48:40,2019-01-22 23:59:59,ev_C,C,19,
20190122174850,2019-01-22 17:48:50,2019-01-22 23:59:59,ev_C,C,13,
20190122174900,2019-01-22 17:49:00,2019-01-22 23:59:59,ev_K,K,2,
20190122174910,2019-01-22 17:49:10,2019-01-22 23:59:59,ev_C,C,11,
20190122174920,2019-01-22 17:49:20,2019-01-22 23:59:59,ev_K,K,1,
20190122174930,2019-01-22 17:49:30,2019-01-22 23:59:59,ev_C,C,19,
20190122174940,2019-01-22 17:49:40,2019-01-22 23:59:59,ev_N,K,3,
20190122174950,2019-01-22 17:49:50,2019-01-22 23:59:59,ev_C,C,9,
20190122175000,2019-01-22 17:50:00,2019-01-22 23:59:59,ev_C,C,18,
20190122175010,2019-01-22 17:50:10,2019-01-22 23:59:59,ev_C,C,16,
20190122175020,2019-01-22 17:50:20,2019-01-22 23:59:59,ev_C,C,20,
20190122175030,2019-01-22 17:50:30,2019-01-22 23:59:59,ev_C,C,15,
20190122175040,2019-01-22 17:50:40,2019-01-22 23:59:59,ev_K,K,5,
20190122175050,2019-01-22 17:50:50,2019-01-22 23:59:59,ev_C,C,4,
20190122175100,2019-01-22 17:51:00,2019-01-22 23:59:59,ev_C,C,12,
20190122175110,2019-01-22 17:51:10,2019-01-22 23:59:59,ev_C,C,19,
20190122175120,2019-01-22 17:51:20,2019-01-22 23:59:59,ev_C,C,10,
20190122175130,2019-01-22 17:51:30,2019-01-22 23:59:59,ev_C,C,18,
20190122175140,2019-01-22 17:51:40,2019-01-22 23:59:59,ev_C,C,3,
20190122175150,2019-01-22 17:51:50,2019-01-22 23:59:59,ev_C,C,17,
20190122175200,2019-01-22 17:52:00,2019-01-22 23:59:59,ev_K,K,5,
20190122175210,2019-01-22 17:52:10,2019-01-22 23:59:59,ev_C,C,9,
20190122175220,2019-01-22 17:52:20,2019-01-22 23:59:59,ev_C,C,9,
20190122175230,2019-01-22 17:52:30,2019-01-22 23:59:59,ev_C,C,11,
20190122175240,2019-01-22 17:52:40,2019-01-22 23:59:59,ev_C,C,7,
20190122175250,2019-01-22 17:52:50,2019-01-22 23:59:59,ev_C,C,18,
20190122175300,2019-01-22 17:53:00,2019-01-22 23:59:59,ev_C,C,15,
20190122175310,2019-01-22 17:53:10,2019-01-22 23:59:59,ev_C,C,1,
20190122175320,2019-01-22 17:53:20,2019-01-22 23:59:59,ev_C,C,12,
20190122175330,2019-01-22 17:53:30,2019-01-22 23:59:59,ev_C,C,19,
20190122175340,2019-01-22 17:53:40,2019-01-22 23:59:59,ev_C,C,6,
20190122175350,2019-01-22 17:53:50,2019-01-22 23:59:59,ev_K,K,4,
20190122175400,2019-01-22 17:54:00,2019-01-22 23:59:59,ev_C,C,14,
20190122175410,2019-01-22 17:54:10,2019-01-22 23:59:59,ev_C,C,7,
20190122175420,2019-01-22 17:54:20,2019-01-22 23:59:59,ev_K,K,3,
20190122175430,2019-01-22 17:54:30,2019-01-22 23:59:59,ev_C,C,14,
20190122175440,2019-01-22 17:54:40,2019-01-22 23:59:59,ev_K,K,3,
20190122175450,2019-01-22 17:54:50,2019-01-22 23:59:59,ev_K,K,5,
20190122175500,2019-01-22 17:55:00,2019-01-22 23:59:59,ev_C,C,4,
20190122175510,2019-01-22 17:55:10,2019-01-22 23:59:59,ev_C,C,6,
20190122175520,2019-01-22 17:55:20,2019-01-22 23:59:59,ev_C,C,4,
20190122175530,2019-01-22 17:55:30,2019-01-22 23:59:59,ev_C,C,11,
20190122175540,2019-01-22 17:55:40,2019-01-22 23:59:59,ev_C,C,7,
20190122175550,2019-01-22 17:55:50,2019-01-22 23:59:59,ev_C,C,10,
20190122175600,2019-01-22 17:56:00,2019-01-22 23:59:59,ev_K,K,1,
20190122175610,2019-01-22 17:56:10,2019-01-22 23:59:59,ev_C,C,17,
20190122175620,2019-01-22 17:56:20,2019-01-22 23:59:59,ev_C,C,2,
20190122175630,2019-01-22 17:56:30,2019-01-22 23:59:59,ev_C,C,15,
20190122175640,2019-01-22 17:56:40,2019-01-22 23:59:59,ev_C,C,18,
20190122175650,2019-01-22 17:56:50,2019-01-22 23:59:59,ev_C,C,11,
20190122175700,2019-01-22 17:57:00,2019-01-22 23:59:59,ev_C,C,18,
20190122175710,2019-01-22 17:57:10,2019-01-22 23:59:59,ev_C,C,17,
20190122175720,2019-01-22 17:57:20,2019-01-22 23:59:59,ev_C,C,16,
20190122175730,2019-01-22 17:57:30,2019-01-22 23:59:59,ev_C,C,11,
20190122175740,2019-01-22 17:57:40,2019-01-22 23:59:59,ev_C,C,17,
20190122175750,2019-01-22 17:57:50,2019-01-22 23:59:59,ev_C,C,11,
20190122175800,2019-01-22 17:58:00,2019-01-22 23:59:59,ev_K,K,2,
20190122175810,2019-01-22 17:58:10,2019-01-22 23:59:59,ev_C,C,11,
20190122175820,2019-01-22 17:58:20,2019-01-22 23:59:59,ev_C,C,10,
20190122175830,2019-01-22 17:58:30,2019-01-22 23:59:59,ev_C,C,11,
20190122175840,2019-01-22 17:58:40,2019-01-22 23:59:59,ev_C,C,3,
20190122175850,2019-01-22 17:58:50,2019-01-22 23:59:59,ev_C,C,18,
20190122175900,2019-01-22 17:59:00,2019-01-22 23:59:59,ev_N,K,1,
20190122175910,2019-01-22 17:59:10,2019-01-22 23:59:59,ev_K,K,5,
20190122175920,2019-01-22 17:59:20,2019-01-22 23:59:59,ev_C,C,15,
20190122175930,2019-01-22 17:59:30,2019-01-22 23:59:59,ev_K,K,2,
20190122175940,2019-01-22 17:59:40,2019-01-22 23:59:59,ev_C,C,7,
20190122175950,2019-01-22 17:59:50,2019-01-22 23:59:59,ev_C,C,4,
20190122180000,2019-01-22 18:00:00,2019-01-22 23:59:59,ev_N,K,4,
20190122180010,2019-01-22 18:00:10,2019-01-22 23:59:59,ev_N,K,5,
20190122180020,2019-01-22 18:00:20,2019-01-22 23:59:59,ev_C,C,8,
20190122180030,2019-01-22 18:00:30,2019-01-22 23:59:59,ev_K,K,1,
20190122180040,2019-01-22 18:00:40,2019-01-22 23:59:59,ev_N,K,1,
20190122180050,2019-01-22 18:00:50,2019-01-22 23:59:59,ev_C,C,5,
20190122180100,2019-01-22 18:01:00,2019-01-22 23:59:59,ev_C,C,14,
20190122180110,2019-01-22 18:01:10,2019-01-22 23:59:59,ev_C,C,15,
20190122180120,2019-01-22 18:01:20,2019-01-22 23:59:59,ev_C,C,17,
20190122180130,2019-01-22 18:01:30,2019-01-22 23:59:59,ev_C,C,10,
20190122180140,2019-01-22 18:01:40,2019-01-22 23:59:59,ev_N,K,1,
20190122180150,2019-01-22 18:01:50,2019-01-22 23:59:59,ev_C,C,9,
20190122180200,2019-01-22 18:02:00,2019-01-22 23:59:59,ev_K,K,4,
20190122180210,2019-01-22 18:02:10,2019-01-22 23:59:59,ev_C,C,11,
20190122180220,2019-01-22 18:02:20,2019-01-22 23:59:59,ev_C,C,17,
20190122180230,2019-01-22 18:02:30,2019-01-22 23:59:59,ev_C,C,1,
20190122180240,2019-01-22 18:02:40,2019-01-22 23:59:59,ev_C,C,6,
20190122180250,2019-01-22 18:02:50,2019-01-22 23:59:59,ev_C,C,9,
20190122180300,2019-01-22 18:03:00,2019-01-22 23:59:59,ev_C,C,15,
20190122180310,2019-01-22 18:03:10,2019-01-22 23:59:59,ev_K,K,1,
20190122180320,2019-01-22 18:03:20,2019-01-22 23:59:59,ev_C,C,11,
20190122180330,2019-01-22 18:03:30,2019-01-22 23:59:59,ev_C,C,16,
20190122180340,2019-01-22 18:03:40,2019-01-22 23:59:59,ev_K,K,1,
20190122180350,2019-01-22 18:03:50,2019-01-22 23:59:59,ev_C,C,7,
20190122180400,2019-01-22 18:04:00,2019-01-22 23:59:59,ev_C,C,19,
20190122180410,2019-01-22 18:04:10,2019-01-22 23:59:59,ev_K,K,2,
20190122180420,2019-01-22 18:04:20,2019-01-22 23:59:59,ev_C,C,8,
20190122180430,2019-01-22 18:04:30,2019-01-22 23:59:59,ev_K,K,1,
20190122180440,2019-01-22 18:04:40,2019-01-22 23:59:59,ev_N,K,1,
20190122180450,2019-01-22 18:04:50,2019-01-22 23:59:59,ev_C,C,4,
20190122180500,2019-01-22 18:05:00,2019-01-22 23:59:59,ev_K,K,5,
20190122180510,2019-01-22 18:05:10,2019-01-22 23:59:59,ev_N,K,1,
20190122180520,2019-01-22 18:05:20,2019-01-22 23:59:59,ev_C,C,2,
20190122180530,2019-01-22 18:05:30,2019-01-22 23:59:59,ev_C,C,11,
20190122180540,2019-01-22 18:05:40,2019-01-22 23:59:59,ev_C,C,7,
20190122180550,2019-01-22 18:05:50,2019-01-22 23:59:59,ev_C,C,13,
20190122180600,2019-01-22 18:06:00,2019-01-22 23:59:59,ev_N,K,4,
20190122180610,2019-01-22 18:06:10,2019-01-22 23:59:59,ev_K,K,5,
20190122180620,2019-01-22 18:06:20,2019-01-22 23:59:59,ev_C,C,4,
20190122180630,2019-01-22 18:06:30,2019-01-22 23:59:59,ev_C,C,1,
20190122180640,2019-01-22 18:06:40,2019-01-22 23:59:59,ev_C,C,17,
20190122180650,2019-01-22 18:06:50,2019-01-22 23:59:59,ev_C,C,13,
20190122180700,2019-01-22 18:07:00,2019-01-22 23:59:59,ev_C,C,19,
20190122180710,2019-01-22 18:07:10,2019-01-22 23:59:59,ev_C,C,3,
20190122180720,2019-01-22 18:07:20,2019-01-22 23:59:59,ev_C,C,2,
20190122180730,2019-01-22 18:07:30,2019-01-22 23:59:59,ev_K,K,3,
20190122180740,2019-01-22 18:07:40,2019-01-22 23:59:59,ev_C,C,5,
20190122180750,2019-01-22 18:07:50,2019-01-22 23:59:59,ev_K,K,5,
20190122180800,2019-01-22 18:08:00,2019-01-22 23:59:59,ev_C,C,15,
20190122180810,2019-01-22 18:08:10,2019-01-22 23:59:59,ev_K,K,1,
20190122180820,2019-01-22 18:08:20,2019-01-22 23:59:59,ev_C,C,3,
20190122180830,2019-01-22 18:08:30,2019-01-22 23:59:59,ev_C,C,19,
20190122180840,2019-01-22 18:08:40,2019-01-22 23:59:59,ev_K,K,4,
20190122180850,2019-01-22 18:08:50,2019-01-22 23:59:59,ev_C,C,12,
20190122180900,2019-01-22 18:09:00,2019-01-22 23:59:59,ev_C,C,20,
20190122180910,2019-01-22 18:09:10,2019-01-22 23:59:59,ev_C,C,19,
20190122180920,2019-01-22 18:09:20,2019-01-22 23:59:59,ev_C,C,3,
20190122180930,2019-01-22 18:09:30,2019-01-22 23:59:59,ev_C,C,17,
20190122180940,2019-01-22 18:09:40,2019-01-22 23:59:59,ev_K,K,2,
20190122180950,2019-01-22 18:09:50,2019-01-22 23:59:59,ev_K,K,1,
20190122181000,2019-01-22 18:10:00,2019-01-22 23:59:59,ev_K,K,5,
20190122181010,2019-01-22 18:10:10,2019-01-22 23:59:59,ev_K,K,2,
20190122181020,2019-01-22 18:10:20,2019-01-22 23:59:59,ev_C,C,15,
20190122181030,2019-01-22 18:10:30,2019-01-22 23:59:59,ev_C,C,17,
20190122181040,2019-01-22 18:10:40,2019-01-22 23:59:59,ev_C,C,14,
20190122181050,2019-01-22 18:10:50,2019-01-22 23:59:59,ev_K,K,3,
20190122181100,2019-01-22 18:11:00,2019-01-22 23:59:59,ev_C,C,8,
20190122181110,2019-01-22 18:11:10,2019-01-22 23:59:59,ev_C,C,11,
20190122181120,2019-01-22 18:11:20,2019-01-22 23:59:59,ev_K,K,1,
20190122181130,2019-01-22 18:11:30,2019-01-22 23:59:59,ev_C,C,20,
20190122181140,2019-01-22 18:11:40,2019-01-22 23:59:59,ev_C,C,15,
20190122181150,2019-01-22 18:11:50,2019-01-22 23:59:59,ev_C,C,1,
20190122181200,2019-01-22 18:12:00,2019-01-22 23:59:59,ev_C,C,17,
20190122181210,2019-01-22 18:12:10,2019-01-22 23:59:59,ev_C,C,18,
20190122181220,2019-01-22 18:12:20,2019-01-22 23:59:59,ev_C,C,19,
20190122181230,2019-01-22 18:12:30,2019-01-22 23:59:59,ev_C,C,20,
20190122181240,2019-01-22 18:12:40,2019-01-22 23:59:59,ev_C,C,5,
20190122181250,2019-01-22 18:12:50,2019-01-22 23:59:59,ev_C,C,1,
20190122181300,2019-01-22 18:13:00,2019-01-22 23:59:59,ev_C,C,9,
20190122181310,2019-01-22 18:13:10,2019-01-22 23:59:59,ev_K,K,5,
20190122181320,2019-01-22 18:13:20,2019-01-22 23:59:59,ev_C,C,16,
20190122181330,2019-01-22 18:13:30,2019-01-22 23:59:59,ev_C,C,9,
20190122181340,2019-01-22 18:13:40,2019-01-22 23:59:59,ev_K,K,3,
20190122181350,2019-01-22 18:13:50,2019-01-22 23:59:59,ev_N,K,1,
20190122181400,2019-01-22 18:14:00,2019-01-22 23:59:59,ev_C,C,14,
20190122181410,2019-01-22 18:14:10,2019-01-22 23:59:59,ev_N,K,1,
20190122181420,2019-01-22 18:14:20,2019-01-22 23:59:59,ev_C,C,14,
20190122181430,2019-01-22 18:14:30,2019-01-22 23:59:59,ev_C,C,16,
20190122181440,2019-01-22 18:14:40,2019-01-22 23:59:59,ev_C,C,7,
20190122181450,2019-01-22 18:14:50,2019-01-22 23:59:59,ev_C,C,18,
20190122181500,2019-01-22 18:15:00,2019-01-22 23:59:59,ev_C,C,10,
20190122181510,2019-01-22 18:15:10,2019-01-22 23:59:59,ev_C,C,12,
20190122181520,2019-01-22 18:15:20,2019-01-22 23:59:59,ev_C,C,4,
20190122181530,2019-01-22 18:15:30,2019-01-22 23:59:59,ev_K,K,2,
20190122181540,2019-01-22 18:15:40,2019-01-22 23:59:59,ev_C,C,15,
20190122181550,2019-01-22 18:15:50,2019-01-22 23:59:59,ev_N,K,1,
20190122181600,2019-01-22 18:16:00,2019-01-22 23:59:59,ev_K,K,4,
20190122181610,2019-01-22 18:16:10,2019-01-22 23:59:59,ev_K,K,1,
20190122181620,2019-01-22 18:16:20,2019-01-22 23:59:59,ev_C,C,20,
20190122181630,2019-01-22 18:16:30,2019-01-22 23:59:59,ev_C,C,15,
20190122181640,2019-01-22 18:16:40,2019-01-22 23:59:59,ev_C,C,8,
20190122181650,2019-01-22 18:16:50,2019-01-22 23:59:59,ev_N,K,4,
20190122181700,2019-01-22 18:17:00,2019-01-22 23:59:59,ev_C,C,19,
20190122181710,2019-01-22 18:17:10,2019-01-22 23:59:59,ev_N,K,4,
20190122181720,2019-01-22 18:17:20,2019-01-22 23:59:59,ev_K,K,1,
20190122181730,2019-01-22 18:17:30,2019-01-22 23:59:59,ev_C,C,19,
20190122181740,2019-01-22 18:17:40,2019-01-22 23:59:59,ev_C,C,5,
20190122181750,2019-01-22 18:17:50,2019-01-22 23:59:59,ev_K,K,4,
20190122181800,2019-01-22 18:18:00,2019-01-22 23:59:59,ev_C,C,8,
20190122181810,2019-01-22 18:18:10,2019-01-22 23:59:59,ev_K,K,5,
20190122181820,2019-01-22 18:18:20,2019-01-22 23:59:59,ev_C,C,7,
20190122181830,2019-01-22 18:18:30,2019-01-22 23:59:59,ev_N,K,1,
20190122181840,2019-01-22 18:18:40,2019-01-22 23:59:59,ev_K,K,5,
20190122181850,2019-01-22 18:18:50,2019-01-22 23:59:59,ev_N,K,3,
20190122181900,2019-01-22 18:19:00,2019-01-22 23:59:59,ev_K,K,3,
20190122181910,2019-01-22 18:19:10,2019-01-22 23:59:59,ev_C,C,14,
20190122181920,2019-01-22 18:19:20,2019-01-22 23:59:59,ev_K,K,1,
20190122181930,2019-01-22 18:19:30,2019-01-22 23:59:59,ev_K,K,1,
20190122181940,2019-01-22 18:19:40,2019-01-22 23:59:59,ev_K,K,4,
20190122181950,2019-01-22 18:19:50,2019-01-22 23:59:59,ev_C,C,11,
20190122182000,2019-01-22 18:20:00,2019-01-22 23:59:59,ev_K,K,2,
20190122182010,2019-01-22 18:20:10,2019-01-22 23:59:59,ev_K,K,4,
20190122182020,2019-01-22 18:20:20,2019-01-22 23:59:59,ev_C,C,15,
20190122182030,2019-01-22 18:20:30,2019-01-22 23:59:59,ev_C,C,7,
20190122182040,2019-01-22 18:20:40,2019-01-22 23:59:59,ev_K,K,3,
20190122182050,2019-01-22 18:20:50,2019-01-22 23:59:59,ev_N,K,2,
20190122182100,2019-01-22 18:21:00,2019-01-22 23:59:59,ev_K,K,1,
20190122182110,2019-01-22 18:21:10,2019-01-22 23:59:59,ev_C,C,1,
20190122182120,2019-01-22 18:21:20,2019-01-22 23:59:59,ev_C,C,13,
20190122182130,2019-01-22 18:21:30,2019-01-22 23:59:59,ev_K,K,3,
20190122182140,2019-01-22 18:21:40,2019-01-22 23:59:59,ev_C,C,18,
20190122182150,2019-01-22 18:21:50,2019-01-22 23:59:59,ev_C,C,5,
20190122182200,2019-01-22 18:22:00,2019-01-22 23:59:59,ev_K,K,4,
20190122182210,2019-01-22 18:22:10,2019-01-22 23:59:59,ev_N,K,4,
20190122182220,2019-01-22 18:22:20,2019-01-22 23:59:59,ev_C,C,3,
20190122182230,2019-01-22 18:22:30,2019-01-22 23:59:59,ev_C,C,13,
20190122182240,2019-01-22 18:22:40,2019-01-22 23:59:59,ev_C,C,11,
20190122182250,2019-01-22 18:22:50,2019-01-22 23:59:59,ev_C,C,17,
20190122182300,2019-01-22 18:23:00,2019-01-22 23:59:59,ev_K,K,5,
20190122182310,2019-01-22 18:23:10,2019-01-22 23:59:59,ev_N,K,4,
20190122182320,2019-01-22 18:23:20,2019-01-22 23:59:59,ev_C,C,9,
20190122182330,2019-01-22 18:23:30,2019-01-22 23:59:59,ev_C,C,13,
20190122182340,2019-01-22 18:23:40,2019-01-22 23:59:59,ev_C,C,3,
20190122182350,2019-01-22 18:23:50,2019-01-22 23:59:59,ev_C,C,2,
20190122182400,2019-01-22 18:24:00,2019-01-22 23:59:59,ev_C,C,7,
20190122182410,2019-01-22 18:24:10,2019-01-22 23:59:59,ev_K,K,5,
20190122182420,2019-01-22 18:24:20,2019-01-22 23:59:59,ev_K,K,1,
20190122182430,2019-01-22 18:24:30,2019-01-22 23:59:59,ev_N,K,1,
20190122182440,2019-01-22 18:24:40,2019-01-22 23:59:59,ev_C,C,1,
20190122182450,2019-01-22 18:24:50,2019-01-22 23:59:59,ev_C,C,2,
20190122182500,2019-01-22 18:25:00,2019-01-22 23:59:59,ev_C,C,14,
20190122182510,2019-01-22 18:25:10,2019-01-22 23:59:59,ev_C,C,1,
20190122182520,2019-01-22 18:25:20,2019-01-22 23:59:59,ev_C,C,8,
20190122182530,2019-01-22 18:25:30,2019-01-22 23:59:59,ev_C,C,8,
20190122182540,2019-01-22 18:25:40,2019-01-22 23:59:59,ev_C,C,20,
20190122182550,2019-01-22 18:25:50,2019-01-22 23:59:59,ev_K,K,4,
20190122182600,2019-01-22 18:26:00,2019-01-22 23:59:59,ev_C,C,11,
20190122182610,2019-01-22 18:26:10,2019-01-22 23:59:59,ev_C,C,16,
20190122182620,2019-01-22 18:26:20,2019-01-22 23:59:59,ev_C,C,5,
20190122182630,2019-01-22 18:26:30,2019-01-22 23:59:59,ev_K,K,2,
20190122182640,2019-01-22 18:26:40,2019-01-22 23:59:59,ev_C,C,14,
20190122182650,2019-01-22 18:26:50,2019-01-22 23:59:59,ev_C,C,6,
20190122182700,2019-01-22 18:27:00,2019-01-22 23:59:59,ev_K,K,2,
20190122182710,2019-01-22 18:27:10,2019-01-22 23:59:59,ev_C,C,7,
20190122182720,2019-01-22 18:27:20,2019-01-22 23:59:59,ev_C,C,4,
20190122182730,2019-01-22 18:27:30,2019-01-22 23:59:59,ev_C,C,3,
20190122182740,2019-01-22 18:27:40,2019-01-22 23:59:59,ev_C,C,16,
20190122182750,2019-01-22 18:27:50,2019-01-22 23:59:59,ev_C,C,17,
20190122182800,2019-01-22 18:28:00,2019-01-22 23:59:59,ev_N,K,5,
20190122182810,2019-01-22 18:28:10,2019-01-22 23:59:59,ev_C,C,13,
20190122182820,2019-01-22 18:28:20,2019-01-22 23:59:59,ev_N,K,4,
20190122182830,2019-01-22 18:28:30,2019-01-22 23:59:59,ev_C,C,11,
20190122182840,2019-01-22 18:28:40,2019-01-22 23:59:59,ev_C,C,17,
20190122182850,2019-01-22 18:28:50,2019-01-22 23:59:59,ev_K,K,1,
20190122182900,2019-01-22 18:29:00,2019-01-22 23:59:59,ev_C,C,8,
20190122182910,2019-01-22 18:29:10,2019-01-22 23:59:59,ev_C,C,11,
20190122182920,2019-01-22 18:29:20,2019-01-22 23:59:59,ev_N,K,3,
20190122182930,2019-01-22 18:29:30,2019-01-22 23:59:59,ev_K,K,4,
20190122182940,2019-01-22 18:29:40,2019-01-22 23:59:59,ev_K,K,3,
20190122182950,2019-01-22 18:29:50,2019-01-22 23:59:59,ev_K,K,4,
20190122183000,2019-01-22 18:30:00,2019-01-22 23:59:59,ev_C,C,13,
20190122183010,2019-01-22 18:30:10,2019-01-22 23:59:59,ev_N,K,4,
20190122183020,2019-01-22 18:30:20,2019-01-22 23:59:59,ev_K,K,2,
20190122183030,2019-01-22 18:30:30,2019-01-22 23:59:59,ev_C,C,17,
20190122183040,2019-01-22 18:30:40,2019-01-22 23:59:59,ev_C,C,4,
20190122183050,2019-01-22 18:30:50,2019-01-22 23:59:59,ev_C,C,4,
20190122183100,2019-01-22 18:31:00,2019-01-22 23:59:59,ev_K,K,3,
20190122183110,2019-01-22 18:31:10,2019-01-22 23:59:59,ev_C,C,2,
20190122183120,2019-01-22 18:31:20,2019-01-22 23:59:59,ev_K,K,5,
20190122183130,2019-01-22 18:31:30,2019-01-22 23:59:59,ev_C,C,18,
20190122183140,2019-01-22 18:31:40,2019-01-22 23:59:59,ev_C,C,14,
20190122183150,2019-01-22 18:31:50,2019-01-22 23:59:59,ev_C,C,12,
20190122183200,2019-01-22 18:32:00,2019-01-22 23:59:59,ev_K,K,2,
20190122183210,2019-01-22 18:32:10,2019-01-22 23:59:59,ev_K,K,5,
20190122183220,2019-01-22 18:32:20,2019-01-22 23:59:59,ev_K,K,2,
20190122183230,2019-01-22 18:32:30,2019-01-22 23:59:59,ev_C,C,8,
20190122183240,2019-01-22 18:32:40,2019-01-22 23:59:59,ev_C,C,2,
20190122183250,2019-01-22 18:32:50,2019-01-22 23:59:59,ev_K,K,5,
20190122183300,2019-01-22 18:33:00,2019-01-22 23:59:59,ev_C,C,9,
20190122183310,2019-01-22 18:33:10,2019-01-22 23:59:59,ev_C,C,16,
20190122183320,2019-01-22 18:33:20,2019-01-22 23:59:59,ev_K,K,2,
20190122183330,2019-01-22 18:33:30,2019-01-22 23:59:59,ev_C,C,4,
20190122183340,2019-01-22 18:33:40,2019-01-22 23:59:59,ev_K,K,3,
20190122183350,2019-01-22 18:33:50,2019-01-22 23:59:59,ev_C,C,10,
20190122183400,2019-01-22 18:34:00,2019-01-22 23:59:59,ev_C,C,15,
20190122183410,2019-01-22 18:34:10,2019-01-22 23:59:59,ev_C,C,2,
20190122183420,2019-01-22 18:34:20,2019-01-22 23:59:59,ev_C,C,18,
20190122183430,2019-01-22 18:34:30,2019-01-22 23:59:59,ev_C,C,8,
20190122183440,2019-01-22 18:34:40,2019-01-22 23:59:59,ev_C,C,8,
20190122183450,2019-01-22 18:34:50,2019-01-22 23:59:59,ev_K,K,2,
20190122183500,2019-01-22 18:35:00,2019-01-22 23:59:59,ev_C,C,15,
20190122183510,2019-01-22 18:35:10,2019-01-22 23:59:59,ev_C,C,4,
20190122183520,2019-01-22 18:35:20,2019-01-22 23:59:59,ev_K,K,5,
20190122183530,2019-01-22 18:35:30,2019-01-22 23:59:59,ev_C,C,14,
20190122183540,2019-01-22 18:35:40,2019-01-22 23:59:59,ev_N,K,2,
20190122183550,2019-01-22 18:35:50,2019-01-22 23:59:59,ev_K,K,3,
20190122183600,2019-01-22 18:36:00,2019-01-22 23:59:59,ev_C,C,11,
20190122183610,2019-01-22 18:36:10,2019-01-22 23:59:59,ev_C,C,6,
20190122183620,2019-01-22 18:36:20,2019-01-22 23:59:59,ev_K,K,1,
20190122183630,2019-01-22 18:36:30,2019-01-22 23:59:59,ev_C,C,3,
20190122183640,2019-01-22 18:36:40,2019-01-22 23:59:59,ev_C,C,19,
20190122183650,2019-01-22 18:36:50,2019-01-22 23:59:59,ev_C,C,9,
20190122183700,2019-01-22 18:37:00,2019-01-22 23:59:59,ev_K,K,5,
20190122183710,2019-01-22 18:37:10,2019-01-22 23:59:59,ev_C,C,3,
20190122183720,2019-01-22 18:37:20,2019-01-22 23:59:59,ev_K,K,2,
20190122183730,2019-01-22 18:37:30,2019-01-22 23:59:59,ev_C,C,4,
20190122183740,2019-01-22 18:37:40,2019-01-22 23:59:59,ev_C,C,6,
20190122183750,2019-01-22 18:37:50,2019-01-22 23:59:59,ev_C,C,20,
20190122183800,2019-01-22 18:38:00,2019-01-22 23:59:59,ev_K,K,4,
20190122183810,2019-01-22 18:38:10,2019-01-22 23:59:59,ev_C,C,1,
20190122183820,2019-01-22 18:38:20,2019-01-22 23:59:59,ev_C,C,15,
20190122183830,2019-01-22 18:38:30,2019-01-22 23:59:59,ev_K,K,1,
20190122183840,2019-01-22 18:38:40,2019-01-22 23:59:59,ev_C,C,5,
20190122183850,2019-01-22 18:38:50,2019-01-22 23:59:59,ev_C,C,7,
20190122183900,2019-01-22 18:39:00,2019-01-22 23:59:59,ev_C,C,1,
20190122183910,2019-01-22 18:39:10,2019-01-22 23:59:59,ev_C,C,1,
20190122183920,2019-01-22 18:39:20,2019-01-22 23:59:59,ev_C,C,7,
20190122183930,2019-01-22 18:39:30,2019-01-22 23:59:59,ev_K,K,4,
20190122183940,2019-01-22 18:39:40,2019-01-22 23:59:59,ev_C,C,8,
20190122183950,2019-01-22 18:39:50,2019-01-22 23:59:59,ev_C,C,18,
20190122184000,2019-01-22 18:40:00,2019-01-22 23:59:59,ev_N,K,2,
20190122184010,2019-01-22 18:40:10,2019-01-22 23:59:59,ev_C,C,19,
20190122184020,2019-01-22 18:40:20,2019-01-22 23:59:59,ev_N,K,1,
20190122184030,2019-01-22 18:40:30,2019-01-22 23:59:59,ev_C,C,15,
20190122184040,2019-01-22 18:40:40,2019-01-22 23:59:59,ev_N,K,3,
20190122184050,2019-01-22 18:40:50,2019-01-22 23:59:59,ev_C,C,1,
20190122184100,2019-01-22 18:41:00,2019-01-22 23:59:59,ev_C,C,8,
20190122184110,2019-01-22 18:41:10,2019-01-22 23:59:59,ev_K,K,4,
20190122184120,2019-01-22 18:41:20,2019-01-22 23:59:59,ev_C,C,6,
20190122184130,2019-01-22 18:41:30,2019-01-22 23:59:59,ev_C,C,10,
20190122184140,2019-01-22 18:41:40,2019-01-22 23:59:59,ev_C,C,3,
20190122184150,2019-01-22 18:41:50,2019-01-22 23:59:59,ev_C,C,4,
20190122184200,2019-01-22 18:42:00,2019-01-22 23:59:59,ev_K,K,5,
20190122184210,2019-01-22 18:42:10,2019-01-22 23:59:59,ev_C,C,7,
20190122184220,2019-01-22 18:42:20,2019-01-22 23:59:59,ev_C,C,19,
20190122184230,2019-01-22 18:42:30,2019-01-22 23:59:59,ev_C,C,16,
20190122184240,2019-01-22 18:42:40,2019-01-22 23:59:59,ev_C,C,18,
20190122184250,2019-01-22 18:42:50,2019-01-22 23:59:59,ev_C,C,13,
20190122184300,2019-01-22 18:43:00,2019-01-22 23:59:59,ev_C,C,6,
20190122184310,2019-01-22 18:43:10,2019-01-22 23:59:59,ev_C,C,8,
20190122184320,2019-01-22 18:43:20,2019-01-22 23:59:59,ev_C,C,8,
20190122184330,2019-01-22 18:43:30,2019-01-22 23:59:59,ev_K,K,3,
20190122184340,2019-01-22 18:43:40,2019-01-22 23:59:59,ev_C,C,16,
20190122184350,2019-01-22 18:43:50,2019-01-22 23:59:59,ev_C,C,14,
20190122184400,2019-01-22 18:44:00,2019-01-22 23:59:59,ev_C,C,17,
20190122184410,2019-01-22 18:44:10,2019-01-22 23:59:59,ev_C,C,15,
20190122184420,2019-01-22 18:44:20,2019-01-22 23:59:59,ev_C,C,14,
20190122184430,2019-01-22 18:44:30,2019-01-22 23:59:59,ev_C,C,14,
20190122184440,2019-01-22 18:44:40,2019-01-22 23:59:59,ev_C,C,7,
20190122184450,2019-01-22 18:44:50,2019-01-22 23:59:59,ev_N,K,1,
20190122184500,2019-01-22 18:45:00,2019-01-22 23:59:59,ev_C,C,12,
20190122184510,2019-01-22 18:45:10,2019-01-22 23:59:59,ev_C,C,10,
20190122184520,2019-01-22 18:45:20,2019-01-22 23:59:59,ev_C,C,16,
20190122184530,2019-01-22 18:45:30,2019-01-22 23:59:59,ev_C,C,9,
20190122184540,2019-01-22 18:45:40,2019-01-22 23:59:59,ev_C,C,7,
20190122184550,2019-01-22 18:45:50,2019-01-22 23:59:59,ev_C,C,11,
20190122184600,2019-01-22 18:46:00,2019-01-22 23:59:59,ev_K,K,2,
20190122184610,2019-01-22 18:46:10,2019-01-22 23:59:59,ev_K,K,5,
20190122184620,2019-01-22 18:46:20,2019-01-22 23:59:59,ev_C,C,8,
20190122184630,2019-01-22 18:46:30,2019-01-22 23:59:59,ev_K,K,2,
20190122184640,2019-01-22 18:46:40,2019-01-22 23:59:59,ev_C,C,2,
20190122184650,2019-01-22 18:46:50,2019-01-22 23:59:59,ev_K,K,3,
20190122184700,2019-01-22 18:47:00,2019-01-22 23:59:59,ev_K,K,3,
20190122184710,2019-01-22 18:47:10,2019-01-22 23:59:59,ev_K,K,1,
20190122184720,2019-01-22 18:47:20,2019-01-22 23:59:59,ev_C,C,5,
20190122184730,2019-01-22 18:47:30,2019-01-22 23:59:59,ev_N,K,3,
20190122184740,2019-01-22 18:47:40,2019-01-22 23:59:59,ev_C,C,11,
20190122184750,2019-01-22 18:47:50,2019-01-22 23:59:59,ev_C,C,5,
20190122184800,2019-01-22 18:48:00,2019-01-22 23:59:59,ev_C,C,3,
20190122184810,2019-01-22 18:48:10,2019-01-22 23:59:59,ev_C,C,5,
20190122184820,2019-01-22 18:48:20,2019-01-22 23:59:59,ev_C,C,14,
20190122184830,2019-01-22 18:48:30,2019-01-22 23:59:59,ev_C,C,12,
20190122184840,2019-01-22 18:48:40,2019-01-22 23:59:59,ev_K,K,1,
20190122184850,2019-01-22 18:48:50,2019-01-22 23:59:59,ev_K,K,3,
20190122184900,2019-01-22 18:49:00,2019-01-22 23:59:59,ev_C,C,8,
20190122184910,2019-01-22 18:49:10,2019-01-22 23:59:59,ev_C,C,19,
20190122184920,2019-01-22 18:49:20,2019-01-22 23:59:59,ev_N,K,3,
20190122184930,2019-01-22 18:49:30,2019-01-22 23:59:59,ev_C,C,1,
20190122184940,2019-01-22 18:49:40,2019-01-22 23:59:59,ev_C,C,5,
20190122184950,2019-01-22 18:49:50,2019-01-22 23:59:59,ev_C,C,4,
20190122185000,2019-01-22 18:50:00,2019-01-22 23:59:59,ev_K,K,2,
20190122185010,2019-01-22 18:50:10,2019-01-22 23:59:59,ev_C,C,10,
20190122185020,2019-01-22 18:50:20,2019-01-22 23:59:59,ev_K,K,4,
20190122185030,2019-01-22 18:50:30,2019-01-22 23:59:59,ev_C,C,15,
20190122185040,2019-01-22 18:50:40,2019-01-22 23:59:59,ev_C,C,15,
20190122185050,2019-01-22 18:50:50,2019-01-22 23:59:59,ev_C,C,10,
20190122185100,2019-01-22 18:51:00,2019-01-22 23:59:59,ev_K,K,5,
20190122185110,2019-01-22 18:51:10,2019-01-22 23:59:59,ev_C,C,11,
20190122185120,2019-01-22 18:51:20,2019-01-22 23:59:59,ev_C,C,15,
20190122185130,2019-01-22 18:51:30,2019-01-22 23:59:59,ev_N,K,3,
20190122185140,2019-01-22 18:51:40,2019-01-22 23:59:59,ev_C,C,2,
20190122185150,2019-01-22 18:51:50,2019-01-22 23:59:59,ev_C,C,17,
20190122185200,2019-01-22 18:52:00,2019-01-22 23:59:59,ev_K,K,1,
20190122185210,2019-01-22 18:52:10,2019-01-22 23:59:59,ev_N,K,5,
20190122185220,2019-01-22 18:52:20,2019-01-22 23:59:59,ev_C,C,9,
20190122185230,2019-01-22 18:52:30,2019-01-22 23:59:59,ev_C,C,16,
20190122185240,2019-01-22 18:52:40,2019-01-22 23:59:59,ev_N,K,1,
20190122185250,2019-01-22 18:52:50,2019-01-22 23:59:59,ev_K,K,3,
20190122185300,2019-01-22 18:53:00,2019-01-22 23:59:59,ev_C,C,12,
20190122185310,2019-01-22 18:53:10,2019-01-22 23:59:59,ev_C,C,7,
20190122185320,2019-01-22 18:53:20,2019-01-22 23:59:59,ev_K,K,3,
20190122185330,2019-01-22 18:53:30,2019-01-22 23:59:59,ev_C,C,6,
20190122185340,2019-01-22 18:53:40,2019-01-22 23:59:59,ev_C,C,15,
20190122185350,2019-01-22 18:53:50,2019-01-22 23:59:59,ev_C,C,18,
20190122185400,2019-01-22 18:54:00,2019-01-22 23:59:59,ev_N,K,3,
20190122185410,2019-01-22 18:54:10,2019-01-22 23:59:59,ev_K,K,3,
20190122185420,2019-01-22 18:54:20,2019-01-22 23:59:59,ev_C,C,7,
20190122185430,2019-01-22 18:54:30,2019-01-22 23:59:59,ev_C,C,10,
20190122185440,2019-01-22 18:54:40,2019-01-22 23:59:59,ev_C,C,19,
20190122185450,2019-01-22 18:54:50,2019-01-22 23:59:59,ev_C,C,2,
20190122185500,2019-01-22 18:55:00,2019-01-22 23:59:59,ev_C,C,20,
20190122185510,2019-01-22 18:55:10,2019-01-22 23:59:59,ev_C,C,20,
20190122185520,2019-01-22 18:55:20,2019-01-22 23:59:59,ev_C,C,10,
20190122185530,2019-01-22 18:55:30,2019-01-22 23:59:59,ev_C,C,6,
20190122185540,2019-01-22 18:55:40,2019-01-22 23:59:59,ev_K,K,5,
20190122185550,2019-01-22 18:55:50,2019-01-22 23:59:59,ev_C,C,4,
20190122185600,2019-01-22 18:56:00,2019-01-22 23:59:59,ev_C,C,12,
20190122185610,2019-01-22 18:56:10,2019-01-22 23:59:59,ev_N,K,3,
20190122185620,2019-01-22 18:56:20,2019-01-22 23:59:59,ev_C,C,15,
20190122185630,2019-01-22 18:56:30,2019-01-22 23:59:59,ev_C,C,12,
20190122185640,2019-01-22 18:56:40,2019-01-22 23:59:59,ev_C,C,11,
20190122185650,2019-01-22 18:56:50,2019-01-22 23:59:59,ev_C,C,18,
20190122185700,2019-01-22 18:57:00,2019-01-22 23:59:59,ev_K,K,1,
20190122185710,2019-01-22 18:57:10,2019-01-22 23:59:59,ev_C,C,12,
20190122185720,2019-01-22 18:57:20,2019-01-22 23:59:59,ev_C,C,4,
20190122185730,2019-01-22 18:57:30,2019-01-22 23:59:59,ev_N,K,2,
20190122185740,2019-01-22 18:57:40,2019-01-22 23:59:59,ev_C,C,13,
20190122185750,2019-01-22 18:57:50,2019-01-22 23:59:59,ev_C,C,3,
20190122185800,2019-01-22 18:58:00,2019-01-22 23:59:59,ev_C,C,16,
20190122185810,2019-01-22 18:58:10,2019-01-22 23:59:59,ev_N,K,5,
20190122185820,2019-01-22 18:58:20,2019-01-22 23:59:59,ev_K,K,2,
20190122185830,2019-01-22 18:58:30,2019-01-22 23:59:59,ev_C,C,13,
20190122185840,2019-01-22 18:58:40,2019-01-22 23:59:59,ev_C,C,17,
20190122185850,2019-01-22 18:58:50,2019-01-22 23:59:59,ev_C,C,10,
20190122185900,2019-01-22 18:59:00,2019-01-22 23:59:59,ev_K,K,2,
20190122185910,2019-01-22 18:59:10,2019-01-22 23:59:59,ev_C,C,10,
20190122185920,2019-01-22 18:59:20,2019-01-22 23:59:59,ev_C,C,5,
20190122185930,2019-01-22 18:59:30,2019-01-22 23:59:59,ev_C,C,17,
20190122185940,2019-01-22 18:59:40,2019-01-22 23:59:59,ev_C,C,4,
20190122185950,2019-01-22 18:59:50,2019-01-22 23:59:59,ev_C,C,13,
20190122190000,2019-01-22 19:00:00,2019-01-22 23:59:59,ev_C,C,10,
20190122190010,2019-01-22 19:00:10,2019-01-22 23:59:59,ev_N,K,3,
20190122190020,2019-01-22 19:00:20,2019-01-22 23:59:59,ev_K,K,2,
20190122190030,2019-01-22 19:00:30,2019-01-22 23:59:59,ev_K,K,2,
20190122190040,2019-01-22 19:00:40,2019-01-22 23:59:59,ev_C,C,7,
20190122190050,2019-01-22 19:00:50,2019-01-22 23:59:59,ev_N,K,1,
20190122190100,2019-01-22 19:01:00,2019-01-22 23:59:59,ev_N,K,2,
20190122190110,2019-01-22 19:01:10,2019-01-22 23:59:59,ev_N,K,3,
20190122190120,2019-01-22 19:01:20,2019-01-22 23:59:59,ev_C,C,16,
20190122190130,2019-01-22 19:01:30,2019-01-22 23:59:59,ev_K,K,2,
20190122190140,2019-01-22 19:01:40,2019-01-22 23:59:59,ev_K,K,3,
20190122190150,2019-01-22 19:01:50,2019-01-22 23:59:59,ev_C,C,1,
20190122190200,2019-01-22 19:02:00,2019-01-22 23:59:59,ev_C,C,2,
20190122190210,2019-01-22 19:02:10,2019-01-22 23:59:59,ev_C,C,15,
20190122190220,2019-01-22 19:02:20,2019-01-22 23:59:59,ev_C,C,13,
20190122190230,2019-01-22 19:02:30,2019-01-22 23:59:59,ev_K,K,3,
20190122190240,2019-01-22 19:02:40,2019-01-22 23:59:59,ev_C,C,9,
20190122190250,2019-01-22 19:02:50,2019-01-22 23:59:59,ev_C,C,1,
20190122190300,2019-01-22 19:03:00,2019-01-22 23:59:59,ev_C,C,16,
20190122190310,2019-01-22 19:03:10,2019-01-22 23:59:59,ev_C,C,18,
20190122190320,2019-01-22 19:03:20,2019-01-22 23:59:59,ev_K,K,5,
20190122190330,2019-01-22 19:03:30,2019-01-22 23:59:59,ev_K,K,3,
20190122190340,2019-01-22 19:03:40,2019-01-22 23:59:59,ev_K,K,5,
20190122190350,2019-01-22 19:03:50,2019-01-22 23:59:59,ev_K,K,3,
20190122190400,2019-01-22 19:04:00,2019-01-22 23:59:59,ev_C,C,20,
20190122190410,2019-01-22 19:04:10,2019-01-22 23:59:59,ev_C,C,9,
20190122190420,2019-01-22 19:04:20,2019-01-22 23:59:59,ev_K,K,2,
20190122190430,2019-01-22 19:04:30,2019-01-22 23:59:59,ev_C,C,19,
20190122190440,2019-01-22 19:04:40,2019-01-22 23:59:59,ev_K,K,3,
20190122190450,2019-01-22 19:04:50,2019-01-22 23:59:59,ev_C,C,18,
20190122190500,2019-01-22 19:05:00,2019-01-22 23:59:59,ev_C,C,6,
20190122190510,2019-01-22 19:05:10,2019-01-22 23:59:59,ev_C,C,10,
20190122190520,2019-01-22 19:05:20,2019-01-22 23:59:59,ev_K,K,3,
20190122190530,2019-01-22 19:05:30,2019-01-22 23:59:59,ev_C,C,9,
20190122190540,2019-01-22 19:05:40,2019-01-22 23:59:59,ev_C,C,20,
20190122190550,2019-01-22 19:05:50,2019-01-22 23:59:59,ev_C,C,11,
20190122190600,2019-01-22 19:06:00,2019-01-22 23:59:59,ev_N,K,4,
20190122190610,2019-01-22 19:06:10,2019-01-22 23:59:59,ev_C,C,14,
20190122190620,2019-01-22 19:06:20,2019-01-22 23:59:59,ev_C,C,19,
20190122190630,2019-01-22 19:06:30,2019-01-22 23:59:59,ev_C,C,14,
20190122190640,2019-01-22 19:06:40,2019-01-22 23:59:59,ev_C,C,13,
20190122190650,2019-01-22 19:06:50,2019-01-22 23:59:59,ev_C,C,8,
20190122190700,2019-01-22 19:07:00,2019-01-22 23:59:59,ev_C,C,15,
20190122190710,2019-01-22 19:07:10,2019-01-22 23:59:59,ev_C,C,19,
20190122190720,2019-01-22 19:07:20,2019-01-22 23:59:59,ev_K,K,5,
20190122190730,2019-01-22 19:07:30,2019-01-22 23:59:59,ev_C,C,5,
20190122190740,2019-01-22 19:07:40,2019-01-22 23:59:59,ev_C,C,18,
20190122190750,2019-01-22 19:07:50,2019-01-22 23:59:59,ev_C,C,9,
20190122190800,2019-01-22 19:08:00,2019-01-22 23:59:59,ev_C,C,6,
20190122190810,2019-01-22 19:08:10,2019-01-22 23:59:59,ev_K,K,3,
20190122190820,2019-01-22 19:08:20,2019-01-22 23:59:59,ev_N,K,1,
20190122190830,2019-01-22 19:08:30,2019-01-22 23:59:59,ev_C,C,12,
20190122190840,2019-01-22 19:08:40,2019-01-22 23:59:59,ev_K,K,4,
20190122190850,2019-01-22 19:08:50,2019-01-22 23:59:59,ev_N,K,3,
20190122190900,2019-01-22 19:09:00,2019-01-22 23:59:59,ev_C,C,12,
20190122190910,2019-01-22 19:09:10,2019-01-22 23:59:59,ev_C,C,7,
20190122190920,2019-01-22 19:09:20,2019-01-22 23:59:59,ev_C,C,4,
20190122190930,2019-01-22 19:09:30,2019-01-22 23:59:59,ev_C,C,13,
20190122190940,2019-01-22 19:09:40,2019-01-22 23:59:59,ev_C,C,20,
20190122190950,2019-01-22 19:09:50,2019-01-22 23:59:59,ev_C,C,12,
20190122191000,2019-01-22 19:10:00,2019-01-22 23:59:59,ev_K,K,1,
20190122191010,2019-01-22 19:10:10,2019-01-22 23:59:59,ev_N,K,4,
20190122191020,2019-01-22 19:10:20,2019-01-22 23:59:59,ev_C,C,5,
20190122191030,2019-01-22 19:10:30,2019-01-22 23:59:59,ev_C,C,18,
20190122191040,2019-01-22 19:10:40,2019-01-22 23:59:59,ev_C,C,6,
20190122191050,2019-01-22 19:10:50,2019-01-22 23:59:59,ev_C,C,13,
20190122191100,2019-01-22 19:11:00,2019-01-22 23:59:59,ev_K,K,1,
20190122191110,2019-01-22 19:11:10,2019-01-22 23:59:59,ev_C,C,7,
20190122191120,2019-01-22 19:11:20,2019-01-22 23:59:59,ev_C,C,3,
20190122191130,2019-01-22 19:11:30,2019-01-22 23:59:59,ev_N,K,2,
20190122191140,2019-01-22 19:11:40,2019-01-22 23:59:59,ev_C,C,7,
20190122191150,2019-01-22 19:11:50,2019-01-22 23:59:59,ev_C,C,12,
20190122191200,2019-01-22 19:12:00,2019-01-22 23:59:59,ev_C,C,7,
20190122191210,2019-01-22 19:12:10,2019-01-22 23:59:59,ev_C,C,18,
20190122191220,2019-01-22 19:12:20,2019-01-22 23:59:59,ev_C,C,4,
20190122191230,2019-01-22 19:12:30,2019-01-22 23:59:59,ev_N,K,1,
20190122191240,2019-01-22 19:12:40,2019-01-22 23:59:59,ev_C,C,11,
20190122191250,2019-01-22 19:12:50,2019-01-22 23:59:59,ev_C,C,8,
20190122191300,2019-01-22 19:13:00,2019-01-22 23:59:59,ev_N,K,5,
20190122191310,2019-01-22 19:13:10,2019-01-22 23:59:59,ev_K,K,3,
20190122191320,2019-01-22 19:13:20,2019-01-22 23:59:59,ev_C,C,16,
20190122191330,2019-01-22 19:13:30,2019-01-22 23:59:59,ev_C,C,1,
20190122191340,2019-01-22 19:13:40,2019-01-22 23:59:59,ev_C,C,14,
20190122191350,2019-01-22 19:13:50,2019-01-22 23:59:59,ev_C,C,9,
20190122191400,2019-01-22 19:14:00,2019-01-22 23:59:59,ev_K,K,1,
20190122191410,2019-01-22 19:14:10,2019-01-22 23:59:59,ev_C,C,4,
20190122191420,2019-01-22 19:14:20,2019-01-22 23:59:59,ev_C,C,10,
20190122191430,2019-01-22 19:14:30,2019-01-22 23:59:59,ev_C,C,9,
20190122191440,2019-01-22 19:14:40,2019-01-22 23:59:59,ev_C,C,9,
20190122191450,2019-01-22 19:14:50,2019-01-22 23:59:59,ev_C,C,9,
20190122191500,2019-01-22 19:15:00,2019-01-22 23:59:59,ev_K,K,1,
20190122191510,2019-01-22 19:15:10,2019-01-22 23:59:59,ev_C,C,13,
20190122191520,2019-01-22 19:15:20,2019-01-22 23:59:59,ev_C,C,10,
20190122191530,2019-01-22 19:15:30,2019-01-22 23:59:59,ev_C,C,7,
20190122191540,2019-01-22 19:15:40,2019-01-22 23:59:59,ev_C,C,1,
20190122191550,2019-01-22 19:15:50,2019-01-22 23:59:59,ev_C,C,6,
20190122191600,2019-01-22 19:16:00,2019-01-22 23:59:59,ev_C,C,17,
20190122191610,2019-01-22 19:16:10,2019-01-22 23:59:59,ev_C,C,19,
20190122191620,2019-01-22 19:16:20,2019-01-22 23:59:59,ev_C,C,13,
20190122191630,2019-01-22 19:16:30,2019-01-22 23:59:59,ev_C,C,12,
20190122191640,2019-01-22 19:16:40,2019-01-22 23:59:59,ev_C,C,1,
20190122191650,2019-01-22 19:16:50,2019-01-22 23:59:59,ev_C,C,18,
20190122191700,2019-01-22 19:17:00,2019-01-22 23:59:59,ev_C,C,11,
20190122191710,2019-01-22 19:17:10,2019-01-22 23:59:59,ev_C,C,18,
20190122191720,2019-01-22 19:17:20,2019-01-22 23:59:59,ev_C,C,14,
20190122191730,2019-01-22 19:17:30,2019-01-22 23:59:59,ev_C,C,12,
20190122191740,2019-01-22 19:17:40,2019-01-22 23:59:59,ev_N,K,3,
20190122191750,2019-01-22 19:17:50,2019-01-22 23:59:59,ev_C,C,14,
20190122191800,2019-01-22 19:18:00,2019-01-22 23:59:59,ev_C,C,6,
20190122191810,2019-01-22 19:18:10,2019-01-22 23:59:59,ev_C,C,3,
20190122191820,2019-01-22 19:18:20,2019-01-22 23:59:59,ev_C,C,1,
20190122191830,2019-01-22 19:18:30,2019-01-22 23:59:59,ev_K,K,1,
20190122191840,2019-01-22 19:18:40,2019-01-22 23:59:59,ev_K,K,4,
20190122191850,2019-01-22 19:18:50,2019-01-22 23:59:59,ev_C,C,16,
20190122191900,2019-01-22 19:19:00,2019-01-22 23:59:59,ev_C,C,15,
20190122191910,2019-01-22 19:19:10,2019-01-22 23:59:59,ev_C,C,8,
20190122191920,2019-01-22 19:19:20,2019-01-22 23:59:59,ev_K,K,4,
20190122191930,2019-01-22 19:19:30,2019-01-22 23:59:59,ev_C,C,6,
20190122191940,2019-01-22 19:19:40,2019-01-22 23:59:59,ev_C,C,3,
20190122191950,2019-01-22 19:19:50,2019-01-22 23:59:59,ev_C,C,20,
20190122192000,2019-01-22 19:20:00,2019-01-22 23:59:59,ev_C,C,12,
20190122192010,2019-01-22 19:20:10,2019-01-22 23:59:59,ev_C,C,3,
20190122192020,2019-01-22 19:20:20,2019-01-22 23:59:59,ev_K,K,5,
20190122192030,2019-01-22 19:20:30,2019-01-22 23:59:59,ev_C,C,6,
20190122192040,2019-01-22 19:20:40,2019-01-22 23:59:59,ev_C,C,1,
20190122192050,2019-01-22 19:20:50,2019-01-22 23:59:59,ev_C,C,1,
20190122192100,2019-01-22 19:21:00,2019-01-22 23:59:59,ev_C,C,6,
20190122192110,2019-01-22 19:21:10,2019-01-22 23:59:59,ev_C,C,15,
20190122192120,2019-01-22 19:21:20,2019-01-22 23:59:59,ev_C,C,10,
20190122192130,2019-01-22 19:21:30,2019-01-22 23:59:59,ev_C,C,2,
20190122192140,2019-01-22 19:21:40,2019-01-22 23:59:59,ev_C,C,15,
20190122192150,2019-01-22 19:21:50,2019-01-22 23:59:59,ev_K,K,2,
20190122192200,2019-01-22 19:22:00,2019-01-22 23:59:59,ev_C,C,3,
20190122192210,2019-01-22 19:22:10,2019-01-22 23:59:59,ev_C,C,15,
20190122192220,2019-01-22 19:22:20,2019-01-22 23:59:59,ev_N,K,2,
20190122192230,2019-01-22 19:22:30,2019-01-22 23:59:59,ev_C,C,15,
20190122192240,2019-01-22 19:22:40,2019-01-22 23:59:59,ev_C,C,4,
20190122192250,2019-01-22 19:22:50,2019-01-22 23:59:59,ev_C,C,18,
20190122192300,2019-01-22 19:23:00,2019-01-22 23:59:59,ev_C,C,3,
20190122192310,2019-01-22 19:23:10,2019-01-22 23:59:59,ev_C,C,16,
20190122192320,2019-01-22 19:23:20,2019-01-22 23:59:59,ev_C,C,19,
20190122192330,2019-01-22 19:23:30,2019-01-22 23:59:59,ev_K,K,4,
20190122192340,2019-01-22 19:23:40,2019-01-22 23:59:59,ev_C,C,1,
20190122192350,2019-01-22 19:23:50,2019-01-22 23:59:59,ev_K,K,1,
20190122192400,2019-01-22 19:24:00,2019-01-22 23:59:59,ev_C,C,15,
20190122192410,2019-01-22 19:24:10,2019-01-22 23:59:59,ev_K,K,1,
20190122192420,2019-01-22 19:24:20,2019-01-22 23:59:59,ev_C,C,16,
20190122192430,2019-01-22 19:24:30,2019-01-22 23:59:59,ev_N,K,4,
20190122192440,2019-01-22 19:24:40,2019-01-22 23:59:59,ev_C,C,13,
20190122192450,2019-01-22 19:24:50,2019-01-22 23:59:59,ev_N,K,5,
20190122192500,2019-01-22 19:25:00,2019-01-22 23:59:59,ev_C,C,12,
20190122192510,2019-01-22 19:25:10,2019-01-22 23:59:59,ev_N,K,2,
20190122192520,2019-01-22 19:25:20,2019-01-22 23:59:59,ev_C,C,13,
20190122192530,2019-01-22 19:25:30,2019-01-22 23:59:59,ev_C,C,8,
20190122192540,2019-01-22 19:25:40,2019-01-22 23:59:59,ev_C,C,16,
20190122192550,2019-01-22 19:25:50,2019-01-22 23:59:59,ev_C,C,14,
20190122192600,2019-01-22 19:26:00,2019-01-22 23:59:59,ev_C,C,17,
20190122192610,2019-01-22 19:26:10,2019-01-22 23:59:59,ev_C,C,13,
20190122192620,2019-01-22 19:26:20,2019-01-22 23:59:59,ev_K,K,4,
20190122192630,2019-01-22 19:26:30,2019-01-22 23:59:59,ev_C,C,12,
20190122192640,2019-01-22 19:26:40,2019-01-22 23:59:59,ev_C,C,5,
20190122192650,2019-01-22 19:26:50,2019-01-22 23:59:59,ev_C,C,19,
20190122192700,2019-01-22 19:27:00,2019-01-22 23:59:59,ev_C,C,14,
20190122192710,2019-01-22 19:27:10,2019-01-22 23:59:59,ev_C,C,10,
20190122192720,2019-01-22 19:27:20,2019-01-22 23:59:59,ev_C,C,18,
20190122192730,2019-01-22 19:27:30,2019-01-22 23:59:59,ev_C,C,3,
20190122192740,2019-01-22 19:27:40,2019-01-22 23:59:59,ev_C,C,5,
20190122192750,2019-01-22 19:27:50,2019-01-22 23:59:59,ev_C,C,16,
20190122192800,2019-01-22 19:28:00,2019-01-22 23:59:59,ev_C,C,12,
20190122192810,2019-01-22 19:28:10,2019-01-22 23:59:59,ev_K,K,4,
20190122192820,2019-01-22 19:28:20,2019-01-22 23:59:59,ev_N,K,5,
20190122192830,2019-01-22 19:28:30,2019-01-22 23:59:59,ev_C,C,20,
20190122192840,2019-01-22 19:28:40,2019-01-22 23:59:59,ev_C,C,11,
20190122192850,2019-01-22 19:28:50,2019-01-22 23:59:59,ev_C,C,10,
20190122192900,2019-01-22 19:29:00,2019-01-22 23:59:59,ev_C,C,13,
20190122192910,2019-01-22 19:29:10,2019-01-22 23:59:59,ev_K,K,3,
20190122192920,2019-01-22 19:29:20,2019-01-22 23:59:59,ev_K,K,2,
20190122192930,2019-01-22 19:29:30,2019-01-22 23:59:59,ev_C,C,20,
20190122192940,2019-01-22 19:29:40,2019-01-22 23:59:59,ev_C,C,7,
20190122192950,2019-01-22 19:29:50,2019-01-22 23:59:59,ev_C,C,9,
20190122193000,2019-01-22 19:30:00,2019-01-22 23:59:59,ev_K,K,2,
20190122193010,2019-01-22 19:30:10,2019-01-22 23:59:59,ev_C,C,11,
20190122193020,2019-01-22 19:30:20,2019-01-22 23:59:59,ev_N,K,1,
20190122193030,2019-01-22 19:30:30,2019-01-22 23:59:59,ev_C,C,15,
20190122193040,2019-01-22 19:30:40,2019-01-22 23:59:59,ev_K,K,3,
20190122193050,2019-01-22 19:30:50,2019-01-22 23:59:59,ev_C,C,20,
20190122193100,2019-01-22 19:31:00,2019-01-22 23:59:59,ev_C,C,10,
20190122193110,2019-01-22 19:31:10,2019-01-22 23:59:59,ev_C,C,19,
20190122193120,2019-01-22 19:31:20,2019-01-22 23:59:59,ev_C,C,14,
20190122193130,2019-01-22 19:31:30,2019-01-22 23:59:59,ev_C,C,12,
20190122193140,2019-01-22 19:31:40,2019-01-22 23:59:59,ev_C,C,19,
20190122193150,2019-01-22 19:31:50,2019-01-22 23:59:59,ev_C,C,12,
20190122193200,2019-01-22 19:32:00,2019-01-22 23:59:59,ev_C,C,15,
20190122193210,2019-01-22 19:32:10,2019-01-22 23:59:59,ev_C,C,2,
20190122193220,2019-01-22 19:32:20,2019-01-22 23:59:59,ev_C,C,14,
20190122193230,2019-01-22 19:32:30,2019-01-22 23:59:59,ev_K,K,5,
20190122193240,2019-01-22 19:32:40,2019-01-22 23:59:59,ev_C,C,5,
20190122193250,2019-01-22 19:32:50,2019-01-22 23:59:59,ev_C,C,5,
20190122193300,2019-01-22 19:33:00,2019-01-22 23:59:59,ev_C,C,18,
20190122193310,2019-01-22 19:33:10,2019-01-22 23:59:59,ev_C,C,10,
20190122193320,2019-01-22 19:33:20,2019-01-22 23:59:59,ev_C,C,6,
20190122193330,2019-01-22 19:33:30,2019-01-22 23:59:59,ev_C,C,14,
20190122193340,2019-01-22 19:33:40,2019-01-22 23:59:59,ev_C,C,9,
20190122193350,2019-01-22 19:33:50,2019-01-22 23:59:59,ev_C,C,5,
20190122193400,2019-01-22 19:34:00,2019-01-22 23:59:59,ev_K,K,2,
20190122193410,2019-01-22 19:34:10,2019-01-22 23:59:59,ev_C,C,10,
20190122193420,2019-01-22 19:34:20,2019-01-22 23:59:59,ev_C,C,15,
20190122193430,2019-01-22 19:34:30,2019-01-22 23:59:59,ev_K,K,1,
20190122193440,2019-01-22 19:34:40,2019-01-22 23:59:59,ev_C,C,16,
20190122193450,2019-01-22 19:34:50,2019-01-22 23:59:59,ev_C,C,20,
20190122193500,2019-01-22 19:35:00,2019-01-22 23:59:59,ev_K,K,4,
20190122193510,2019-01-22 19:35:10,2019-01-22 23:59:59,ev_C,C,6,
20190122193520,2019-01-22 19:35:20,2019-01-22 23:59:59,ev_K,K,4,
20190122193530,2019-01-22 19:35:30,2019-01-22 23:59:59,ev_C,C,19,
20190122193540,2019-01-22 19:35:40,2019-01-22 23:59:59,ev_C,C,10,
20190122193550,2019-01-22 19:35:50,2019-01-22 23:59:59,ev_C,C,19,
20190122193600,2019-01-22 19:36:00,2019-01-22 23:59:59,ev_C,C,3,
20190122193610,2019-01-22 19:36:10,2019-01-22 23:59:59,ev_C,C,10,
20190122193620,2019-01-22 19:36:20,2019-01-22 23:59:59,ev_N,K,2,
20190122193630,2019-01-22 19:36:30,2019-01-22 23:59:59,ev_C,C,1,
20190122193640,2019-01-22 19:36:40,2019-01-22 23:59:59,ev_N,K,1,
20190122193650,2019-01-22 19:36:50,2019-01-22 23:59:59,ev_C,C,14,
20190122193700,2019-01-22 19:37:00,2019-01-22 23:59:59,ev_C,C,3,
20190122193710,2019-01-22 19:37:10,2019-01-22 23:59:59,ev_C,C,5,
20190122193720,2019-01-22 19:37:20,2019-01-22 23:59:59,ev_C,C,19,
20190122193730,2019-01-22 19:37:30,2019-01-22 23:59:59,ev_C,C,6,
20190122193740,2019-01-22 19:37:40,2019-01-22 23:59:59,ev_C,C,17,
20190122193750,2019-01-22 19:37:50,2019-01-22 23:59:59,ev_C,C,4,
20190122193800,2019-01-22 19:38:00,2019-01-22 23:59:59,ev_C,C,4,
20190122193810,2019-01-22 19:38:10,2019-01-22 23:59:59,ev_C,C,3,
20190122193820,2019-01-22 19:38:20,2019-01-22 23:59:59,ev_C,C,12,
20190122193830,2019-01-22 19:38:30,2019-01-22 23:59:59,ev_C,C,13,
20190122193840,2019-01-22 19:38:40,2019-01-22 23:59:59,ev_C,C,5,
20190122193850,2019-01-22 19:38:50,2019-01-22 23:59:59,ev_C,C,14,
20190122193900,2019-01-22 19:39:00,2019-01-22 23:59:59,ev_C,C,9,
20190122193910,2019-01-22 19:39:10,2019-01-22 23:59:59,ev_C,C,18,
20190122193920,2019-01-22 19:39:20,2019-01-22 23:59:59,ev_K,K,4,
20190122193930,2019-01-22 19:39:30,2019-01-22 23:59:59,ev_K,K,1,
20190122193940,2019-01-22 19:39:40,2019-01-22 23:59:59,ev_C,C,16,
20190122193950,2019-01-22 19:39:50,2019-01-22 23:59:59,ev_C,C,9,
20190122194000,2019-01-22 19:40:00,2019-01-22 23:59:59,ev_C,C,5,
20190122194010,2019-01-22 19:40:10,2019-01-22 23:59:59,ev_K,K,2,
20190122194020,2019-01-22 19:40:20,2019-01-22 23:59:59,ev_C,C,4,
20190122194030,2019-01-22 19:40:30,2019-01-22 23:59:59,ev_N,K,2,
20190122194040,2019-01-22 19:40:40,2019-01-22 23:59:59,ev_C,C,8,
20190122194050,2019-01-22 19:40:50,2019-01-22 23:59:59,ev_C,C,5,
20190122194100,2019-01-22 19:41:00,2019-01-22 23:59:59,ev_C,C,19,
20190122194110,2019-01-22 19:41:10,2019-01-22 23:59:59,ev_C,C,12,
20190122194120,2019-01-22 19:41:20,2019-01-22 23:59:59,ev_C,C,11,
20190122194130,2019-01-22 19:41:30,2019-01-22 23:59:59,ev_N,K,4,
20190122194140,2019-01-22 19:41:40,2019-01-22 23:59:59,ev_C,C,13,
20190122194150,2019-01-22 19:41:50,2019-01-22 23:59:59,ev_C,C,19,
20190122194200,2019-01-22 19:42:00,2019-01-22 23:59:59,ev_C,C,15,
20190122194210,2019-01-22 19:42:10,2019-01-22 23:59:59,ev_C,C,7,
20190122194220,2019-01-22 19:42:20,2019-01-22 23:59:59,ev_C,C,2,
20190122194230,2019-01-22 19:42:30,2019-01-22 23:59:59,ev_N,K,4,
20190122194240,2019-01-22 19:42:40,2019-01-22 23:59:59,ev_C,C,8,
20190122194250,2019-01-22 19:42:50,2019-01-22 23:59:59,ev_C,C,2,
20190122194300,2019-01-22 19:43:00,2019-01-22 23:59:59,ev_C,C,20,
20190122194310,2019-01-22 19:43:10,2019-01-22 23:59:59,ev_C,C,2,
20190122194320,2019-01-22 19:43:20,2019-01-22 23:59:59,ev_N,K,4,
20190122194330,2019-01-22 19:43:30,2019-01-22 23:59:59,ev_C,C,1,
20190122194340,2019-01-22 19:43:40,2019-01-22 23:59:59,ev_C,C,10,
20190122194350,2019-01-22 19:43:50,2019-01-22 23:59:59,ev_N,K,4,
20190122194400,2019-01-22 19:44:00,2019-01-22 23:59:59,ev_N,K,3,
20190122194410,2019-01-22 19:44:10,2019-01-22 23:59:59,ev_K,K,3,
20190122194420,2019-01-22 19:44:20,2019-01-22 23:59:59,ev_C,C,17,
20190122194430,2019-01-22 19:44:30,2019-01-22 23:59:59,ev_C,C,1,
20190122194440,2019-01-22 19:44:40,2019-01-22 23:59:59,ev_C,C,12,
20190122194450,2019-01-22 19:44:50,2019-01-22 23:59:59,ev_C,C,13,
20190122194500,2019-01-22 19:45:00,2019-01-22 23:59:59,ev_K,K,5,
20190122194510,2019-01-22 19:45:10,2019-01-22 23:59:59,ev_C,C,18,
20190122194520,2019-01-22 19:45:20,2019-01-22 23:59:59,ev_C,C,3,
20190122194530,2019-01-22 19:45:30,2019-01-22 23:59:59,ev_K,K,1,
20190122194540,2019-01-22 19:45:40,2019-01-22 23:59:59,ev_C,C,1,
20190122194550,2019-01-22 19:45:50,2019-01-22 23:59:59,ev_C,C,15,
20190122194600,2019-01-22 19:46:00,2019-01-22 23:59:59,ev_N,K,2,
20190122194610,2019-01-22 19:46:10,2019-01-22 23:59:59,ev_C,C,20,
20190122194620,2019-01-22 19:46:20,2019-01-22 23:59:59,ev_C,C,5,
20190122194630,2019-01-22 19:46:30,2019-01-22 23:59:59,ev_C,C,7,
20190122194640,2019-01-22 19:46:40,2019-01-22 23:59:59,ev_N,K,2,
20190122194650,2019-01-22 19:46:50,2019-01-22 23:59:59,ev_C,C,19,
20190122194700,2019-01-22 19:47:00,2019-01-22 23:59:59,ev_C,C,4,
20190122194710,2019-01-22 19:47:10,2019-01-22 23:59:59,ev_C,C,6,
20190122194720,2019-01-22 19:47:20,2019-01-22 23:59:59,ev_C,C,4,
20190122194730,2019-01-22 19:47:30,2019-01-22 23:59:59,ev_C,C,5,
20190122194740,2019-01-22 19:47:40,2019-01-22 23:59:59,ev_C,C,13,
20190122194750,2019-01-22 19:47:50,2019-01-22 23:59:59,ev_K,K,5,
20190122194800,2019-01-22 19:48:00,2019-01-22 23:59:59,ev_N,K,2,
20190122194810,2019-01-22 19:48:10,2019-01-22 23:59:59,ev_C,C,12,
20190122194820,2019-01-22 19:48:20,2019-01-22 23:59:59,ev_C,C,10,
20190122194830,2019-01-22 19:48:30,2019-01-22 23:59:59,ev_C,C,9,
20190122194840,2019-01-22 19:48:40,2019-01-22 23:59:59,ev_C,C,18,
20190122194850,2019-01-22 19:48:50,2019-01-22 23:59:59,ev_C,C,6,
20190122194900,2019-01-22 19:49:00,2019-01-22 23:59:59,ev_C,C,20,
20190122194910,2019-01-22 19:49:10,2019-01-22 23:59:59,ev_C,C,10,
20190122194920,2019-01-22 19:49:20,2019-01-22 23:59:59,ev_C,C,14,
20190122194930,2019-01-22 19:49:30,2019-01-22 23:59:59,ev_K,K,3,
20190122194940,2019-01-22 19:49:40,2019-01-22 23:59:59,ev_C,C,14,
20190122194950,2019-01-22 19:49:50,2019-01-22 23:59:59,ev_C,C,4,
20190122195000,2019-01-22 19:50:00,2019-01-22 23:59:59,ev_C,C,4,
20190122195010,2019-01-22 19:50:10,2019-01-22 23:59:59,ev_K,K,5,
20190122195020,2019-01-22 19:50:20,2019-01-22 23:59:59,ev_K,K,3,
20190122195030,2019-01-22 19:50:30,2019-01-22 23:59:59,ev_N,K,4,
20190122195040,2019-01-22 19:50:40,2019-01-22 23:59:59,ev_C,C,1,
20190122195050,2019-01-22 19:50:50,2019-01-22 23:59:59,ev_C,C,2,
20190122195100,2019-01-22 19:51:00,2019-01-22 23:59:59,ev_C,C,18,
20190122195110,2019-01-22 19:51:10,2019-01-22 23:59:59,ev_C,C,4,
20190122195120,2019-01-22 19:51:20,2019-01-22 23:59:59,ev_C,C,2,
20190122195130,2019-01-22 19:51:30,2019-01-22 23:59:59,ev_C,C,3,
20190122195140,2019-01-22 19:51:40,2019-01-22 23:59:59,ev_C,C,1,
20190122195150,2019-01-22 19:51:50,2019-01-22 23:59:59,ev_C,C,3,
20190122195200,2019-01-22 19:52:00,2019-01-22 23:59:59,ev_C,C,19,
20190122195210,2019-01-22 19:52:10,2019-01-22 23:59:59,ev_N,K,5,
20190122195220,2019-01-22 19:52:20,2019-01-22 23:59:59,ev_K,K,4,
20190122195230,2019-01-22 19:52:30,2019-01-22 23:59:59,ev_C,C,15,
20190122195240,2019-01-22 19:52:40,2019-01-22 23:59:59,ev_C,C,2,
20190122195250,2019-01-22 19:52:50,2019-01-22 23:59:59,ev_C,C,17,
20190122195300,2019-01-22 19:53:00,2019-01-22 23:59:59,ev_C,C,3,
20190122195310,2019-01-22 19:53:10,2019-01-22 23:59:59,ev_C,C,1,
20190122195320,2019-01-22 19:53:20,2019-01-22 23:59:59,ev_C,C,18,
20190122195330,2019-01-22 19:53:30,2019-01-22 23:59:59,ev_C,C,4,
20190122195340,2019-01-22 19:53:40,2019-01-22 23:59:59,ev_K,K,2,
20190122195350,2019-01-22 19:53:50,2019-01-22 23:59:59,ev_K,K,5,
20190122195400,2019-01-22 19:54:00,2019-01-22 23:59:59,ev_N,K,3,
20190122195410,2019-01-22 19:54:10,2019-01-22 23:59:59,ev_C,C,6,
20190122195420,2019-01-22 19:54:20,2019-01-22 23:59:59,ev_C,C,19,
20190122195430,2019-01-22 19:54:30,2019-01-22 23:59:59,ev_C,C,12,
20190122195440,2019-01-22 19:54:40,2019-01-22 23:59:59,ev_C,C,5,
20190122195450,2019-01-22 19:54:50,2019-01-22 23:59:59,ev_K,K,4,
20190122195500,2019-01-22 19:55:00,2019-01-22 23:59:59,ev_K,K,2,
20190122195510,2019-01-22 19:55:10,2019-01-22 23:59:59,ev_K,K,1,
20190122195520,2019-01-22 19:55:20,2019-01-22 23:59:59,ev_C,C,12,
20190122195530,2019-01-22 19:55:30,2019-01-22 23:59:59,ev_C,C,20,
20190122195540,2019-01-22 19:55:40,2019-01-22 23:59:59,ev_C,C,13,
20190122195550,2019-01-22 19:55:50,2019-01-22 23:59:59,ev_K,K,5,
20190122195600,2019-01-22 19:56:00,2019-01-22 23:59:59,ev_C,C,5,
20190122195610,2019-01-22 19:56:10,2019-01-22 23:59:59,ev_C,C,15,
20190122195620,2019-01-22 19:56:20,2019-01-22 23:59:59,ev_C,C,1,
20190122195630,2019-01-22 19:56:30,2019-01-22 23:59:59,ev_C,C,3,
20190122195640,2019-01-22 19:56:40,2019-01-22 23:59:59,ev_C,C,16,
20190122195650,2019-01-22 19:56:50,2019-01-22 23:59:59,ev_C,C,15,
20190122195700,2019-01-22 19:57:00,2019-01-22 23:59:59,ev_C,C,14,
20190122195710,2019-01-22 19:57:10,2019-01-22 23:59:59,ev_C,C,9,
20190122195720,2019-01-22 19:57:20,2019-01-22 23:59:59,ev_C,C,2,
20190122195730,2019-01-22 19:57:30,2019-01-22 23:59:59,ev_N,K,4,
20190122195740,2019-01-22 19:57:40,2019-01-22 23:59:59,ev_C,C,20,
20190122195750,2019-01-22 19:57:50,2019-01-22 23:59:59,ev_C,C,8,
20190122195800,2019-01-22 19:58:00,2019-01-22 23:59:59,ev_C,C,18,
20190122195810,2019-01-22 19:58:10,2019-01-22 23:59:59,ev_C,C,9,
20190122195820,2019-01-22 19:58:20,2019-01-22 23:59:59,ev_C,C,20,
20190122195830,2019-01-22 19:58:30,2019-01-22 23:59:59,ev_C,C,15,
20190122195840,2019-01-22 19:58:40,2019-01-22 23:59:59,ev_C,C,15,
20190122195850,2019-01-22 19:58:50,2019-01-22 23:59:59,ev_K,K,5,
20190122195900,2019-01-22 19:59:00,2019-01-22 23:59:59,ev_K,K,2,
20190122195910,2019-01-22 19:59:10,2019-01-22 23:59:59,ev_C,C,17,
20190122195920,2019-01-22 19:59:20,2019-01-22 23:59:59,ev_C,C,12,
20190122195930,2019-01-22 19:59:30,2019-01-22 23:59:59,ev_C,C,16,
20190122195940,2019-01-22 19:59:40,2019-01-22 23:59:59,ev_C,C,17,
20190122195950,2019-01-22 19:59:50,2019-01-22 23:59:59,ev_C,C,13,
20190122200000,2019-01-22 20:00:00,2019-01-22 23:59:59,ev_C,C,1,
20190122200010,2019-01-22 20:00:10,2019-01-22 23:59:59,ev_C,C,11,
20190122200020,2019-01-22 20:00:20,2019-01-22 23:59:59,ev_C,C,4,
20190122200030,2019-01-22 20:00:30,2019-01-22 23:59:59,ev_C,C,12,
20190122200040,2019-01-22 20:00:40,2019-01-22 23:59:59,ev_N,K,4,
20190122200050,2019-01-22 20:00:50,2019-01-22 23:59:59,ev_C,C,9,
20190122200100,2019-01-22 20:01:00,2019-01-22 23:59:59,ev_K,K,3,
20190122200110,2019-01-22 20:01:10,2019-01-22 23:59:59,ev_K,K,1,
20190122200120,2019-01-22 20:01:20,2019-01-22 23:59:59,ev_K,K,4,
20190122200130,2019-01-22 20:01:30,2019-01-22 23:59:59,ev_N,K,2,
20190122200140,2019-01-22 20:01:40,2019-01-22 23:59:59,ev_C,C,11,
20190122200150,2019-01-22 20:01:50,2019-01-22 23:59:59,ev_K,K,3,
20190122200200,2019-01-22 20:02:00,2019-01-22 23:59:59,ev_C,C,12,
20190122200210,2019-01-22 20:02:10,2019-01-22 23:59:59,ev_C,C,2,
20190122200220,2019-01-22 20:02:20,2019-01-22 23:59:59,ev_K,K,1,
20190122200230,2019-01-22 20:02:30,2019-01-22 23:59:59,ev_C,C,2,
20190122200240,2019-01-22 20:02:40,2019-01-22 23:59:59,ev_C,C,10,
20190122200250,2019-01-22 20:02:50,2019-01-22 23:59:59,ev_C,C,19,
20190122200300,2019-01-22 20:03:00,2019-01-22 23:59:59,ev_C,C,18,
20190122200310,2019-01-22 20:03:10,2019-01-22 23:59:59,ev_C,C,1,
20190122200320,2019-01-22 20:03:20,2019-01-22 23:59:59,ev_C,C,9,
20190122200330,2019-01-22 20:03:30,2019-01-22 23:59:59,ev_C,C,17,
20190122200340,2019-01-22 20:03:40,2019-01-22 23:59:59,ev_K,K,4,
20190122200350,2019-01-22 20:03:50,2019-01-22 23:59:59,ev_C,C,8,
20190122200400,2019-01-22 20:04:00,2019-01-22 23:59:59,ev_C,C,12,
20190122200410,2019-01-22 20:04:10,2019-01-22 23:59:59,ev_C,C,19,
20190122200420,2019-01-22 20:04:20,2019-01-22 23:59:59,ev_K,K,2,
20190122200430,2019-01-22 20:04:30,2019-01-22 23:59:59,ev_C,C,3,
20190122200440,2019-01-22 20:04:40,2019-01-22 23:59:59,ev_K,K,1,
20190122200450,2019-01-22 20:04:50,2019-01-22 23:59:59,ev_N,K,1,
20190122200500,2019-01-22 20:05:00,2019-01-22 23:59:59,ev_C,C,19,
20190122200510,2019-01-22 20:05:10,2019-01-22 23:59:59,ev_C,C,2,
20190122200520,2019-01-22 20:05:20,2019-01-22 23:59:59,ev_K,K,5,
20190122200530,2019-01-22 20:05:30,2019-01-22 23:59:59,ev_C,C,6,
20190122200540,2019-01-22 20:05:40,2019-01-22 23:59:59,ev_C,C,3,
20190122200550,2019-01-22 20:05:50,2019-01-22 23:59:59,ev_C,C,1,
20190122200600,2019-01-22 20:06:00,2019-01-22 23:59:59,ev_C,C,5,
20190122200610,2019-01-22 20:06:10,2019-01-22 23:59:59,ev_C,C,7,
20190122200620,2019-01-22 20:06:20,2019-01-22 23:59:59,ev_C,C,3,
20190122200630,2019-01-22 20:06:30,2019-01-22 23:59:59,ev_C,C,1,
20190122200640,2019-01-22 20:06:40,2019-01-22 23:59:59,ev_C,C,7,
20190122200650,2019-01-22 20:06:50,2019-01-22 23:59:59,ev_C,C,19,
20190122200700,2019-01-22 20:07:00,2019-01-22 23:59:59,ev_C,C,5,
20190122200710,2019-01-22 20:07:10,2019-01-22 23:59:59,ev_K,K,4,
20190122200720,2019-01-22 20:07:20,2019-01-22 23:59:59,ev_C,C,6,
20190122200730,2019-01-22 20:07:30,2019-01-22 23:59:59,ev_C,C,7,
20190122200740,2019-01-22 20:07:40,2019-01-22 23:59:59,ev_C,C,12,
20190122200750,2019-01-22 20:07:50,2019-01-22 23:59:59,ev_C,C,9,
20190122200800,2019-01-22 20:08:00,2019-01-22 23:59:59,ev_C,C,19,
20190122200810,2019-01-22 20:08:10,2019-01-22 23:59:59,ev_C,C,17,
20190122200820,2019-01-22 20:08:20,2019-01-22 23:59:59,ev_K,K,2,
20190122200830,2019-01-22 20:08:30,2019-01-22 23:59:59,ev_N,K,5,
20190122200840,2019-01-22 20:08:40,2019-01-22 23:59:59,ev_N,K,5,
20190122200850,2019-01-22 20:08:50,2019-01-22 23:59:59,ev_C,C,10,
20190122200900,2019-01-22 20:09:00,2019-01-22 23:59:59,ev_C,C,20,
20190122200910,2019-01-22 20:09:10,2019-01-22 23:59:59,ev_C,C,14,
20190122200920,2019-01-22 20:09:20,2019-01-22 23:59:59,ev_C,C,16,
20190122200930,2019-01-22 20:09:30,2019-01-22 23:59:59,ev_C,C,6,
20190122200940,2019-01-22 20:09:40,2019-01-22 23:59:59,ev_C,C,8,
20190122200950,2019-01-22 20:09:50,2019-01-22 23:59:59,ev_N,K,5,
20190122201000,2019-01-22 20:10:00,2019-01-22 23:59:59,ev_C,C,10,
20190122201010,2019-01-22 20:10:10,2019-01-22 23:59:59,ev_K,K,4,
20190122201020,2019-01-22 20:10:20,2019-01-22 23:59:59,ev_K,K,2,
20190122201030,2019-01-22 20:10:30,2019-01-22 23:59:59,ev_C,C,2,
20190122201040,2019-01-22 20:10:40,2019-01-22 23:59:59,ev_K,K,5,
20190122201050,2019-01-22 20:10:50,2019-01-22 23:59:59,ev_C,C,12,
20190122201100,2019-01-22 20:11:00,2019-01-22 23:59:59,ev_C,C,14,
20190122201110,2019-01-22 20:11:10,2019-01-22 23:59:59,ev_C,C,15,
20190122201120,2019-01-22 20:11:20,2019-01-22 23:59:59,ev_C,C,3,
20190122201130,2019-01-22 20:11:30,2019-01-22 23:59:59,ev_C,C,6,
20190122201140,2019-01-22 20:11:40,2019-01-22 23:59:59,ev_C,C,15,
20190122201150,2019-01-22 20:11:50,2019-01-22 23:59:59,ev_C,C,13,
20190122201200,2019-01-22 20:12:00,2019-01-22 23:59:59,ev_K,K,3,
20190122201210,2019-01-22 20:12:10,2019-01-22 23:59:59,ev_C,C,5,
20190122201220,2019-01-22 20:12:20,2019-01-22 23:59:59,ev_C,C,14,
20190122201230,2019-01-22 20:12:30,2019-01-22 23:59:59,ev_C,C,7,
20190122201240,2019-01-22 20:12:40,2019-01-22 23:59:59,ev_C,C,13,
20190122201250,2019-01-22 20:12:50,2019-01-22 23:59:59,ev_N,K,3,
20190122201300,2019-01-22 20:13:00,2019-01-22 23:59:59,ev_C,C,9,
20190122201310,2019-01-22 20:13:10,2019-01-22 23:59:59,ev_C,C,19,
20190122201320,2019-01-22 20:13:20,2019-01-22 23:59:59,ev_C,C,3,
20190122201330,2019-01-22 20:13:30,2019-01-22 23:59:59,ev_C,C,9,
20190122201340,2019-01-22 20:13:40,2019-01-22 23:59:59,ev_C,C,6,
20190122201350,2019-01-22 20:13:50,2019-01-22 23:59:59,ev_C,C,17,
20190122201400,2019-01-22 20:14:00,2019-01-22 23:59:59,ev_C,C,20,
20190122201410,2019-01-22 20:14:10,2019-01-22 23:59:59,ev_C,C,2,
20190122201420,2019-01-22 20:14:20,2019-01-22 23:59:59,ev_C,C,10,
20190122201430,2019-01-22 20:14:30,2019-01-22 23:59:59,ev_C,C,6,
20190122201440,2019-01-22 20:14:40,2019-01-22 23:59:59,ev_C,C,18,
20190122201450,2019-01-22 20:14:50,2019-01-22 23:59:59,ev_C,C,1,
20190122201500,2019-01-22 20:15:00,2019-01-22 23:59:59,ev_C,C,8,
20190122201510,2019-01-22 20:15:10,2019-01-22 23:59:59,ev_C,C,13,
20190122201520,2019-01-22 20:15:20,2019-01-22 23:59:59,ev_N,K,2,
20190122201530,2019-01-22 20:15:30,2019-01-22 23:59:59,ev_C,C,5,
20190122201540,2019-01-22 20:15:40,2019-01-22 23:59:59,ev_C,C,5,
20190122201550,2019-01-22 20:15:50,2019-01-22 23:59:59,ev_C,C,8,
20190122201600,2019-01-22 20:16:00,2019-01-22 23:59:59,ev_C,C,10,
20190122201610,2019-01-22 20:16:10,2019-01-22 23:59:59,ev_C,C,16,
20190122201620,2019-01-22 20:16:20,2019-01-22 23:59:59,ev_K,K,3,
20190122201630,2019-01-22 20:16:30,2019-01-22 23:59:59,ev_C,C,3,
20190122201640,2019-01-22 20:16:40,2019-01-22 23:59:59,ev_C,C,7,
20190122201650,2019-01-22 20:16:50,2019-01-22 23:59:59,ev_C,C,9,
20190122201700,2019-01-22 20:17:00,2019-01-22 23:59:59,ev_C,C,5,
20190122201710,2019-01-22 20:17:10,2019-01-22 23:59:59,ev_K,K,5,
20190122201720,2019-01-22 20:17:20,2019-01-22 23:59:59,ev_C,C,20,
20190122201730,2019-01-22 20:17:30,2019-01-22 23:59:59,ev_C,C,2,
20190122201740,2019-01-22 20:17:40,2019-01-22 23:59:59,ev_C,C,15,
20190122201750,2019-01-22 20:17:50,2019-01-22 23:59:59,ev_C,C,9,
20190122201800,2019-01-22 20:18:00,2019-01-22 23:59:59,ev_C,C,13,
20190122201810,2019-01-22 20:18:10,2019-01-22 23:59:59,ev_C,C,13,
20190122201820,2019-01-22 20:18:20,2019-01-22 23:59:59,ev_C,C,8,
20190122201830,2019-01-22 20:18:30,2019-01-22 23:59:59,ev_C,C,19,
20190122201840,2019-01-22 20:18:40,2019-01-22 23:59:59,ev_C,C,3,
20190122201850,2019-01-22 20:18:50,2019-01-22 23:59:59,ev_C,C,5,
20190122201900,2019-01-22 20:19:00,2019-01-22 23:59:59,ev_K,K,5,
20190122201910,2019-01-22 20:19:10,2019-01-22 23:59:59,ev_K,K,2,
20190122201920,2019-01-22 20:19:20,2019-01-22 23:59:59,ev_K,K,3,
20190122201930,2019-01-22 20:19:30,2019-01-22 23:59:59,ev_C,C,5,
20190122201940,2019-01-22 20:19:40,2019-01-22 23:59:59,ev_C,C,14,
20190122201950,2019-01-22 20:19:50,2019-01-22 23:59:59,ev_C,C,9,
20190122202000,2019-01-22 20:20:00,2019-01-22 23:59:59,ev_C,C,15,
20190122202010,2019-01-22 20:20:10,2019-01-22 23:59:59,ev_C,C,6,
20190122202020,2019-01-22 20:20:20,2019-01-22 23:59:59,ev_C,C,15,
20190122202030,2019-01-22 20:20:30,2019-01-22 23:59:59,ev_C,C,9,
20190122202040,2019-01-22 20:20:40,2019-01-22 23:59:59,ev_C,C,16,
20190122202050,2019-01-22 20:20:50,2019-01-22 23:59:59,ev_C,C,11,
20190122202100,2019-01-22 20:21:00,2019-01-22 23:59:59,ev_K,K,1,
20190122202110,2019-01-22 20:21:10,2019-01-22 23:59:59,ev_C,C,18,
20190122202120,2019-01-22 20:21:20,2019-01-22 23:59:59,ev_C,C,10,
20190122202130,2019-01-22 20:21:30,2019-01-22 23:59:59,ev_C,C,18,
20190122202140,2019-01-22 20:21:40,2019-01-22 23:59:59,ev_C,C,9,
20190122202150,2019-01-22 20:21:50,2019-01-22 23:59:59,ev_C,C,6,
20190122202200,2019-01-22 20:22:00,2019-01-22 23:59:59,ev_C,C,16,
20190122202210,2019-01-22 20:22:10,2019-01-22 23:59:59,ev_C,C,10,
20190122202220,2019-01-22 20:22:20,2019-01-22 23:59:59,ev_K,K,2,
20190122202230,2019-01-22 20:22:30,2019-01-22 23:59:59,ev_C,C,16,
20190122202240,2019-01-22 20:22:40,2019-01-22 23:59:59,ev_N,K,3,
20190122202250,2019-01-22 20:22:50,2019-01-22 23:59:59,ev_C,C,9,
20190122202300,2019-01-22 20:23:00,2019-01-22 23:59:59,ev_C,C,7,
20190122202310,2019-01-22 20:23:10,2019-01-22 23:59:59,ev_C,C,5,
20190122202320,2019-01-22 20:23:20,2019-01-22 23:59:59,ev_C,C,20,
20190122202330,2019-01-22 20:23:30,2019-01-22 23:59:59,ev_C,C,10,
20190122202340,2019-01-22 20:23:40,2019-01-22 23:59:59,ev_C,C,11,
20190122202350,2019-01-22 20:23:50,2019-01-22 23:59:59,ev_C,C,10,
20190122202400,2019-01-22 20:24:00,2019-01-22 23:59:59,ev_C,C,2,
20190122202410,2019-01-22 20:24:10,2019-01-22 23:59:59,ev_C,C,6,
20190122202420,2019-01-22 20:24:20,2019-01-22 23:59:59,ev_C,C,14,
20190122202430,2019-01-22 20:24:30,2019-01-22 23:59:59,ev_C,C,18,
20190122202440,2019-01-22 20:24:40,2019-01-22 23:59:59,ev_C,C,4,
20190122202450,2019-01-22 20:24:50,2019-01-22 23:59:59,ev_C,C,6,
20190122202500,2019-01-22 20:25:00,2019-01-22 23:59:59,ev_C,C,9,
20190122202510,2019-01-22 20:25:10,2019-01-22 23:59:59,ev_C,C,20,
20190122202520,2019-01-22 20:25:20,2019-01-22 23:59:59,ev_C,C,19,
20190122202530,2019-01-22 20:25:30,2019-01-22 23:59:59,ev_C,C,3,
20190122202540,2019-01-22 20:25:40,2019-01-22 23:59:59,ev_C,C,18,
20190122202550,2019-01-22 20:25:50,2019-01-22 23:59:59,ev_C,C,8,
20190122202600,2019-01-22 20:26:00,2019-01-22 23:59:59,ev_C,C,14,
20190122202610,2019-01-22 20:26:10,2019-01-22 23:59:59,ev_C,C,16,
20190122202620,2019-01-22 20:26:20,2019-01-22 23:59:59,ev_N,K,5,
20190122202630,2019-01-22 20:26:30,2019-01-22 23:59:59,ev_C,C,14,
20190122202640,2019-01-22 20:26:40,2019-01-22 23:59:59,ev_C,C,20,
20190122202650,2019-01-22 20:26:50,2019-01-22 23:59:59,ev_K,K,1,
20190122202700,2019-01-22 20:27:00,2019-01-22 23:59:59,ev_K,K,4,
20190122202710,2019-01-22 20:27:10,2019-01-22 23:59:59,ev_K,K,1,
20190122202720,2019-01-22 20:27:20,2019-01-22 23:59:59,ev_C,C,19,
20190122202730,2019-01-22 20:27:30,2019-01-22 23:59:59,ev_C,C,4,
20190122202740,2019-01-22 20:27:40,2019-01-22 23:59:59,ev_C,C,19,
20190122202750,2019-01-22 20:27:50,2019-01-22 23:59:59,ev_K,K,2,
20190122202800,2019-01-22 20:28:00,2019-01-22 23:59:59,ev_C,C,15,
20190122202810,2019-01-22 20:28:10,2019-01-22 23:59:59,ev_C,C,16,
20190122202820,2019-01-22 20:28:20,2019-01-22 23:59:59,ev_K,K,5,
20190122202830,2019-01-22 20:28:30,2019-01-22 23:59:59,ev_K,K,4,
20190122202840,2019-01-22 20:28:40,2019-01-22 23:59:59,ev_C,C,14,
20190122202850,2019-01-22 20:28:50,2019-01-22 23:59:59,ev_C,C,20,
20190122202900,2019-01-22 20:29:00,2019-01-22 23:59:59,ev_C,C,15,
20190122202910,2019-01-22 20:29:10,2019-01-22 23:59:59,ev_C,C,13,
20190122202920,2019-01-22 20:29:20,2019-01-22 23:59:59,ev_K,K,5,
20190122202930,2019-01-22 20:29:30,2019-01-22 23:59:59,ev_K,K,5,
20190122202940,2019-01-22 20:29:40,2019-01-22 23:59:59,ev_K,K,1,
20190122202950,2019-01-22 20:29:50,2019-01-22 23:59:59,ev_K,K,3,
20190122203000,2019-01-22 20:30:00,2019-01-22 23:59:59,ev_C,C,2,
20190122203010,2019-01-22 20:30:10,2019-01-22 23:59:59,ev_C,C,6,
20190122203020,2019-01-22 20:30:20,2019-01-22 23:59:59,ev_C,C,17,
20190122203030,2019-01-22 20:30:30,2019-01-22 23:59:59,ev_C,C,15,
20190122203040,2019-01-22 20:30:40,2019-01-22 23:59:59,ev_C,C,8,
20190122203050,2019-01-22 20:30:50,2019-01-22 23:59:59,ev_C,C,14,
20190122203100,2019-01-22 20:31:00,2019-01-22 23:59:59,ev_C,C,20,
20190122203110,2019-01-22 20:31:10,2019-01-22 23:59:59,ev_C,C,7,
20190122203120,2019-01-22 20:31:20,2019-01-22 23:59:59,ev_C,C,4,
20190122203130,2019-01-22 20:31:30,2019-01-22 23:59:59,ev_C,C,17,
20190122203140,2019-01-22 20:31:40,2019-01-22 23:59:59,ev_K,K,2,
20190122203150,2019-01-22 20:31:50,2019-01-22 23:59:59,ev_C,C,4,
20190122203200,2019-01-22 20:32:00,2019-01-22 23:59:59,ev_C,C,1,
20190122203210,2019-01-22 20:32:10,2019-01-22 23:59:59,ev_C,C,19,
20190122203220,2019-01-22 20:32:20,2019-01-22 23:59:59,ev_C,C,5,
20190122203230,2019-01-22 20:32:30,2019-01-22 23:59:59,ev_K,K,4,
20190122203240,2019-01-22 20:32:40,2019-01-22 23:59:59,ev_K,K,4,
20190122203250,2019-01-22 20:32:50,2019-01-22 23:59:59,ev_C,C,3,
20190122203300,2019-01-22 20:33:00,2019-01-22 23:59:59,ev_C,C,20,
20190122203310,2019-01-22 20:33:10,2019-01-22 23:59:59,ev_C,C,6,
20190122203320,2019-01-22 20:33:20,2019-01-22 23:59:59,ev_C,C,15,
20190122203330,2019-01-22 20:33:30,2019-01-22 23:59:59,ev_C,C,15,
20190122203340,2019-01-22 20:33:40,2019-01-22 23:59:59,ev_C,C,8,
20190122203350,2019-01-22 20:33:50,2019-01-22 23:59:59,ev_C,C,20,
20190122203400,2019-01-22 20:34:00,2019-01-22 23:59:59,ev_K,K,2,
20190122203410,2019-01-22 20:34:10,2019-01-22 23:59:59,ev_N,K,2,
20190122203420,2019-01-22 20:34:20,2019-01-22 23:59:59,ev_C,C,12,
20190122203430,2019-01-22 20:34:30,2019-01-22 23:59:59,ev_N,K,4,
20190122203440,2019-01-22 20:34:40,2019-01-22 23:59:59,ev_C,C,13,
20190122203450,2019-01-22 20:34:50,2019-01-22 23:59:59,ev_N,K,2,
20190122203500,2019-01-22 20:35:00,2019-01-22 23:59:59,ev_C,C,12,
20190122203510,2019-01-22 20:35:10,2019-01-22 23:59:59,ev_N,K,1,
20190122203520,2019-01-22 20:35:20,2019-01-22 23:59:59,ev_C,C,18,
20190122203530,2019-01-22 20:35:30,2019-01-22 23:59:59,ev_K,K,5,
20190122203540,2019-01-22 20:35:40,2019-01-22 23:59:59,ev_K,K,1,
20190122203550,2019-01-22 20:35:50,2019-01-22 23:59:59,ev_N,K,4,
20190122203600,2019-01-22 20:36:00,2019-01-22 23:59:59,ev_C,C,4,
20190122203610,2019-01-22 20:36:10,2019-01-22 23:59:59,ev_C,C,20,
20190122203620,2019-01-22 20:36:20,2019-01-22 23:59:59,ev_C,C,3,
20190122203630,2019-01-22 20:36:30,2019-01-22 23:59:59,ev_C,C,8,
20190122203640,2019-01-22 20:36:40,2019-01-22 23:59:59,ev_C,C,13,
20190122203650,2019-01-22 20:36:50,2019-01-22 23:59:59,ev_C,C,10,
20190122203700,2019-01-22 20:37:00,2019-01-22 23:59:59,ev_C,C,17,
20190122203710,2019-01-22 20:37:10,2019-01-22 23:59:59,ev_K,K,2,
20190122203720,2019-01-22 20:37:20,2019-01-22 23:59:59,ev_K,K,1,
20190122203730,2019-01-22 20:37:30,2019-01-22 23:59:59,ev_C,C,5,
20190122203740,2019-01-22 20:37:40,2019-01-22 23:59:59,ev_C,C,18,
20190122203750,2019-01-22 20:37:50,2019-01-22 23:59:59,ev_C,C,9,
20190122203800,2019-01-22 20:38:00,2019-01-22 23:59:59,ev_C,C,13,
20190122203810,2019-01-22 20:38:10,2019-01-22 23:59:59,ev_N,K,1,
20190122203820,2019-01-22 20:38:20,2019-01-22 23:59:59,ev_C,C,12,
20190122203830,2019-01-22 20:38:30,2019-01-22 23:59:59,ev_N,K,2,
20190122203840,2019-01-22 20:38:40,2019-01-22 23:59:59,ev_C,C,19,
20190122203850,2019-01-22 20:38:50,2019-01-22 23:59:59,ev_C,C,8,
20190122203900,2019-01-22 20:39:00,2019-01-22 23:59:59,ev_C,C,18,
20190122203910,2019-01-22 20:39:10,2019-01-22 23:59:59,ev_C,C,10,
20190122203920,2019-01-22 20:39:20,2019-01-22 23:59:59,ev_K,K,4,
20190122203930,2019-01-22 20:39:30,2019-01-22 23:59:59,ev_K,K,3,
20190122203940,2019-01-22 20:39:40,2019-01-22 23:59:59,ev_C,C,14,
20190122203950,2019-01-22 20:39:50,2019-01-22 23:59:59,ev_C,C,4,
20190122204000,2019-01-22 20:40:00,2019-01-22 23:59:59,ev_C,C,1,
20190122204010,2019-01-22 20:40:10,2019-01-22 23:59:59,ev_K,K,5,
20190122204020,2019-01-22 20:40:20,2019-01-22 23:59:59,ev_K,K,5,
20190122204030,2019-01-22 20:40:30,2019-01-22 23:59:59,ev_C,C,3,
20190122204040,2019-01-22 20:40:40,2019-01-22 23:59:59,ev_C,C,7,
20190122204050,2019-01-22 20:40:50,2019-01-22 23:59:59,ev_C,C,19,
20190122204100,2019-01-22 20:41:00,2019-01-22 23:59:59,ev_K,K,1,
20190122204110,2019-01-22 20:41:10,2019-01-22 23:59:59,ev_C,C,10,
20190122204120,2019-01-22 20:41:20,2019-01-22 23:59:59,ev_C,C,19,
20190122204130,2019-01-22 20:41:30,2019-01-22 23:59:59,ev_C,C,17,
20190122204140,2019-01-22 20:41:40,2019-01-22 23:59:59,ev_C,C,7,
20190122204150,2019-01-22 20:41:50,2019-01-22 23:59:59,ev_C,C,14,
20190122204200,2019-01-22 20:42:00,2019-01-22 23:59:59,ev_C,C,11,
20190122204210,2019-01-22 20:42:10,2019-01-22 23:59:59,ev_C,C,1,
20190122204220,2019-01-22 20:42:20,2019-01-22 23:59:59,ev_C,C,1,
20190122204230,2019-01-22 20:42:30,2019-01-22 23:59:59,ev_C,C,12,
20190122204240,2019-01-22 20:42:40,2019-01-22 23:59:59,ev_C,C,8,
20190122204250,2019-01-22 20:42:50,2019-01-22 23:59:59,ev_K,K,5,
20190122204300,2019-01-22 20:43:00,2019-01-22 23:59:59,ev_N,K,3,
20190122204310,2019-01-22 20:43:10,2019-01-22 23:59:59,ev_K,K,3,
20190122204320,2019-01-22 20:43:20,2019-01-22 23:59:59,ev_K,K,1,
20190122204330,2019-01-22 20:43:30,2019-01-22 23:59:59,ev_K,K,1,
20190122204340,2019-01-22 20:43:40,2019-01-22 23:59:59,ev_N,K,5,
20190122204350,2019-01-22 20:43:50,2019-01-22 23:59:59,ev_C,C,14,
20190122204400,2019-01-22 20:44:00,2019-01-22 23:59:59,ev_N,K,3,
20190122204410,2019-01-22 20:44:10,2019-01-22 23:59:59,ev_K,K,1,
20190122204420,2019-01-22 20:44:20,2019-01-22 23:59:59,ev_C,C,3,
20190122204430,2019-01-22 20:44:30,2019-01-22 23:59:59,ev_C,C,10,
20190122204440,2019-01-22 20:44:40,2019-01-22 23:59:59,ev_C,C,12,
20190122204450,2019-01-22 20:44:50,2019-01-22 23:59:59,ev_N,K,5,
20190122204500,2019-01-22 20:45:00,2019-01-22 23:59:59,ev_C,C,4,
20190122204510,2019-01-22 20:45:10,2019-01-22 23:59:59,ev_C,C,17,
20190122204520,2019-01-22 20:45:20,2019-01-22 23:59:59,ev_C,C,5,
20190122204530,2019-01-22 20:45:30,2019-01-22 23:59:59,ev_K,K,1,
20190122204540,2019-01-22 20:45:40,2019-01-22 23:59:59,ev_C,C,2,
20190122204550,2019-01-22 20:45:50,2019-01-22 23:59:59,ev_C,C,4,
20190122204600,2019-01-22 20:46:00,2019-01-22 23:59:59,ev_C,C,12,
20190122204610,2019-01-22 20:46:10,2019-01-22 23:59:59,ev_N,K,4,
20190122204620,2019-01-22 20:46:20,2019-01-22 23:59:59,ev_K,K,2,
20190122204630,2019-01-22 20:46:30,2019-01-22 23:59:59,ev_C,C,7,
20190122204640,2019-01-22 20:46:40,2019-01-22 23:59:59,ev_C,C,17,
20190122204650,2019-01-22 20:46:50,2019-01-22 23:59:59,ev_C,C,15,
20190122204700,2019-01-22 20:47:00,2019-01-22 23:59:59,ev_C,C,4,
20190122204710,2019-01-22 20:47:10,2019-01-22 23:59:59,ev_C,C,7,
20190122204720,2019-01-22 20:47:20,2019-01-22 23:59:59,ev_C,C,15,
20190122204730,2019-01-22 20:47:30,2019-01-22 23:59:59,ev_C,C,2,
20190122204740,2019-01-22 20:47:40,2019-01-22 23:59:59,ev_C,C,9,
20190122204750,2019-01-22 20:47:50,2019-01-22 23:59:59,ev_C,C,18,
20190122204800,2019-01-22 20:48:00,2019-01-22 23:59:59,ev_N,K,2,
20190122204810,2019-01-22 20:48:10,2019-01-22 23:59:59,ev_C,C,17,
20190122204820,2019-01-22 20:48:20,2019-01-22 23:59:59,ev_C,C,7,
20190122204830,2019-01-22 20:48:30,2019-01-22 23:59:59,ev_C,C,4,
20190122204840,2019-01-22 20:48:40,2019-01-22 23:59:59,ev_C,C,7,
20190122204850,2019-01-22 20:48:50,2019-01-22 23:59:59,ev_N,K,2,
20190122204900,2019-01-22 20:49:00,2019-01-22 23:59:59,ev_C,C,3,
20190122204910,2019-01-22 20:49:10,2019-01-22 23:59:59,ev_C,C,7,
20190122204920,2019-01-22 20:49:20,2019-01-22 23:59:59,ev_C,C,7,
20190122204930,2019-01-22 20:49:30,2019-01-22 23:59:59,ev_C,C,11,
20190122204940,2019-01-22 20:49:40,2019-01-22 23:59:59,ev_K,K,5,
20190122204950,2019-01-22 20:49:50,2019-01-22 23:59:59,ev_C,C,17,
20190122205000,2019-01-22 20:50:00,2019-01-22 23:59:59,ev_C,C,20,
20190122205010,2019-01-22 20:50:10,2019-01-22 23:59:59,ev_C,C,4,
20190122205020,2019-01-22 20:50:20,2019-01-22 23:59:59,ev_C,C,12,
20190122205030,2019-01-22 20:50:30,2019-01-22 23:59:59,ev_C,C,11,
20190122205040,2019-01-22 20:50:40,2019-01-22 23:59:59,ev_C,C,18,
20190122205050,2019-01-22 20:50:50,2019-01-22 23:59:59,ev_C,C,4,
20190122205100,2019-01-22 20:51:00,2019-01-22 23:59:59,ev_C,C,20,
20190122205110,2019-01-22 20:51:10,2019-01-22 23:59:59,ev_K,K,1,
20190122205120,2019-01-22 20:51:20,2019-01-22 23:59:59,ev_N,K,3,
20190122205130,2019-01-22 20:51:30,2019-01-22 23:59:59,ev_K,K,1,
20190122205140,2019-01-22 20:51:40,2019-01-22 23:59:59,ev_C,C,4,
20190122205150,2019-01-22 20:51:50,2019-01-22 23:59:59,ev_C,C,18,
20190122205200,2019-01-22 20:52:00,2019-01-22 23:59:59,ev_K,K,5,
20190122205210,2019-01-22 20:52:10,2019-01-22 23:59:59,ev_C,C,16,
20190122205220,2019-01-22 20:52:20,2019-01-22 23:59:59,ev_C,C,13,
20190122205230,2019-01-22 20:52:30,2019-01-22 23:59:59,ev_C,C,14,
20190122205240,2019-01-22 20:52:40,2019-01-22 23:59:59,ev_N,K,4,
20190122205250,2019-01-22 20:52:50,2019-01-22 23:59:59,ev_C,C,7,
20190122205300,2019-01-22 20:53:00,2019-01-22 23:59:59,ev_C,C,1,
20190122205310,2019-01-22 20:53:10,2019-01-22 23:59:59,ev_C,C,11,
20190122205320,2019-01-22 20:53:20,2019-01-22 23:59:59,ev_C,C,6,
20190122205330,2019-01-22 20:53:30,2019-01-22 23:59:59,ev_C,C,16,
20190122205340,2019-01-22 20:53:40,2019-01-22 23:59:59,ev_C,C,15,
20190122205350,2019-01-22 20:53:50,2019-01-22 23:59:59,ev_K,K,3,
20190122205400,2019-01-22 20:54:00,2019-01-22 23:59:59,ev_K,K,5,
20190122205410,2019-01-22 20:54:10,2019-01-22 23:59:59,ev_K,K,1,
20190122205420,2019-01-22 20:54:20,2019-01-22 23:59:59,ev_N,K,2,
20190122205430,2019-01-22 20:54:30,2019-01-22 23:59:59,ev_N,K,3,
20190122205440,2019-01-22 20:54:40,2019-01-22 23:59:59,ev_C,C,14,
20190122205450,2019-01-22 20:54:50,2019-01-22 23:59:59,ev_C,C,7,
20190122205500,2019-01-22 20:55:00,2019-01-22 23:59:59,ev_C,C,10,
20190122205510,2019-01-22 20:55:10,2019-01-22 23:59:59,ev_C,C,15,
20190122205520,2019-01-22 20:55:20,2019-01-22 23:59:59,ev_C,C,7,
20190122205530,2019-01-22 20:55:30,2019-01-22 23:59:59,ev_C,C,17,
20190122205540,2019-01-22 20:55:40,2019-01-22 23:59:59,ev_N,K,2,
20190122205550,2019-01-22 20:55:50,2019-01-22 23:59:59,ev_C,C,6,
20190122205600,2019-01-22 20:56:00,2019-01-22 23:59:59,ev_C,C,13,
20190122205610,2019-01-22 20:56:10,2019-01-22 23:59:59,ev_N,K,2,
20190122205620,2019-01-22 20:56:20,2019-01-22 23:59:59,ev_C,C,2,
20190122205630,2019-01-22 20:56:30,2019-01-22 23:59:59,ev_C,C,14,
20190122205640,2019-01-22 20:56:40,2019-01-22 23:59:59,ev_C,C,6,
20190122205650,2019-01-22 20:56:50,2019-01-22 23:59:59,ev_C,C,8,
20190122205700,2019-01-22 20:57:00,2019-01-22 23:59:59,ev_C,C,16,
20190122205710,2019-01-22 20:57:10,2019-01-22 23:59:59,ev_K,K,5,
20190122205720,2019-01-22 20:57:20,2019-01-22 23:59:59,ev_C,C,4,
20190122205730,2019-01-22 20:57:30,2019-01-22 23:59:59,ev_C,C,7,
20190122205740,2019-01-22 20:57:40,2019-01-22 23:59:59,ev_K,K,5,
20190122205750,2019-01-22 20:57:50,2019-01-22 23:59:59,ev_C,C,20,
20190122205800,2019-01-22 20:58:00,2019-01-22 23:59:59,ev_C,C,7,
20190122205810,2019-01-22 20:58:10,2019-01-22 23:59:59,ev_C,C,10,
20190122205820,2019-01-22 20:58:20,2019-01-22 23:59:59,ev_N,K,4,
20190122205830,2019-01-22 20:58:30,2019-01-22 23:59:59,ev_C,C,9,
20190122205840,2019-01-22 20:58:40,2019-01-22 23:59:59,ev_K,K,5,
20190122205850,2019-01-22 20:58:50,2019-01-22 23:59:59,ev_N,K,2,
20190122205900,2019-01-22 20:59:00,2019-01-22 23:59:59,ev_K,K,1,
20190122205910,2019-01-22 20:59:10,2019-01-22 23:59:59,ev_C,C,1,
20190122205920,2019-01-22 20:59:20,2019-01-22 23:59:59,ev_C,C,10,
20190122205930,2019-01-22 20:59:30,2019-01-22 23:59:59,ev_C,C,13,
20190122205940,2019-01-22 20:59:40,2019-01-22 23:59:59,ev_C,C,12,
20190122205950,2019-01-22 20:59:50,2019-01-22 23:59:59,ev_C,C,15,
20190122210000,2019-01-22 21:00:00,2019-01-22 23:59:59,ev_C,C,4,
20190122210010,2019-01-22 21:00:10,2019-01-22 23:59:59,ev_N,K,3,
20190122210020,2019-01-22 21:00:20,2019-01-22 23:59:59,ev_C,C,18,
20190122210030,2019-01-22 21:00:30,2019-01-22 23:59:59,ev_N,K,3,
20190122210040,2019-01-22 21:00:40,2019-01-22 23:59:59,ev_C,C,13,
20190122210050,2019-01-22 21:00:50,2019-01-22 23:59:59,ev_C,C,20,
20190122210100,2019-01-22 21:01:00,2019-01-22 23:59:59,ev_C,C,14,
20190122210110,2019-01-22 21:01:10,2019-01-22 23:59:59,ev_C,C,17,
20190122210120,2019-01-22 21:01:20,2019-01-22 23:59:59,ev_C,C,14,
20190122210130,2019-01-22 21:01:30,2019-01-22 23:59:59,ev_K,K,4,
20190122210140,2019-01-22 21:01:40,2019-01-22 23:59:59,ev_C,C,7,
20190122210150,2019-01-22 21:01:50,2019-01-22 23:59:59,ev_N,K,1,
20190122210200,2019-01-22 21:02:00,2019-01-22 23:59:59,ev_C,C,7,
20190122210210,2019-01-22 21:02:10,2019-01-22 23:59:59,ev_K,K,2,
20190122210220,2019-01-22 21:02:20,2019-01-22 23:59:59,ev_N,K,3,
20190122210230,2019-01-22 21:02:30,2019-01-22 23:59:59,ev_C,C,9,
20190122210240,2019-01-22 21:02:40,2019-01-22 23:59:59,ev_C,C,11,
20190122210250,2019-01-22 21:02:50,2019-01-22 23:59:59,ev_C,C,9,
20190122210300,2019-01-22 21:03:00,2019-01-22 23:59:59,ev_K,K,1,
20190122210310,2019-01-22 21:03:10,2019-01-22 23:59:59,ev_K,K,4,
20190122210320,2019-01-22 21:03:20,2019-01-22 23:59:59,ev_C,C,18,
20190122210330,2019-01-22 21:03:30,2019-01-22 23:59:59,ev_C,C,11,
20190122210340,2019-01-22 21:03:40,2019-01-22 23:59:59,ev_C,C,6,
20190122210350,2019-01-22 21:03:50,2019-01-22 23:59:59,ev_K,K,2,
20190122210400,2019-01-22 21:04:00,2019-01-22 23:59:59,ev_C,C,15,
20190122210410,2019-01-22 21:04:10,2019-01-22 23:59:59,ev_C,C,6,
20190122210420,2019-01-22 21:04:20,2019-01-22 23:59:59,ev_C,C,19,
20190122210430,2019-01-22 21:04:30,2019-01-22 23:59:59,ev_K,K,2,
20190122210440,2019-01-22 21:04:40,2019-01-22 23:59:59,ev_K,K,4,
20190122210450,2019-01-22 21:04:50,2019-01-22 23:59:59,ev_C,C,4,
20190122210500,2019-01-22 21:05:00,2019-01-22 23:59:59,ev_C,C,9,
20190122210510,2019-01-22 21:05:10,2019-01-22 23:59:59,ev_K,K,2,
20190122210520,2019-01-22 21:05:20,2019-01-22 23:59:59,ev_C,C,17,
20190122210530,2019-01-22 21:05:30,2019-01-22 23:59:59,ev_K,K,4,
20190122210540,2019-01-22 21:05:40,2019-01-22 23:59:59,ev_C,C,18,
20190122210550,2019-01-22 21:05:50,2019-01-22 23:59:59,ev_C,C,16,
20190122210600,2019-01-22 21:06:00,2019-01-22 23:59:59,ev_C,C,14,
20190122210610,2019-01-22 21:06:10,2019-01-22 23:59:59,ev_N,K,3,
20190122210620,2019-01-22 21:06:20,2019-01-22 23:59:59,ev_C,C,11,
20190122210630,2019-01-22 21:06:30,2019-01-22 23:59:59,ev_C,C,7,
20190122210640,2019-01-22 21:06:40,2019-01-22 23:59:59,ev_K,K,3,
20190122210650,2019-01-22 21:06:50,2019-01-22 23:59:59,ev_C,C,2,
20190122210700,2019-01-22 21:07:00,2019-01-22 23:59:59,ev_C,C,16,
20190122210710,2019-01-22 21:07:10,2019-01-22 23:59:59,ev_K,K,2,
20190122210720,2019-01-22 21:07:20,2019-01-22 23:59:59,ev_C,C,1,
20190122210730,2019-01-22 21:07:30,2019-01-22 23:59:59,ev_N,K,5,
20190122210740,2019-01-22 21:07:40,2019-01-22 23:59:59,ev_K,K,3,
20190122210750,2019-01-22 21:07:50,2019-01-22 23:59:59,ev_N,K,2,
20190122210800,2019-01-22 21:08:00,2019-01-22 23:59:59,ev_C,C,19,
20190122210810,2019-01-22 21:08:10,2019-01-22 23:59:59,ev_C,C,6,
20190122210820,2019-01-22 21:08:20,2019-01-22 23:59:59,ev_C,C,2,
20190122210830,2019-01-22 21:08:30,2019-01-22 23:59:59,ev_C,C,13,
20190122210840,2019-01-22 21:08:40,2019-01-22 23:59:59,ev_C,C,3,
20190122210850,2019-01-22 21:08:50,2019-01-22 23:59:59,ev_C,C,13,
20190122210900,2019-01-22 21:09:00,2019-01-22 23:59:59,ev_N,K,4,
20190122210910,2019-01-22 21:09:10,2019-01-22 23:59:59,ev_K,K,5,
20190122210920,2019-01-22 21:09:20,2019-01-22 23:59:59,ev_C,C,8,
20190122210930,2019-01-22 21:09:30,2019-01-22 23:59:59,ev_C,C,13,
20190122210940,2019-01-22 21:09:40,2019-01-22 23:59:59,ev_C,C,15,
20190122210950,2019-01-22 21:09:50,2019-01-22 23:59:59,ev_K,K,5,
20190122211000,2019-01-22 21:10:00,2019-01-22 23:59:59,ev_K,K,3,
20190122211010,2019-01-22 21:10:10,2019-01-22 23:59:59,ev_C,C,18,
20190122211020,2019-01-22 21:10:20,2019-01-22 23:59:59,ev_C,C,14,
20190122211030,2019-01-22 21:10:30,2019-01-22 23:59:59,ev_K,K,3,
20190122211040,2019-01-22 21:10:40,2019-01-22 23:59:59,ev_C,C,18,
20190122211050,2019-01-22 21:10:50,2019-01-22 23:59:59,ev_C,C,16,
20190122211100,2019-01-22 21:11:00,2019-01-22 23:59:59,ev_C,C,3,
20190122211110,2019-01-22 21:11:10,2019-01-22 23:59:59,ev_C,C,18,
20190122211120,2019-01-22 21:11:20,2019-01-22 23:59:59,ev_C,C,13,
20190122211130,2019-01-22 21:11:30,2019-01-22 23:59:59,ev_C,C,13,
20190122211140,2019-01-22 21:11:40,2019-01-22 23:59:59,ev_C,C,18,
20190122211150,2019-01-22 21:11:50,2019-01-22 23:59:59,ev_K,K,5,
20190122211200,2019-01-22 21:12:00,2019-01-22 23:59:59,ev_K,K,3,
20190122211210,2019-01-22 21:12:10,2019-01-22 23:59:59,ev_K,K,1,
20190122211220,2019-01-22 21:12:20,2019-01-22 23:59:59,ev_K,K,5,
20190122211230,2019-01-22 21:12:30,2019-01-22 23:59:59,ev_C,C,15,
20190122211240,2019-01-22 21:12:40,2019-01-22 23:59:59,ev_C,C,20,
20190122211250,2019-01-22 21:12:50,2019-01-22 23:59:59,ev_C,C,1,
20190122211300,2019-01-22 21:13:00,2019-01-22 23:59:59,ev_K,K,2,
20190122211310,2019-01-22 21:13:10,2019-01-22 23:59:59,ev_C,C,5,
20190122211320,2019-01-22 21:13:20,2019-01-22 23:59:59,ev_C,C,5,
20190122211330,2019-01-22 21:13:30,2019-01-22 23:59:59,ev_C,C,1,
20190122211340,2019-01-22 21:13:40,2019-01-22 23:59:59,ev_C,C,3,
20190122211350,2019-01-22 21:13:50,2019-01-22 23:59:59,ev_C,C,17,
20190122211400,2019-01-22 21:14:00,2019-01-22 23:59:59,ev_C,C,18,
20190122211410,2019-01-22 21:14:10,2019-01-22 23:59:59,ev_C,C,11,
20190122211420,2019-01-22 21:14:20,2019-01-22 23:59:59,ev_C,C,9,
20190122211430,2019-01-22 21:14:30,2019-01-22 23:59:59,ev_C,C,11,
20190122211440,2019-01-22 21:14:40,2019-01-22 23:59:59,ev_C,C,8,
20190122211450,2019-01-22 21:14:50,2019-01-22 23:59:59,ev_K,K,5,
20190122211500,2019-01-22 21:15:00,2019-01-22 23:59:59,ev_C,C,13,
20190122211510,2019-01-22 21:15:10,2019-01-22 23:59:59,ev_N,K,5,
20190122211520,2019-01-22 21:15:20,2019-01-22 23:59:59,ev_C,C,20,
20190122211530,2019-01-22 21:15:30,2019-01-22 23:59:59,ev_C,C,10,
20190122211540,2019-01-22 21:15:40,2019-01-22 23:59:59,ev_N,K,2,
20190122211550,2019-01-22 21:15:50,2019-01-22 23:59:59,ev_C,C,1,
20190122211600,2019-01-22 21:16:00,2019-01-22 23:59:59,ev_C,C,17,
20190122211610,2019-01-22 21:16:10,2019-01-22 23:59:59,ev_K,K,2,
20190122211620,2019-01-22 21:16:20,2019-01-22 23:59:59,ev_K,K,1,
20190122211630,2019-01-22 21:16:30,2019-01-22 23:59:59,ev_C,C,1,
20190122211640,2019-01-22 21:16:40,2019-01-22 23:59:59,ev_C,C,20,
20190122211650,2019-01-22 21:16:50,2019-01-22 23:59:59,ev_C,C,15,
20190122211700,2019-01-22 21:17:00,2019-01-22 23:59:59,ev_C,C,5,
20190122211710,2019-01-22 21:17:10,2019-01-22 23:59:59,ev_C,C,8,
20190122211720,2019-01-22 21:17:20,2019-01-22 23:59:59,ev_C,C,18,
20190122211730,2019-01-22 21:17:30,2019-01-22 23:59:59,ev_K,K,5,
20190122211740,2019-01-22 21:17:40,2019-01-22 23:59:59,ev_C,C,9,
20190122211750,2019-01-22 21:17:50,2019-01-22 23:59:59,ev_C,C,19,
20190122211800,2019-01-22 21:18:00,2019-01-22 23:59:59,ev_K,K,4,
20190122211810,2019-01-22 21:18:10,2019-01-22 23:59:59,ev_K,K,5,
20190122211820,2019-01-22 21:18:20,2019-01-22 23:59:59,ev_C,C,8,
20190122211830,2019-01-22 21:18:30,2019-01-22 23:59:59,ev_C,C,18,
20190122211840,2019-01-22 21:18:40,2019-01-22 23:59:59,ev_N,K,1,
20190122211850,2019-01-22 21:18:50,2019-01-22 23:59:59,ev_C,C,14,
20190122211900,2019-01-22 21:19:00,2019-01-22 23:59:59,ev_C,C,18,
20190122211910,2019-01-22 21:19:10,2019-01-22 23:59:59,ev_C,C,9,
20190122211920,2019-01-22 21:19:20,2019-01-22 23:59:59,ev_C,C,5,
20190122211930,2019-01-22 21:19:30,2019-01-22 23:59:59,ev_C,C,8,
20190122211940,2019-01-22 21:19:40,2019-01-22 23:59:59,ev_C,C,5,
20190122211950,2019-01-22 21:19:50,2019-01-22 23:59:59,ev_C,C,8,
20190122212000,2019-01-22 21:20:00,2019-01-22 23:59:59,ev_K,K,3,
20190122212010,2019-01-22 21:20:10,2019-01-22 23:59:59,ev_C,C,17,
20190122212020,2019-01-22 21:20:20,2019-01-22 23:59:59,ev_K,K,2,
20190122212030,2019-01-22 21:20:30,2019-01-22 23:59:59,ev_C,C,16,
20190122212040,2019-01-22 21:20:40,2019-01-22 23:59:59,ev_C,C,20,
20190122212050,2019-01-22 21:20:50,2019-01-22 23:59:59,ev_C,C,9,
20190122212100,2019-01-22 21:21:00,2019-01-22 23:59:59,ev_N,K,4,
20190122212110,2019-01-22 21:21:10,2019-01-22 23:59:59,ev_C,C,16,
20190122212120,2019-01-22 21:21:20,2019-01-22 23:59:59,ev_C,C,15,
20190122212130,2019-01-22 21:21:30,2019-01-22 23:59:59,ev_K,K,2,
20190122212140,2019-01-22 21:21:40,2019-01-22 23:59:59,ev_K,K,5,
20190122212150,2019-01-22 21:21:50,2019-01-22 23:59:59,ev_C,C,18,
20190122212200,2019-01-22 21:22:00,2019-01-22 23:59:59,ev_K,K,1,
20190122212210,2019-01-22 21:22:10,2019-01-22 23:59:59,ev_C,C,4,
20190122212220,2019-01-22 21:22:20,2019-01-22 23:59:59,ev_C,C,5,
20190122212230,2019-01-22 21:22:30,2019-01-22 23:59:59,ev_K,K,1,
20190122212240,2019-01-22 21:22:40,2019-01-22 23:59:59,ev_C,C,7,
20190122212250,2019-01-22 21:22:50,2019-01-22 23:59:59,ev_C,C,1,
20190122212300,2019-01-22 21:23:00,2019-01-22 23:59:59,ev_C,C,16,
20190122212310,2019-01-22 21:23:10,2019-01-22 23:59:59,ev_K,K,2,
20190122212320,2019-01-22 21:23:20,2019-01-22 23:59:59,ev_C,C,20,
20190122212330,2019-01-22 21:23:30,2019-01-22 23:59:59,ev_C,C,9,
20190122212340,2019-01-22 21:23:40,2019-01-22 23:59:59,ev_K,K,3,
20190122212350,2019-01-22 21:23:50,2019-01-22 23:59:59,ev_C,C,8,
20190122212400,2019-01-22 21:24:00,2019-01-22 23:59:59,ev_C,C,14,
20190122212410,2019-01-22 21:24:10,2019-01-22 23:59:59,ev_K,K,1,
20190122212420,2019-01-22 21:24:20,2019-01-22 23:59:59,ev_C,C,3,
20190122212430,2019-01-22 21:24:30,2019-01-22 23:59:59,ev_C,C,18,
20190122212440,2019-01-22 21:24:40,2019-01-22 23:59:59,ev_C,C,7,
20190122212450,2019-01-22 21:24:50,2019-01-22 23:59:59,ev_C,C,1,
20190122212500,2019-01-22 21:25:00,2019-01-22 23:59:59,ev_C,C,1,
20190122212510,2019-01-22 21:25:10,2019-01-22 23:59:59,ev_C,C,4,
20190122212520,2019-01-22 21:25:20,2019-01-22 23:59:59,ev_K,K,3,
20190122212530,2019-01-22 21:25:30,2019-01-22 23:59:59,ev_C,C,4,
20190122212540,2019-01-22 21:25:40,2019-01-22 23:59:59,ev_C,C,18,
20190122212550,2019-01-22 21:25:50,2019-01-22 23:59:59,ev_C,C,3,
20190122212600,2019-01-22 21:26:00,2019-01-22 23:59:59,ev_C,C,3,
20190122212610,2019-01-22 21:26:10,2019-01-22 23:59:59,ev_C,C,20,
20190122212620,2019-01-22 21:26:20,2019-01-22 23:59:59,ev_C,C,9,
20190122212630,2019-01-22 21:26:30,2019-01-22 23:59:59,ev_C,C,13,
20190122212640,2019-01-22 21:26:40,2019-01-22 23:59:59,ev_C,C,3,
20190122212650,2019-01-22 21:26:50,2019-01-22 23:59:59,ev_C,C,7,
20190122212700,2019-01-22 21:27:00,2019-01-22 23:59:59,ev_C,C,19,
20190122212710,2019-01-22 21:27:10,2019-01-22 23:59:59,ev_C,C,14,
20190122212720,2019-01-22 21:27:20,2019-01-22 23:59:59,ev_C,C,17,
20190122212730,2019-01-22 21:27:30,2019-01-22 23:59:59,ev_C,C,4,
20190122212740,2019-01-22 21:27:40,2019-01-22 23:59:59,ev_C,C,5,
20190122212750,2019-01-22 21:27:50,2019-01-22 23:59:59,ev_C,C,15,
20190122212800,2019-01-22 21:28:00,2019-01-22 23:59:59,ev_C,C,15,
20190122212810,2019-01-22 21:28:10,2019-01-22 23:59:59,ev_N,K,3,
20190122212820,2019-01-22 21:28:20,2019-01-22 23:59:59,ev_C,C,16,
20190122212830,2019-01-22 21:28:30,2019-01-22 23:59:59,ev_C,C,4,
20190122212840,2019-01-22 21:28:40,2019-01-22 23:59:59,ev_C,C,5,
20190122212850,2019-01-22 21:28:50,2019-01-22 23:59:59,ev_C,C,10,
20190122212900,2019-01-22 21:29:00,2019-01-22 23:59:59,ev_K,K,3,
20190122212910,2019-01-22 21:29:10,2019-01-22 23:59:59,ev_C,C,2,
20190122212920,2019-01-22 21:29:20,2019-01-22 23:59:59,ev_K,K,3,
20190122212930,2019-01-22 21:29:30,2019-01-22 23:59:59,ev_C,C,2,
20190122212940,2019-01-22 21:29:40,2019-01-22 23:59:59,ev_C,C,6,
20190122212950,2019-01-22 21:29:50,2019-01-22 23:59:59,ev_K,K,4,
20190122213000,2019-01-22 21:30:00,2019-01-22 23:59:59,ev_C,C,9,
20190122213010,2019-01-22 21:30:10,2019-01-22 23:59:59,ev_K,K,5,
20190122213020,2019-01-22 21:30:20,2019-01-22 23:59:59,ev_C,C,12,
20190122213030,2019-01-22 21:30:30,2019-01-22 23:59:59,ev_C,C,4,
20190122213040,2019-01-22 21:30:40,2019-01-22 23:59:59,ev_C,C,10,
20190122213050,2019-01-22 21:30:50,2019-01-22 23:59:59,ev_C,C,6,
20190122213100,2019-01-22 21:31:00,2019-01-22 23:59:59,ev_C,C,12,
20190122213110,2019-01-22 21:31:10,2019-01-22 23:59:59,ev_C,C,1,
20190122213120,2019-01-22 21:31:20,2019-01-22 23:59:59,ev_C,C,3,
20190122213130,2019-01-22 21:31:30,2019-01-22 23:59:59,ev_C,C,18,
20190122213140,2019-01-22 21:31:40,2019-01-22 23:59:59,ev_C,C,3,
20190122213150,2019-01-22 21:31:50,2019-01-22 23:59:59,ev_C,C,2,
20190122213200,2019-01-22 21:32:00,2019-01-22 23:59:59,ev_C,C,2,
20190122213210,2019-01-22 21:32:10,2019-01-22 23:59:59,ev_C,C,14,
20190122213220,2019-01-22 21:32:20,2019-01-22 23:59:59,ev_K,K,3,
20190122213230,2019-01-22 21:32:30,2019-01-22 23:59:59,ev_K,K,2,
20190122213240,2019-01-22 21:32:40,2019-01-22 23:59:59,ev_K,K,4,
20190122213250,2019-01-22 21:32:50,2019-01-22 23:59:59,ev_K,K,4,
20190122213300,2019-01-22 21:33:00,2019-01-22 23:59:59,ev_C,C,1,
20190122213310,2019-01-22 21:33:10,2019-01-22 23:59:59,ev_C,C,12,
20190122213320,2019-01-22 21:33:20,2019-01-22 23:59:59,ev_K,K,3,
20190122213330,2019-01-22 21:33:30,2019-01-22 23:59:59,ev_C,C,6,
20190122213340,2019-01-22 21:33:40,2019-01-22 23:59:59,ev_K,K,5,
20190122213350,2019-01-22 21:33:50,2019-01-22 23:59:59,ev_N,K,4,
20190122213400,2019-01-22 21:34:00,2019-01-22 23:59:59,ev_C,C,2,
20190122213410,2019-01-22 21:34:10,2019-01-22 23:59:59,ev_K,K,2,
20190122213420,2019-01-22 21:34:20,2019-01-22 23:59:59,ev_C,C,8,
20190122213430,2019-01-22 21:34:30,2019-01-22 23:59:59,ev_N,K,2,
20190122213440,2019-01-22 21:34:40,2019-01-22 23:59:59,ev_C,C,19,
20190122213450,2019-01-22 21:34:50,2019-01-22 23:59:59,ev_C,C,12,
20190122213500,2019-01-22 21:35:00,2019-01-22 23:59:59,ev_C,C,20,
20190122213510,2019-01-22 21:35:10,2019-01-22 23:59:59,ev_C,C,9,
20190122213520,2019-01-22 21:35:20,2019-01-22 23:59:59,ev_C,C,10,
20190122213530,2019-01-22 21:35:30,2019-01-22 23:59:59,ev_C,C,7,
20190122213540,2019-01-22 21:35:40,2019-01-22 23:59:59,ev_C,C,15,
20190122213550,2019-01-22 21:35:50,2019-01-22 23:59:59,ev_N,K,2,
20190122213600,2019-01-22 21:36:00,2019-01-22 23:59:59,ev_C,C,15,
20190122213610,2019-01-22 21:36:10,2019-01-22 23:59:59,ev_C,C,9,
20190122213620,2019-01-22 21:36:20,2019-01-22 23:59:59,ev_K,K,5,
20190122213630,2019-01-22 21:36:30,2019-01-22 23:59:59,ev_C,C,19,
20190122213640,2019-01-22 21:36:40,2019-01-22 23:59:59,ev_C,C,5,
20190122213650,2019-01-22 21:36:50,2019-01-22 23:59:59,ev_C,C,9,
20190122213700,2019-01-22 21:37:00,2019-01-22 23:59:59,ev_C,C,15,
20190122213710,2019-01-22 21:37:10,2019-01-22 23:59:59,ev_C,C,20,
20190122213720,2019-01-22 21:37:20,2019-01-22 23:59:59,ev_K,K,3,
20190122213730,2019-01-22 21:37:30,2019-01-22 23:59:59,ev_C,C,5,
20190122213740,2019-01-22 21:37:40,2019-01-22 23:59:59,ev_K,K,2,
20190122213750,2019-01-22 21:37:50,2019-01-22 23:59:59,ev_K,K,5,
20190122213800,2019-01-22 21:38:00,2019-01-22 23:59:59,ev_C,C,10,
20190122213810,2019-01-22 21:38:10,2019-01-22 23:59:59,ev_K,K,1,
20190122213820,2019-01-22 21:38:20,2019-01-22 23:59:59,ev_C,C,13,
20190122213830,2019-01-22 21:38:30,2019-01-22 23:59:59,ev_C,C,6,
20190122213840,2019-01-22 21:38:40,2019-01-22 23:59:59,ev_C,C,16,
20190122213850,2019-01-22 21:38:50,2019-01-22 23:59:59,ev_C,C,19,
20190122213900,2019-01-22 21:39:00,2019-01-22 23:59:59,ev_C,C,20,
20190122213910,2019-01-22 21:39:10,2019-01-22 23:59:59,ev_C,C,10,
20190122213920,2019-01-22 21:39:20,2019-01-22 23:59:59,ev_C,C,16,
20190122213930,2019-01-22 21:39:30,2019-01-22 23:59:59,ev_C,C,13,
20190122213940,2019-01-22 21:39:40,2019-01-22 23:59:59,ev_C,C,19,
20190122213950,2019-01-22 21:39:50,2019-01-22 23:59:59,ev_C,C,12,
20190122214000,2019-01-22 21:40:00,2019-01-22 23:59:59,ev_C,C,5,
20190122214010,2019-01-22 21:40:10,2019-01-22 23:59:59,ev_K,K,4,
20190122214020,2019-01-22 21:40:20,2019-01-22 23:59:59,ev_C,C,19,
20190122214030,2019-01-22 21:40:30,2019-01-22 23:59:59,ev_C,C,1,
20190122214040,2019-01-22 21:40:40,2019-01-22 23:59:59,ev_C,C,13,
20190122214050,2019-01-22 21:40:50,2019-01-22 23:59:59,ev_C,C,13,
20190122214100,2019-01-22 21:41:00,2019-01-22 23:59:59,ev_K,K,2,
20190122214110,2019-01-22 21:41:10,2019-01-22 23:59:59,ev_C,C,4,
20190122214120,2019-01-22 21:41:20,2019-01-22 23:59:59,ev_C,C,13,
20190122214130,2019-01-22 21:41:30,2019-01-22 23:59:59,ev_C,C,16,
20190122214140,2019-01-22 21:41:40,2019-01-22 23:59:59,ev_C,C,5,
20190122214150,2019-01-22 21:41:50,2019-01-22 23:59:59,ev_K,K,1,
20190122214200,2019-01-22 21:42:00,2019-01-22 23:59:59,ev_C,C,12,
20190122214210,2019-01-22 21:42:10,2019-01-22 23:59:59,ev_C,C,7,
20190122214220,2019-01-22 21:42:20,2019-01-22 23:59:59,ev_C,C,5,
20190122214230,2019-01-22 21:42:30,2019-01-22 23:59:59,ev_C,C,15,
20190122214240,2019-01-22 21:42:40,2019-01-22 23:59:59,ev_C,C,11,
20190122214250,2019-01-22 21:42:50,2019-01-22 23:59:59,ev_C,C,9,
20190122214300,2019-01-22 21:43:00,2019-01-22 23:59:59,ev_C,C,8,
20190122214310,2019-01-22 21:43:10,2019-01-22 23:59:59,ev_C,C,12,
20190122214320,2019-01-22 21:43:20,2019-01-22 23:59:59,ev_K,K,4,
20190122214330,2019-01-22 21:43:30,2019-01-22 23:59:59,ev_C,C,7,
20190122214340,2019-01-22 21:43:40,2019-01-22 23:59:59,ev_K,K,5,
20190122214350,2019-01-22 21:43:50,2019-01-22 23:59:59,ev_C,C,13,
20190122214400,2019-01-22 21:44:00,2019-01-22 23:59:59,ev_N,K,3,
20190122214410,2019-01-22 21:44:10,2019-01-22 23:59:59,ev_K,K,3,
20190122214420,2019-01-22 21:44:20,2019-01-22 23:59:59,ev_C,C,2,
20190122214430,2019-01-22 21:44:30,2019-01-22 23:59:59,ev_N,K,5,
20190122214440,2019-01-22 21:44:40,2019-01-22 23:59:59,ev_C,C,12,
20190122214450,2019-01-22 21:44:50,2019-01-22 23:59:59,ev_C,C,15,
20190122214500,2019-01-22 21:45:00,2019-01-22 23:59:59,ev_C,C,6,
20190122214510,2019-01-22 21:45:10,2019-01-22 23:59:59,ev_C,C,16,
20190122214520,2019-01-22 21:45:20,2019-01-22 23:59:59,ev_C,C,15,
20190122214530,2019-01-22 21:45:30,2019-01-22 23:59:59,ev_C,C,13,
20190122214540,2019-01-22 21:45:40,2019-01-22 23:59:59,ev_C,C,2,
20190122214550,2019-01-22 21:45:50,2019-01-22 23:59:59,ev_N,K,4,
20190122214600,2019-01-22 21:46:00,2019-01-22 23:59:59,ev_C,C,2,
20190122214610,2019-01-22 21:46:10,2019-01-22 23:59:59,ev_C,C,8,
20190122214620,2019-01-22 21:46:20,2019-01-22 23:59:59,ev_C,C,4,
20190122214630,2019-01-22 21:46:30,2019-01-22 23:59:59,ev_N,K,3,
20190122214640,2019-01-22 21:46:40,2019-01-22 23:59:59,ev_C,C,2,
20190122214650,2019-01-22 21:46:50,2019-01-22 23:59:59,ev_K,K,3,
20190122214700,2019-01-22 21:47:00,2019-01-22 23:59:59,ev_K,K,2,
20190122214710,2019-01-22 21:47:10,2019-01-22 23:59:59,ev_C,C,14,
20190122214720,2019-01-22 21:47:20,2019-01-22 23:59:59,ev_C,C,4,
20190122214730,2019-01-22 21:47:30,2019-01-22 23:59:59,ev_C,C,6,
20190122214740,2019-01-22 21:47:40,2019-01-22 23:59:59,ev_C,C,1,
20190122214750,2019-01-22 21:47:50,2019-01-22 23:59:59,ev_N,K,2,
20190122214800,2019-01-22 21:48:00,2019-01-22 23:59:59,ev_K,K,4,
20190122214810,2019-01-22 21:48:10,2019-01-22 23:59:59,ev_C,C,1,
20190122214820,2019-01-22 21:48:20,2019-01-22 23:59:59,ev_C,C,7,
20190122214830,2019-01-22 21:48:30,2019-01-22 23:59:59,ev_C,C,5,
20190122214840,2019-01-22 21:48:40,2019-01-22 23:59:59,ev_C,C,14,
20190122214850,2019-01-22 21:48:50,2019-01-22 23:59:59,ev_C,C,10,
20190122214900,2019-01-22 21:49:00,2019-01-22 23:59:59,ev_C,C,11,
20190122214910,2019-01-22 21:49:10,2019-01-22 23:59:59,ev_C,C,8,
20190122214920,2019-01-22 21:49:20,2019-01-22 23:59:59,ev_C,C,4,
20190122214930,2019-01-22 21:49:30,2019-01-22 23:59:59,ev_C,C,10,
20190122214940,2019-01-22 21:49:40,2019-01-22 23:59:59,ev_K,K,2,
20190122214950,2019-01-22 21:49:50,2019-01-22 23:59:59,ev_N,K,5,
20190122215000,2019-01-22 21:50:00,2019-01-22 23:59:59,ev_K,K,5,
20190122215010,2019-01-22 21:50:10,2019-01-22 23:59:59,ev_C,C,20,
20190122215020,2019-01-22 21:50:20,2019-01-22 23:59:59,ev_C,C,10,
20190122215030,2019-01-22 21:50:30,2019-01-22 23:59:59,ev_N,K,1,
20190122215040,2019-01-22 21:50:40,2019-01-22 23:59:59,ev_K,K,2,
20190122215050,2019-01-22 21:50:50,2019-01-22 23:59:59,ev_C,C,7,
20190122215100,2019-01-22 21:51:00,2019-01-22 23:59:59,ev_C,C,20,
20190122215110,2019-01-22 21:51:10,2019-01-22 23:59:59,ev_K,K,2,
20190122215120,2019-01-22 21:51:20,2019-01-22 23:59:59,ev_K,K,3,
20190122215130,2019-01-22 21:51:30,2019-01-22 23:59:59,ev_C,C,6,
20190122215140,2019-01-22 21:51:40,2019-01-22 23:59:59,ev_N,K,4,
20190122215150,2019-01-22 21:51:50,2019-01-22 23:59:59,ev_K,K,2,
20190122215200,2019-01-22 21:52:00,2019-01-22 23:59:59,ev_C,C,1,
20190122215210,2019-01-22 21:52:10,2019-01-22 23:59:59,ev_C,C,13,
20190122215220,2019-01-22 21:52:20,2019-01-22 23:59:59,ev_C,C,8,
20190122215230,2019-01-22 21:52:30,2019-01-22 23:59:59,ev_C,C,11,
20190122215240,2019-01-22 21:52:40,2019-01-22 23:59:59,ev_C,C,12,
20190122215250,2019-01-22 21:52:50,2019-01-22 23:59:59,ev_C,C,9,
20190122215300,2019-01-22 21:53:00,2019-01-22 23:59:59,ev_C,C,18,
20190122215310,2019-01-22 21:53:10,2019-01-22 23:59:59,ev_C,C,6,
20190122215320,2019-01-22 21:53:20,2019-01-22 23:59:59,ev_C,C,17,
20190122215330,2019-01-22 21:53:30,2019-01-22 23:59:59,ev_C,C,8,
20190122215340,2019-01-22 21:53:40,2019-01-22 23:59:59,ev_K,K,4,
20190122215350,2019-01-22 21:53:50,2019-01-22 23:59:59,ev_C,C,13,
20190122215400,2019-01-22 21:54:00,2019-01-22 23:59:59,ev_K,K,2,
20190122215410,2019-01-22 21:54:10,2019-01-22 23:59:59,ev_C,C,16,
20190122215420,2019-01-22 21:54:20,2019-01-22 23:59:59,ev_C,C,11,
20190122215430,2019-01-22 21:54:30,2019-01-22 23:59:59,ev_K,K,5,
20190122215440,2019-01-22 21:54:40,2019-01-22 23:59:59,ev_N,K,5,
20190122215450,2019-01-22 21:54:50,2019-01-22 23:59:59,ev_N,K,1,
20190122215500,2019-01-22 21:55:00,2019-01-22 23:59:59,ev_C,C,5,
20190122215510,2019-01-22 21:55:10,2019-01-22 23:59:59,ev_C,C,12,
20190122215520,2019-01-22 21:55:20,2019-01-22 23:59:59,ev_C,C,10,
20190122215530,2019-01-22 21:55:30,2019-01-22 23:59:59,ev_C,C,1,
20190122215540,2019-01-22 21:55:40,2019-01-22 23:59:59,ev_C,C,4,
20190122215550,2019-01-22 21:55:50,2019-01-22 23:59:59,ev_C,C,10,
20190122215600,2019-01-22 21:56:00,2019-01-22 23:59:59,ev_C,C,19,
20190122215610,2019-01-22 21:56:10,2019-01-22 23:59:59,ev_C,C,11,
20190122215620,2019-01-22 21:56:20,2019-01-22 23:59:59,ev_K,K,1,
20190122215630,2019-01-22 21:56:30,2019-01-22 23:59:59,ev_C,C,16,
20190122215640,2019-01-22 21:56:40,2019-01-22 23:59:59,ev_K,K,5,
20190122215650,2019-01-22 21:56:50,2019-01-22 23:59:59,ev_C,C,3,
20190122215700,2019-01-22 21:57:00,2019-01-22 23:59:59,ev_K,K,5,
20190122215710,2019-01-22 21:57:10,2019-01-22 23:59:59,ev_C,C,10,
20190122215720,2019-01-22 21:57:20,2019-01-22 23:59:59,ev_C,C,19,
20190122215730,2019-01-22 21:57:30,2019-01-22 23:59:59,ev_K,K,4,
20190122215740,2019-01-22 21:57:40,2019-01-22 23:59:59,ev_C,C,4,
20190122215750,2019-01-22 21:57:50,2019-01-22 23:59:59,ev_C,C,20,
20190122215800,2019-01-22 21:58:00,2019-01-22 23:59:59,ev_C,C,6,
20190122215810,2019-01-22 21:58:10,2019-01-22 23:59:59,ev_N,K,1,
20190122215820,2019-01-22 21:58:20,2019-01-22 23:59:59,ev_C,C,15,
20190122215830,2019-01-22 21:58:30,2019-01-22 23:59:59,ev_K,K,5,
20190122215840,2019-01-22 21:58:40,2019-01-22 23:59:59,ev_C,C,10,
20190122215850,2019-01-22 21:58:50,2019-01-22 23:59:59,ev_C,C,1,
20190122215900,2019-01-22 21:59:00,2019-01-22 23:59:59,ev_N,K,3,
20190122215910,2019-01-22 21:59:10,2019-01-22 23:59:59,ev_C,C,6,
20190122215920,2019-01-22 21:59:20,2019-01-22 23:59:59,ev_C,C,7,
20190122215930,2019-01-22 21:59:30,2019-01-22 23:59:59,ev_C,C,2,
20190122215940,2019-01-22 21:59:40,2019-01-22 23:59:59,ev_C,C,19,
20190122215950,2019-01-22 21:59:50,2019-01-22 23:59:59,ev_C,C,2,
20190122220000,2019-01-22 22:00:00,2019-01-22 23:59:59,ev_C,C,18,
20190122220010,2019-01-22 22:00:10,2019-01-22 23:59:59,ev_C,C,13,
20190122220020,2019-01-22 22:00:20,2019-01-22 23:59:59,ev_C,C,10,
20190122220030,2019-01-22 22:00:30,2019-01-22 23:59:59,ev_C,C,12,
20190122220040,2019-01-22 22:00:40,2019-01-22 23:59:59,ev_N,K,3,
20190122220050,2019-01-22 22:00:50,2019-01-22 23:59:59,ev_C,C,17,
20190122220100,2019-01-22 22:01:00,2019-01-22 23:59:59,ev_C,C,1,
20190122220110,2019-01-22 22:01:10,2019-01-22 23:59:59,ev_C,C,8,
20190122220120,2019-01-22 22:01:20,2019-01-22 23:59:59,ev_C,C,14,
20190122220130,2019-01-22 22:01:30,2019-01-22 23:59:59,ev_C,C,18,
20190122220140,2019-01-22 22:01:40,2019-01-22 23:59:59,ev_C,C,13,
20190122220150,2019-01-22 22:01:50,2019-01-22 23:59:59,ev_C,C,4,
20190122220200,2019-01-22 22:02:00,2019-01-22 23:59:59,ev_C,C,16,
20190122220210,2019-01-22 22:02:10,2019-01-22 23:59:59,ev_K,K,5,
20190122220220,2019-01-22 22:02:20,2019-01-22 23:59:59,ev_C,C,3,
20190122220230,2019-01-22 22:02:30,2019-01-22 23:59:59,ev_C,C,20,
20190122220240,2019-01-22 22:02:40,2019-01-22 23:59:59,ev_K,K,4,
20190122220250,2019-01-22 22:02:50,2019-01-22 23:59:59,ev_C,C,17,
20190122220300,2019-01-22 22:03:00,2019-01-22 23:59:59,ev_C,C,12,
20190122220310,2019-01-22 22:03:10,2019-01-22 23:59:59,ev_C,C,9,
20190122220320,2019-01-22 22:03:20,2019-01-22 23:59:59,ev_N,K,4,
20190122220330,2019-01-22 22:03:30,2019-01-22 23:59:59,ev_K,K,2,
20190122220340,2019-01-22 22:03:40,2019-01-22 23:59:59,ev_N,K,2,
20190122220350,2019-01-22 22:03:50,2019-01-22 23:59:59,ev_C,C,16,
20190122220400,2019-01-22 22:04:00,2019-01-22 23:59:59,ev_C,C,16,
20190122220410,2019-01-22 22:04:10,2019-01-22 23:59:59,ev_C,C,5,
20190122220420,2019-01-22 22:04:20,2019-01-22 23:59:59,ev_C,C,15,
20190122220430,2019-01-22 22:04:30,2019-01-22 23:59:59,ev_K,K,3,
20190122220440,2019-01-22 22:04:40,2019-01-22 23:59:59,ev_C,C,12,
20190122220450,2019-01-22 22:04:50,2019-01-22 23:59:59,ev_C,C,14,
20190122220500,2019-01-22 22:05:00,2019-01-22 23:59:59,ev_C,C,1,
20190122220510,2019-01-22 22:05:10,2019-01-22 23:59:59,ev_C,C,4,
20190122220520,2019-01-22 22:05:20,2019-01-22 23:59:59,ev_C,C,20,
20190122220530,2019-01-22 22:05:30,2019-01-22 23:59:59,ev_K,K,2,
20190122220540,2019-01-22 22:05:40,2019-01-22 23:59:59,ev_C,C,13,
20190122220550,2019-01-22 22:05:50,2019-01-22 23:59:59,ev_C,C,3,
20190122220600,2019-01-22 22:06:00,2019-01-22 23:59:59,ev_K,K,4,
20190122220610,2019-01-22 22:06:10,2019-01-22 23:59:59,ev_C,C,4,
20190122220620,2019-01-22 22:06:20,2019-01-22 23:59:59,ev_C,C,17,
20190122220630,2019-01-22 22:06:30,2019-01-22 23:59:59,ev_K,K,1,
20190122220640,2019-01-22 22:06:40,2019-01-22 23:59:59,ev_C,C,1,
20190122220650,2019-01-22 22:06:50,2019-01-22 23:59:59,ev_C,C,19,
20190122220700,2019-01-22 22:07:00,2019-01-22 23:59:59,ev_C,C,1,
20190122220710,2019-01-22 22:07:10,2019-01-22 23:59:59,ev_C,C,9,
20190122220720,2019-01-22 22:07:20,2019-01-22 23:59:59,ev_C,C,8,
20190122220730,2019-01-22 22:07:30,2019-01-22 23:59:59,ev_C,C,9,
20190122220740,2019-01-22 22:07:40,2019-01-22 23:59:59,ev_C,C,17,
20190122220750,2019-01-22 22:07:50,2019-01-22 23:59:59,ev_C,C,18,
20190122220800,2019-01-22 22:08:00,2019-01-22 23:59:59,ev_C,C,7,
20190122220810,2019-01-22 22:08:10,2019-01-22 23:59:59,ev_C,C,19,
20190122220820,2019-01-22 22:08:20,2019-01-22 23:59:59,ev_C,C,13,
20190122220830,2019-01-22 22:08:30,2019-01-22 23:59:59,ev_C,C,18,
20190122220840,2019-01-22 22:08:40,2019-01-22 23:59:59,ev_K,K,3,
20190122220850,2019-01-22 22:08:50,2019-01-22 23:59:59,ev_C,C,10,
20190122220900,2019-01-22 22:09:00,2019-01-22 23:59:59,ev_K,K,1,
20190122220910,2019-01-22 22:09:10,2019-01-22 23:59:59,ev_C,C,5,
20190122220920,2019-01-22 22:09:20,2019-01-22 23:59:59,ev_C,C,18,
20190122220930,2019-01-22 22:09:30,2019-01-22 23:59:59,ev_C,C,20,
20190122220940,2019-01-22 22:09:40,2019-01-22 23:59:59,ev_C,C,5,
20190122220950,2019-01-22 22:09:50,2019-01-22 23:59:59,ev_C,C,2,
20190122221000,2019-01-22 22:10:00,2019-01-22 23:59:59,ev_N,K,4,
20190122221010,2019-01-22 22:10:10,2019-01-22 23:59:59,ev_C,C,16,
20190122221020,2019-01-22 22:10:20,2019-01-22 23:59:59,ev_C,C,17,
20190122221030,2019-01-22 22:10:30,2019-01-22 23:59:59,ev_C,C,19,
20190122221040,2019-01-22 22:10:40,2019-01-22 23:59:59,ev_C,C,3,
20190122221050,2019-01-22 22:10:50,2019-01-22 23:59:59,ev_C,C,8,
20190122221100,2019-01-22 22:11:00,2019-01-22 23:59:59,ev_N,K,2,
20190122221110,2019-01-22 22:11:10,2019-01-22 23:59:59,ev_C,C,11,
20190122221120,2019-01-22 22:11:20,2019-01-22 23:59:59,ev_N,K,3,
20190122221130,2019-01-22 22:11:30,2019-01-22 23:59:59,ev_C,C,2,
20190122221140,2019-01-22 22:11:40,2019-01-22 23:59:59,ev_C,C,5,
20190122221150,2019-01-22 22:11:50,2019-01-22 23:59:59,ev_C,C,14,
20190122221200,2019-01-22 22:12:00,2019-01-22 23:59:59,ev_C,C,18,
20190122221210,2019-01-22 22:12:10,2019-01-22 23:59:59,ev_K,K,3,
20190122221220,2019-01-22 22:12:20,2019-01-22 23:59:59,ev_K,K,2,
20190122221230,2019-01-22 22:12:30,2019-01-22 23:59:59,ev_K,K,5,
20190122221240,2019-01-22 22:12:40,2019-01-22 23:59:59,ev_C,C,7,
20190122221250,2019-01-22 22:12:50,2019-01-22 23:59:59,ev_C,C,18,
20190122221300,2019-01-22 22:13:00,2019-01-22 23:59:59,ev_C,C,1,
20190122221310,2019-01-22 22:13:10,2019-01-22 23:59:59,ev_C,C,3,
20190122221320,2019-01-22 22:13:20,2019-01-22 23:59:59,ev_C,C,10,
20190122221330,2019-01-22 22:13:30,2019-01-22 23:59:59,ev_C,C,7,
20190122221340,2019-01-22 22:13:40,2019-01-22 23:59:59,ev_C,C,15,
20190122221350,2019-01-22 22:13:50,2019-01-22 23:59:59,ev_K,K,1,
20190122221400,2019-01-22 22:14:00,2019-01-22 23:59:59,ev_C,C,11,
20190122221410,2019-01-22 22:14:10,2019-01-22 23:59:59,ev_N,K,5,
20190122221420,2019-01-22 22:14:20,2019-01-22 23:59:59,ev_C,C,19,
20190122221430,2019-01-22 22:14:30,2019-01-22 23:59:59,ev_K,K,5,
20190122221440,2019-01-22 22:14:40,2019-01-22 23:59:59,ev_C,C,6,
20190122221450,2019-01-22 22:14:50,2019-01-22 23:59:59,ev_C,C,12,
20190122221500,2019-01-22 22:15:00,2019-01-22 23:59:59,ev_C,C,9,
20190122221510,2019-01-22 22:15:10,2019-01-22 23:59:59,ev_C,C,6,
20190122221520,2019-01-22 22:15:20,2019-01-22 23:59:59,ev_K,K,1,
20190122221530,2019-01-22 22:15:30,2019-01-22 23:59:59,ev_C,C,18,
20190122221540,2019-01-22 22:15:40,2019-01-22 23:59:59,ev_C,C,5,
20190122221550,2019-01-22 22:15:50,2019-01-22 23:59:59,ev_K,K,3,
20190122221600,2019-01-22 22:16:00,2019-01-22 23:59:59,ev_C,C,19,
20190122221610,2019-01-22 22:16:10,2019-01-22 23:59:59,ev_K,K,2,
20190122221620,2019-01-22 22:16:20,2019-01-22 23:59:59,ev_C,C,8,
20190122221630,2019-01-22 22:16:30,2019-01-22 23:59:59,ev_N,K,1,
20190122221640,2019-01-22 22:16:40,2019-01-22 23:59:59,ev_C,C,17,
20190122221650,2019-01-22 22:16:50,2019-01-22 23:59:59,ev_K,K,4,
20190122221700,2019-01-22 22:17:00,2019-01-22 23:59:59,ev_C,C,14,
20190122221710,2019-01-22 22:17:10,2019-01-22 23:59:59,ev_C,C,18,
20190122221720,2019-01-22 22:17:20,2019-01-22 23:59:59,ev_N,K,4,
20190122221730,2019-01-22 22:17:30,2019-01-22 23:59:59,ev_K,K,3,
20190122221740,2019-01-22 22:17:40,2019-01-22 23:59:59,ev_C,C,8,
20190122221750,2019-01-22 22:17:50,2019-01-22 23:59:59,ev_C,C,15,
20190122221800,2019-01-22 22:18:00,2019-01-22 23:59:59,ev_K,K,3,
20190122221810,2019-01-22 22:18:10,2019-01-22 23:59:59,ev_C,C,11,
20190122221820,2019-01-22 22:18:20,2019-01-22 23:59:59,ev_C,C,13,
20190122221830,2019-01-22 22:18:30,2019-01-22 23:59:59,ev_C,C,3,
20190122221840,2019-01-22 22:18:40,2019-01-22 23:59:59,ev_K,K,5,
20190122221850,2019-01-22 22:18:50,2019-01-22 23:59:59,ev_K,K,1,
20190122221900,2019-01-22 22:19:00,2019-01-22 23:59:59,ev_C,C,17,
20190122221910,2019-01-22 22:19:10,2019-01-22 23:59:59,ev_C,C,20,
20190122221920,2019-01-22 22:19:20,2019-01-22 23:59:59,ev_C,C,18,
20190122221930,2019-01-22 22:19:30,2019-01-22 23:59:59,ev_K,K,4,
20190122221940,2019-01-22 22:19:40,2019-01-22 23:59:59,ev_C,C,20,
20190122221950,2019-01-22 22:19:50,2019-01-22 23:59:59,ev_K,K,4,
20190122222000,2019-01-22 22:20:00,2019-01-22 23:59:59,ev_K,K,5,
20190122222010,2019-01-22 22:20:10,2019-01-22 23:59:59,ev_C,C,1,
20190122222020,2019-01-22 22:20:20,2019-01-22 23:59:59,ev_C,C,1,
20190122222030,2019-01-22 22:20:30,2019-01-22 23:59:59,ev_C,C,14,
20190122222040,2019-01-22 22:20:40,2019-01-22 23:59:59,ev_C,C,1,
20190122222050,2019-01-22 22:20:50,2019-01-22 23:59:59,ev_C,C,16,
20190122222100,2019-01-22 22:21:00,2019-01-22 23:59:59,ev_C,C,7,
20190122222110,2019-01-22 22:21:10,2019-01-22 23:59:59,ev_C,C,2,
20190122222120,2019-01-22 22:21:20,2019-01-22 23:59:59,ev_C,C,7,
20190122222130,2019-01-22 22:21:30,2019-01-22 23:59:59,ev_C,C,10,
20190122222140,2019-01-22 22:21:40,2019-01-22 23:59:59,ev_C,C,12,
20190122222150,2019-01-22 22:21:50,2019-01-22 23:59:59,ev_C,C,1,
20190122222200,2019-01-22 22:22:00,2019-01-22 23:59:59,ev_C,C,12,
20190122222210,2019-01-22 22:22:10,2019-01-22 23:59:59,ev_C,C,4,
20190122222220,2019-01-22 22:22:20,2019-01-22 23:59:59,ev_C,C,16,
20190122222230,2019-01-22 22:22:30,2019-01-22 23:59:59,ev_C,C,6,
20190122222240,2019-01-22 22:22:40,2019-01-22 23:59:59,ev_C,C,7,
20190122222250,2019-01-22 22:22:50,2019-01-22 23:59:59,ev_N,K,4,
20190122222300,2019-01-22 22:23:00,2019-01-22 23:59:59,ev_C,C,17,
20190122222310,2019-01-22 22:23:10,2019-01-22 23:59:59,ev_C,C,18,
20190122222320,2019-01-22 22:23:20,2019-01-22 23:59:59,ev_N,K,3,
20190122222330,2019-01-22 22:23:30,2019-01-22 23:59:59,ev_C,C,1,
20190122222340,2019-01-22 22:23:40,2019-01-22 23:59:59,ev_C,C,3,
20190122222350,2019-01-22 22:23:50,2019-01-22 23:59:59,ev_C,C,12,
20190122222400,2019-01-22 22:24:00,2019-01-22 23:59:59,ev_C,C,1,
20190122222410,2019-01-22 22:24:10,2019-01-22 23:59:59,ev_N,K,1,
20190122222420,2019-01-22 22:24:20,2019-01-22 23:59:59,ev_K,K,3,
20190122222430,2019-01-22 22:24:30,2019-01-22 23:59:59,ev_K,K,4,
20190122222440,2019-01-22 22:24:40,2019-01-22 23:59:59,ev_C,C,6,
20190122222450,2019-01-22 22:24:50,2019-01-22 23:59:59,ev_N,K,2,
20190122222500,2019-01-22 22:25:00,2019-01-22 23:59:59,ev_C,C,18,
20190122222510,2019-01-22 22:25:10,2019-01-22 23:59:59,ev_C,C,17,
20190122222520,2019-01-22 22:25:20,2019-01-22 23:59:59,ev_C,C,18,
20190122222530,2019-01-22 22:25:30,2019-01-22 23:59:59,ev_C,C,20,
20190122222540,2019-01-22 22:25:40,2019-01-22 23:59:59,ev_C,C,17,
20190122222550,2019-01-22 22:25:50,2019-01-22 23:59:59,ev_N,K,3,
20190122222600,2019-01-22 22:26:00,2019-01-22 23:59:59,ev_K,K,5,
20190122222610,2019-01-22 22:26:10,2019-01-22 23:59:59,ev_K,K,1,
20190122222620,2019-01-22 22:26:20,2019-01-22 23:59:59,ev_K,K,5,
20190122222630,2019-01-22 22:26:30,2019-01-22 23:59:59,ev_C,C,7,
20190122222640,2019-01-22 22:26:40,2019-01-22 23:59:59,ev_C,C,2,
20190122222650,2019-01-22 22:26:50,2019-01-22 23:59:59,ev_C,C,8,
20190122222700,2019-01-22 22:27:00,2019-01-22 23:59:59,ev_C,C,13,
20190122222710,2019-01-22 22:27:10,2019-01-22 23:59:59,ev_K,K,5,
20190122222720,2019-01-22 22:27:20,2019-01-22 23:59:59,ev_C,C,6,
20190122222730,2019-01-22 22:27:30,2019-01-22 23:59:59,ev_C,C,6,
20190122222740,2019-01-22 22:27:40,2019-01-22 23:59:59,ev_C,C,9,
20190122222750,2019-01-22 22:27:50,2019-01-22 23:59:59,ev_C,C,4,
20190122222800,2019-01-22 22:28:00,2019-01-22 23:59:59,ev_K,K,2,
20190122222810,2019-01-22 22:28:10,2019-01-22 23:59:59,ev_C,C,19,
20190122222820,2019-01-22 22:28:20,2019-01-22 23:59:59,ev_C,C,13,
20190122222830,2019-01-22 22:28:30,2019-01-22 23:59:59,ev_C,C,16,
20190122222840,2019-01-22 22:28:40,2019-01-22 23:59:59,ev_C,C,10,
20190122222850,2019-01-22 22:28:50,2019-01-22 23:59:59,ev_C,C,19,
20190122222900,2019-01-22 22:29:00,2019-01-22 23:59:59,ev_C,C,4,
20190122222910,2019-01-22 22:29:10,2019-01-22 23:59:59,ev_C,C,4,
20190122222920,2019-01-22 22:29:20,2019-01-22 23:59:59,ev_C,C,18,
20190122222930,2019-01-22 22:29:30,2019-01-22 23:59:59,ev_K,K,2,
20190122222940,2019-01-22 22:29:40,2019-01-22 23:59:59,ev_C,C,3,
20190122222950,2019-01-22 22:29:50,2019-01-22 23:59:59,ev_C,C,5,
20190122223000,2019-01-22 22:30:00,2019-01-22 23:59:59,ev_C,C,11,
20190122223010,2019-01-22 22:30:10,2019-01-22 23:59:59,ev_C,C,3,
20190122223020,2019-01-22 22:30:20,2019-01-22 23:59:59,ev_C,C,11,
20190122223030,2019-01-22 22:30:30,2019-01-22 23:59:59,ev_C,C,7,
20190122223040,2019-01-22 22:30:40,2019-01-22 23:59:59,ev_N,K,1,
20190122223050,2019-01-22 22:30:50,2019-01-22 23:59:59,ev_C,C,10,
20190122223100,2019-01-22 22:31:00,2019-01-22 23:59:59,ev_C,C,20,
20190122223110,2019-01-22 22:31:10,2019-01-22 23:59:59,ev_C,C,6,
20190122223120,2019-01-22 22:31:20,2019-01-22 23:59:59,ev_C,C,8,
20190122223130,2019-01-22 22:31:30,2019-01-22 23:59:59,ev_K,K,4,
20190122223140,2019-01-22 22:31:40,2019-01-22 23:59:59,ev_C,C,7,
20190122223150,2019-01-22 22:31:50,2019-01-22 23:59:59,ev_K,K,3,
20190122223200,2019-01-22 22:32:00,2019-01-22 23:59:59,ev_N,K,5,
20190122223210,2019-01-22 22:32:10,2019-01-22 23:59:59,ev_C,C,13,
20190122223220,2019-01-22 22:32:20,2019-01-22 23:59:59,ev_K,K,2,
20190122223230,2019-01-22 22:32:30,2019-01-22 23:59:59,ev_C,C,18,
20190122223240,2019-01-22 22:32:40,2019-01-22 23:59:59,ev_C,C,12,
20190122223250,2019-01-22 22:32:50,2019-01-22 23:59:59,ev_C,C,14,
20190122223300,2019-01-22 22:33:00,2019-01-22 23:59:59,ev_C,C,3,
20190122223310,2019-01-22 22:33:10,2019-01-22 23:59:59,ev_C,C,2,
20190122223320,2019-01-22 22:33:20,2019-01-22 23:59:59,ev_C,C,9,
20190122223330,2019-01-22 22:33:30,2019-01-22 23:59:59,ev_C,C,19,
20190122223340,2019-01-22 22:33:40,2019-01-22 23:59:59,ev_C,C,17,
20190122223350,2019-01-22 22:33:50,2019-01-22 23:59:59,ev_K,K,4,
20190122223400,2019-01-22 22:34:00,2019-01-22 23:59:59,ev_C,C,2,
20190122223410,2019-01-22 22:34:10,2019-01-22 23:59:59,ev_C,C,12,
20190122223420,2019-01-22 22:34:20,2019-01-22 23:59:59,ev_C,C,10,
20190122223430,2019-01-22 22:34:30,2019-01-22 23:59:59,ev_C,C,14,
20190122223440,2019-01-22 22:34:40,2019-01-22 23:59:59,ev_C,C,12,
20190122223450,2019-01-22 22:34:50,2019-01-22 23:59:59,ev_C,C,4,
20190122223500,2019-01-22 22:35:00,2019-01-22 23:59:59,ev_C,C,2,
20190122223510,2019-01-22 22:35:10,2019-01-22 23:59:59,ev_C,C,7,
20190122223520,2019-01-22 22:35:20,2019-01-22 23:59:59,ev_K,K,5,
20190122223530,2019-01-22 22:35:30,2019-01-22 23:59:59,ev_C,C,15,
20190122223540,2019-01-22 22:35:40,2019-01-22 23:59:59,ev_N,K,5,
20190122223550,2019-01-22 22:35:50,2019-01-22 23:59:59,ev_C,C,2,
20190122223600,2019-01-22 22:36:00,2019-01-22 23:59:59,ev_C,C,7,
20190122223610,2019-01-22 22:36:10,2019-01-22 23:59:59,ev_K,K,4,
20190122223620,2019-01-22 22:36:20,2019-01-22 23:59:59,ev_K,K,2,
20190122223630,2019-01-22 22:36:30,2019-01-22 23:59:59,ev_C,C,13,
20190122223640,2019-01-22 22:36:40,2019-01-22 23:59:59,ev_C,C,9,
20190122223650,2019-01-22 22:36:50,2019-01-22 23:59:59,ev_C,C,12,
20190122223700,2019-01-22 22:37:00,2019-01-22 23:59:59,ev_C,C,15,
20190122223710,2019-01-22 22:37:10,2019-01-22 23:59:59,ev_C,C,1,
20190122223720,2019-01-22 22:37:20,2019-01-22 23:59:59,ev_K,K,2,
20190122223730,2019-01-22 22:37:30,2019-01-22 23:59:59,ev_C,C,3,
20190122223740,2019-01-22 22:37:40,2019-01-22 23:59:59,ev_C,C,12,
20190122223750,2019-01-22 22:37:50,2019-01-22 23:59:59,ev_K,K,2,
20190122223800,2019-01-22 22:38:00,2019-01-22 23:59:59,ev_C,C,15,
20190122223810,2019-01-22 22:38:10,2019-01-22 23:59:59,ev_C,C,20,
20190122223820,2019-01-22 22:38:20,2019-01-22 23:59:59,ev_C,C,12,
20190122223830,2019-01-22 22:38:30,2019-01-22 23:59:59,ev_C,C,11,
20190122223840,2019-01-22 22:38:40,2019-01-22 23:59:59,ev_K,K,3,
20190122223850,2019-01-22 22:38:50,2019-01-22 23:59:59,ev_C,C,7,
20190122223900,2019-01-22 22:39:00,2019-01-22 23:59:59,ev_C,C,20,
20190122223910,2019-01-22 22:39:10,2019-01-22 23:59:59,ev_C,C,1,
20190122223920,2019-01-22 22:39:20,2019-01-22 23:59:59,ev_C,C,4,
20190122223930,2019-01-22 22:39:30,2019-01-22 23:59:59,ev_C,C,19,
20190122223940,2019-01-22 22:39:40,2019-01-22 23:59:59,ev_C,C,2,
20190122223950,2019-01-22 22:39:50,2019-01-22 23:59:59,ev_K,K,4,
20190122224000,2019-01-22 22:40:00,2019-01-22 23:59:59,ev_C,C,14,
20190122224010,2019-01-22 22:40:10,2019-01-22 23:59:59,ev_K,K,3,
20190122224020,2019-01-22 22:40:20,2019-01-22 23:59:59,ev_C,C,7,
20190122224030,2019-01-22 22:40:30,2019-01-22 23:59:59,ev_C,C,11,
20190122224040,2019-01-22 22:40:40,2019-01-22 23:59:59,ev_C,C,14,
20190122224050,2019-01-22 22:40:50,2019-01-22 23:59:59,ev_C,C,11,
20190122224100,2019-01-22 22:41:00,2019-01-22 23:59:59,ev_C,C,9,
20190122224110,2019-01-22 22:41:10,2019-01-22 23:59:59,ev_C,C,6,
20190122224120,2019-01-22 22:41:20,2019-01-22 23:59:59,ev_C,C,5,
20190122224130,2019-01-22 22:41:30,2019-01-22 23:59:59,ev_C,C,12,
20190122224140,2019-01-22 22:41:40,2019-01-22 23:59:59,ev_C,C,16,
20190122224150,2019-01-22 22:41:50,2019-01-22 23:59:59,ev_K,K,3,
20190122224200,2019-01-22 22:42:00,2019-01-22 23:59:59,ev_C,C,8,
20190122224210,2019-01-22 22:42:10,2019-01-22 23:59:59,ev_C,C,13,
20190122224220,2019-01-22 22:42:20,2019-01-22 23:59:59,ev_C,C,14,
20190122224230,2019-01-22 22:42:30,2019-01-22 23:59:59,ev_C,C,12,
20190122224240,2019-01-22 22:42:40,2019-01-22 23:59:59,ev_C,C,10,
20190122224250,2019-01-22 22:42:50,2019-01-22 23:59:59,ev_K,K,3,
20190122224300,2019-01-22 22:43:00,2019-01-22 23:59:59,ev_C,C,1,
20190122224310,2019-01-22 22:43:10,2019-01-22 23:59:59,ev_C,C,19,
20190122224320,2019-01-22 22:43:20,2019-01-22 23:59:59,ev_K,K,4,
20190122224330,2019-01-22 22:43:30,2019-01-22 23:59:59,ev_C,C,10,
20190122224340,2019-01-22 22:43:40,2019-01-22 23:59:59,ev_C,C,11,
20190122224350,2019-01-22 22:43:50,2019-01-22 23:59:59,ev_C,C,6,
20190122224400,2019-01-22 22:44:00,2019-01-22 23:59:59,ev_C,C,6,
20190122224410,2019-01-22 22:44:10,2019-01-22 23:59:59,ev_C,C,15,
20190122224420,2019-01-22 22:44:20,2019-01-22 23:59:59,ev_N,K,4,
20190122224430,2019-01-22 22:44:30,2019-01-22 23:59:59,ev_C,C,4,
20190122224440,2019-01-22 22:44:40,2019-01-22 23:59:59,ev_C,C,20,
20190122224450,2019-01-22 22:44:50,2019-01-22 23:59:59,ev_K,K,4,
20190122224500,2019-01-22 22:45:00,2019-01-22 23:59:59,ev_C,C,13,
20190122224510,2019-01-22 22:45:10,2019-01-22 23:59:59,ev_C,C,8,
20190122224520,2019-01-22 22:45:20,2019-01-22 23:59:59,ev_C,C,16,
20190122224530,2019-01-22 22:45:30,2019-01-22 23:59:59,ev_C,C,4,
20190122224540,2019-01-22 22:45:40,2019-01-22 23:59:59,ev_C,C,1,
20190122224550,2019-01-22 22:45:50,2019-01-22 23:59:59,ev_C,C,6,
20190122224600,2019-01-22 22:46:00,2019-01-22 23:59:59,ev_C,C,4,
20190122224610,2019-01-22 22:46:10,2019-01-22 23:59:59,ev_C,C,9,
20190122224620,2019-01-22 22:46:20,2019-01-22 23:59:59,ev_C,C,15,
20190122224630,2019-01-22 22:46:30,2019-01-22 23:59:59,ev_K,K,5,
20190122224640,2019-01-22 22:46:40,2019-01-22 23:59:59,ev_N,K,4,
20190122224650,2019-01-22 22:46:50,2019-01-22 23:59:59,ev_N,K,4,
20190122224700,2019-01-22 22:47:00,2019-01-22 23:59:59,ev_K,K,5,
20190122224710,2019-01-22 22:47:10,2019-01-22 23:59:59,ev_C,C,20,
20190122224720,2019-01-22 22:47:20,2019-01-22 23:59:59,ev_K,K,4,
20190122224730,2019-01-22 22:47:30,2019-01-22 23:59:59,ev_K,K,3,
20190122224740,2019-01-22 22:47:40,2019-01-22 23:59:59,ev_C,C,14,
20190122224750,2019-01-22 22:47:50,2019-01-22 23:59:59,ev_C,C,19,
20190122224800,2019-01-22 22:48:00,2019-01-22 23:59:59,ev_C,C,19,
20190122224810,2019-01-22 22:48:10,2019-01-22 23:59:59,ev_C,C,17,
20190122224820,2019-01-22 22:48:20,2019-01-22 23:59:59,ev_C,C,4,
20190122224830,2019-01-22 22:48:30,2019-01-22 23:59:59,ev_C,C,2,
20190122224840,2019-01-22 22:48:40,2019-01-22 23:59:59,ev_C,C,5,
20190122224850,2019-01-22 22:48:50,2019-01-22 23:59:59,ev_C,C,1,
20190122224900,2019-01-22 22:49:00,2019-01-22 23:59:59,ev_C,C,8,
20190122224910,2019-01-22 22:49:10,2019-01-22 23:59:59,ev_C,C,14,
20190122224920,2019-01-22 22:49:20,2019-01-22 23:59:59,ev_C,C,3,
20190122224930,2019-01-22 22:49:30,2019-01-22 23:59:59,ev_K,K,1,
20190122224940,2019-01-22 22:49:40,2019-01-22 23:59:59,ev_K,K,5,
20190122224950,2019-01-22 22:49:50,2019-01-22 23:59:59,ev_C,C,4,
20190122225000,2019-01-22 22:50:00,2019-01-22 23:59:59,ev_C,C,10,
20190122225010,2019-01-22 22:50:10,2019-01-22 23:59:59,ev_C,C,15,
20190122225020,2019-01-22 22:50:20,2019-01-22 23:59:59,ev_C,C,7,
20190122225030,2019-01-22 22:50:30,2019-01-22 23:59:59,ev_C,C,10,
20190122225040,2019-01-22 22:50:40,2019-01-22 23:59:59,ev_K,K,5,
20190122225050,2019-01-22 22:50:50,2019-01-22 23:59:59,ev_C,C,10,
20190122225100,2019-01-22 22:51:00,2019-01-22 23:59:59,ev_K,K,1,
20190122225110,2019-01-22 22:51:10,2019-01-22 23:59:59,ev_C,C,19,
20190122225120,2019-01-22 22:51:20,2019-01-22 23:59:59,ev_C,C,12,
20190122225130,2019-01-22 22:51:30,2019-01-22 23:59:59,ev_K,K,3,
20190122225140,2019-01-22 22:51:40,2019-01-22 23:59:59,ev_C,C,6,
20190122225150,2019-01-22 22:51:50,2019-01-22 23:59:59,ev_C,C,1,
20190122225200,2019-01-22 22:52:00,2019-01-22 23:59:59,ev_C,C,12,
20190122225210,2019-01-22 22:52:10,2019-01-22 23:59:59,ev_C,C,5,
20190122225220,2019-01-22 22:52:20,2019-01-22 23:59:59,ev_C,C,10,
20190122225230,2019-01-22 22:52:30,2019-01-22 23:59:59,ev_C,C,17,
20190122225240,2019-01-22 22:52:40,2019-01-22 23:59:59,ev_K,K,2,
20190122225250,2019-01-22 22:52:50,2019-01-22 23:59:59,ev_C,C,4,
20190122225300,2019-01-22 22:53:00,2019-01-22 23:59:59,ev_C,C,16,
20190122225310,2019-01-22 22:53:10,2019-01-22 23:59:59,ev_C,C,12,
20190122225320,2019-01-22 22:53:20,2019-01-22 23:59:59,ev_C,C,12,
20190122225330,2019-01-22 22:53:30,2019-01-22 23:59:59,ev_C,C,4,
20190122225340,2019-01-22 22:53:40,2019-01-22 23:59:59,ev_C,C,8,
20190122225350,2019-01-22 22:53:50,2019-01-22 23:59:59,ev_C,C,15,
20190122225400,2019-01-22 22:54:00,2019-01-22 23:59:59,ev_C,C,18,
20190122225410,2019-01-22 22:54:10,2019-01-22 23:59:59,ev_C,C,5,
20190122225420,2019-01-22 22:54:20,2019-01-22 23:59:59,ev_C,C,10,
20190122225430,2019-01-22 22:54:30,2019-01-22 23:59:59,ev_K,K,4,
20190122225440,2019-01-22 22:54:40,2019-01-22 23:59:59,ev_C,C,17,
20190122225450,2019-01-22 22:54:50,2019-01-22 23:59:59,ev_K,K,1,
20190122225500,2019-01-22 22:55:00,2019-01-22 23:59:59,ev_C,C,14,
20190122225510,2019-01-22 22:55:10,2019-01-22 23:59:59,ev_C,C,1,
20190122225520,2019-01-22 22:55:20,2019-01-22 23:59:59,ev_K,K,3,
20190122225530,2019-01-22 22:55:30,2019-01-22 23:59:59,ev_C,C,17,
20190122225540,2019-01-22 22:55:40,2019-01-22 23:59:59,ev_N,K,2,
20190122225550,2019-01-22 22:55:50,2019-01-22 23:59:59,ev_C,C,14,
20190122225600,2019-01-22 22:56:00,2019-01-22 23:59:59,ev_K,K,2,
20190122225610,2019-01-22 22:56:10,2019-01-22 23:59:59,ev_K,K,1,
20190122225620,2019-01-22 22:56:20,2019-01-22 23:59:59,ev_C,C,18,
20190122225630,2019-01-22 22:56:30,2019-01-22 23:59:59,ev_C,C,16,
20190122225640,2019-01-22 22:56:40,2019-01-22 23:59:59,ev_C,C,18,
20190122225650,2019-01-22 22:56:50,2019-01-22 23:59:59,ev_C,C,1,
20190122225700,2019-01-22 22:57:00,2019-01-22 23:59:59,ev_C,C,4,
20190122225710,2019-01-22 22:57:10,2019-01-22 23:59:59,ev_C,C,11,
20190122225720,2019-01-22 22:57:20,2019-01-22 23:59:59,ev_C,C,12,
20190122225730,2019-01-22 22:57:30,2019-01-22 23:59:59,ev_C,C,1,
20190122225740,2019-01-22 22:57:40,2019-01-22 23:59:59,ev_K,K,4,
20190122225750,2019-01-22 22:57:50,2019-01-22 23:59:59,ev_C,C,6,
20190122225800,2019-01-22 22:58:00,2019-01-22 23:59:59,ev_C,C,19,
20190122225810,2019-01-22 22:58:10,2019-01-22 23:59:59,ev_K,K,3,
20190122225820,2019-01-22 22:58:20,2019-01-22 23:59:59,ev_C,C,9,
20190122225830,2019-01-22 22:58:30,2019-01-22 23:59:59,ev_C,C,20,
20190122225840,2019-01-22 22:58:40,2019-01-22 23:59:59,ev_C,C,3,
20190122225850,2019-01-22 22:58:50,2019-01-22 23:59:59,ev_C,C,17,
20190122225900,2019-01-22 22:59:00,2019-01-22 23:59:59,ev_C,C,7,
20190122225910,2019-01-22 22:59:10,2019-01-22 23:59:59,ev_N,K,1,
20190122225920,2019-01-22 22:59:20,2019-01-22 23:59:59,ev_C,C,15,
20190122225930,2019-01-22 22:59:30,2019-01-22 23:59:59,ev_C,C,8,
20190122225940,2019-01-22 22:59:40,2019-01-22 23:59:59,ev_C,C,4,
20190122225950,2019-01-22 22:59:50,2019-01-22 23:59:59,ev_C,C,7,
20190122230000,2019-01-22 23:00:00,2019-01-22 23:59:59,ev_K,K,3,
20190122230010,2019-01-22 23:00:10,2019-01-22 23:59:59,ev_C,C,9,
20190122230020,2019-01-22 23:00:20,2019-01-22 23:59:59,ev_C,C,8,
20190122230030,2019-01-22 23:00:30,2019-01-22 23:59:59,ev_C,C,12,
20190122230040,2019-01-22 23:00:40,2019-01-22 23:59:59,ev_C,C,15,
20190122230050,2019-01-22 23:00:50,2019-01-22 23:59:59,ev_C,C,4,
20190122230100,2019-01-22 23:01:00,2019-01-22 23:59:59,ev_C,C,20,
20190122230110,2019-01-22 23:01:10,2019-01-22 23:59:59,ev_C,C,13,
20190122230120,2019-01-22 23:01:20,2019-01-22 23:59:59,ev_C,C,4,
20190122230130,2019-01-22 23:01:30,2019-01-22 23:59:59,ev_C,C,4,
20190122230140,2019-01-22 23:01:40,2019-01-22 23:59:59,ev_N,K,4,
20190122230150,2019-01-22 23:01:50,2019-01-22 23:59:59,ev_C,C,14,
20190122230200,2019-01-22 23:02:00,2019-01-22 23:59:59,ev_K,K,5,
20190122230210,2019-01-22 23:02:10,2019-01-22 23:59:59,ev_C,C,13,
20190122230220,2019-01-22 23:02:20,2019-01-22 23:59:59,ev_C,C,12,
20190122230230,2019-01-22 23:02:30,2019-01-22 23:59:59,ev_C,C,9,
20190122230240,2019-01-22 23:02:40,2019-01-22 23:59:59,ev_K,K,1,
20190122230250,2019-01-22 23:02:50,2019-01-22 23:59:59,ev_C,C,11,
20190122230300,2019-01-22 23:03:00,2019-01-22 23:59:59,ev_K,K,3,
20190122230310,2019-01-22 23:03:10,2019-01-22 23:59:59,ev_C,C,13,
20190122230320,2019-01-22 23:03:20,2019-01-22 23:59:59,ev_C,C,19,
20190122230330,2019-01-22 23:03:30,2019-01-22 23:59:59,ev_K,K,3,
20190122230340,2019-01-22 23:03:40,2019-01-22 23:59:59,ev_C,C,4,
20190122230350,2019-01-22 23:03:50,2019-01-22 23:59:59,ev_C,C,14,
20190122230400,2019-01-22 23:04:00,2019-01-22 23:59:59,ev_C,C,13,
20190122230410,2019-01-22 23:04:10,2019-01-22 23:59:59,ev_N,K,3,
20190122230420,2019-01-22 23:04:20,2019-01-22 23:59:59,ev_K,K,2,
20190122230430,2019-01-22 23:04:30,2019-01-22 23:59:59,ev_C,C,12,
20190122230440,2019-01-22 23:04:40,2019-01-22 23:59:59,ev_C,C,7,
20190122230450,2019-01-22 23:04:50,2019-01-22 23:59:59,ev_C,C,5,
20190122230500,2019-01-22 23:05:00,2019-01-22 23:59:59,ev_C,C,20,
20190122230510,2019-01-22 23:05:10,2019-01-22 23:59:59,ev_C,C,9,
20190122230520,2019-01-22 23:05:20,2019-01-22 23:59:59,ev_C,C,10,
20190122230530,2019-01-22 23:05:30,2019-01-22 23:59:59,ev_C,C,19,
20190122230540,2019-01-22 23:05:40,2019-01-22 23:59:59,ev_C,C,20,
20190122230550,2019-01-22 23:05:50,2019-01-22 23:59:59,ev_K,K,4,
20190122230600,2019-01-22 23:06:00,2019-01-22 23:59:59,ev_C,C,17,
20190122230610,2019-01-22 23:06:10,2019-01-22 23:59:59,ev_C,C,12,
20190122230620,2019-01-22 23:06:20,2019-01-22 23:59:59,ev_C,C,13,
20190122230630,2019-01-22 23:06:30,2019-01-22 23:59:59,ev_C,C,13,
20190122230640,2019-01-22 23:06:40,2019-01-22 23:59:59,ev_C,C,3,
20190122230650,2019-01-22 23:06:50,2019-01-22 23:59:59,ev_C,C,19,
20190122230700,2019-01-22 23:07:00,2019-01-22 23:59:59,ev_C,C,19,
20190122230710,2019-01-22 23:07:10,2019-01-22 23:59:59,ev_C,C,5,
20190122230720,2019-01-22 23:07:20,2019-01-22 23:59:59,ev_K,K,4,
20190122230730,2019-01-22 23:07:30,2019-01-22 23:59:59,ev_C,C,16,
20190122230740,2019-01-22 23:07:40,2019-01-22 23:59:59,ev_C,C,1,
20190122230750,2019-01-22 23:07:50,2019-01-22 23:59:59,ev_C,C,7,
20190122230800,2019-01-22 23:08:00,2019-01-22 23:59:59,ev_K,K,1,
20190122230810,2019-01-22 23:08:10,2019-01-22 23:59:59,ev_C,C,5,
20190122230820,2019-01-22 23:08:20,2019-01-22 23:59:59,ev_C,C,17,
20190122230830,2019-01-22 23:08:30,2019-01-22 23:59:59,ev_C,C,7,
20190122230840,2019-01-22 23:08:40,2019-01-22 23:59:59,ev_C,C,4,
20190122230850,2019-01-22 23:08:50,2019-01-22 23:59:59,ev_C,C,3,
20190122230900,2019-01-22 23:09:00,2019-01-22 23:59:59,ev_K,K,2,
20190122230910,2019-01-22 23:09:10,2019-01-22 23:59:59,ev_C,C,5,
20190122230920,2019-01-22 23:09:20,2019-01-22 23:59:59,ev_C,C,18,
20190122230930,2019-01-22 23:09:30,2019-01-22 23:59:59,ev_C,C,8,
20190122230940,2019-01-22 23:09:40,2019-01-22 23:59:59,ev_C,C,13,
20190122230950,2019-01-22 23:09:50,2019-01-22 23:59:59,ev_C,C,9,
20190122231000,2019-01-22 23:10:00,2019-01-22 23:59:59,ev_N,K,2,
20190122231010,2019-01-22 23:10:10,2019-01-22 23:59:59,ev_C,C,13,
20190122231020,2019-01-22 23:10:20,2019-01-22 23:59:59,ev_C,C,14,
20190122231030,2019-01-22 23:10:30,2019-01-22 23:59:59,ev_K,K,2,
20190122231040,2019-01-22 23:10:40,2019-01-22 23:59:59,ev_C,C,13,
20190122231050,2019-01-22 23:10:50,2019-01-22 23:59:59,ev_C,C,15,
20190122231100,2019-01-22 23:11:00,2019-01-22 23:59:59,ev_K,K,5,
20190122231110,2019-01-22 23:11:10,2019-01-22 23:59:59,ev_K,K,5,
20190122231120,2019-01-22 23:11:20,2019-01-22 23:59:59,ev_C,C,18,
20190122231130,2019-01-22 23:11:30,2019-01-22 23:59:59,ev_C,C,11,
20190122231140,2019-01-22 23:11:40,2019-01-22 23:59:59,ev_C,C,16,
20190122231150,2019-01-22 23:11:50,2019-01-22 23:59:59,ev_C,C,17,
20190122231200,2019-01-22 23:12:00,2019-01-22 23:59:59,ev_C,C,6,
20190122231210,2019-01-22 23:12:10,2019-01-22 23:59:59,ev_C,C,18,
20190122231220,2019-01-22 23:12:20,2019-01-22 23:59:59,ev_C,C,1,
20190122231230,2019-01-22 23:12:30,2019-01-22 23:59:59,ev_C,C,18,
20190122231240,2019-01-22 23:12:40,2019-01-22 23:59:59,ev_C,C,2,
20190122231250,2019-01-22 23:12:50,2019-01-22 23:59:59,ev_C,C,1,
20190122231300,2019-01-22 23:13:00,2019-01-22 23:59:59,ev_C,C,7,
20190122231310,2019-01-22 23:13:10,2019-01-22 23:59:59,ev_K,K,5,
20190122231320,2019-01-22 23:13:20,2019-01-22 23:59:59,ev_C,C,15,
20190122231330,2019-01-22 23:13:30,2019-01-22 23:59:59,ev_C,C,1,
20190122231340,2019-01-22 23:13:40,2019-01-22 23:59:59,ev_C,C,12,
20190122231350,2019-01-22 23:13:50,2019-01-22 23:59:59,ev_C,C,7,
20190122231400,2019-01-22 23:14:00,2019-01-22 23:59:59,ev_K,K,3,
20190122231410,2019-01-22 23:14:10,2019-01-22 23:59:59,ev_C,C,20,
20190122231420,2019-01-22 23:14:20,2019-01-22 23:59:59,ev_C,C,8,
20190122231430,2019-01-22 23:14:30,2019-01-22 23:59:59,ev_C,C,6,
20190122231440,2019-01-22 23:14:40,2019-01-22 23:59:59,ev_C,C,5,
20190122231450,2019-01-22 23:14:50,2019-01-22 23:59:59,ev_N,K,4,
20190122231500,2019-01-22 23:15:00,2019-01-22 23:59:59,ev_C,C,5,
20190122231510,2019-01-22 23:15:10,2019-01-22 23:59:59,ev_C,C,5,
20190122231520,2019-01-22 23:15:20,2019-01-22 23:59:59,ev_C,C,4,
20190122231530,2019-01-22 23:15:30,2019-01-22 23:59:59,ev_C,C,9,
20190122231540,2019-01-22 23:15:40,2019-01-22 23:59:59,ev_C,C,18,
20190122231550,2019-01-22 23:15:50,2019-01-22 23:59:59,ev_C,C,10,
20190122231600,2019-01-22 23:16:00,2019-01-22 23:59:59,ev_N,K,1,
20190122231610,2019-01-22 23:16:10,2019-01-22 23:59:59,ev_C,C,10,
20190122231620,2019-01-22 23:16:20,2019-01-22 23:59:59,ev_C,C,13,
20190122231630,2019-01-22 23:16:30,2019-01-22 23:59:59,ev_C,C,12,
20190122231640,2019-01-22 23:16:40,2019-01-22 23:59:59,ev_C,C,1,
20190122231650,2019-01-22 23:16:50,2019-01-22 23:59:59,ev_C,C,12,
20190122231700,2019-01-22 23:17:00,2019-01-22 23:59:59,ev_K,K,4,
20190122231710,2019-01-22 23:17:10,2019-01-22 23:59:59,ev_C,C,8,
20190122231720,2019-01-22 23:17:20,2019-01-22 23:59:59,ev_C,C,3,
20190122231730,2019-01-22 23:17:30,2019-01-22 23:59:59,ev_C,C,14,
20190122231740,2019-01-22 23:17:40,2019-01-22 23:59:59,ev_K,K,4,
20190122231750,2019-01-22 23:17:50,2019-01-22 23:59:59,ev_C,C,19,
20190122231800,2019-01-22 23:18:00,2019-01-22 23:59:59,ev_K,K,3,
20190122231810,2019-01-22 23:18:10,2019-01-22 23:59:59,ev_N,K,1,
20190122231820,2019-01-22 23:18:20,2019-01-22 23:59:59,ev_N,K,3,
20190122231830,2019-01-22 23:18:30,2019-01-22 23:59:59,ev_C,C,20,
20190122231840,2019-01-22 23:18:40,2019-01-22 23:59:59,ev_C,C,19,
20190122231850,2019-01-22 23:18:50,2019-01-22 23:59:59,ev_K,K,2,
20190122231900,2019-01-22 23:19:00,2019-01-22 23:59:59,ev_C,C,8,
20190122231910,2019-01-22 23:19:10,2019-01-22 23:59:59,ev_K,K,2,
20190122231920,2019-01-22 23:19:20,2019-01-22 23:59:59,ev_K,K,5,
20190122231930,2019-01-22 23:19:30,2019-01-22 23:59:59,ev_C,C,19,
20190122231940,2019-01-22 23:19:40,2019-01-22 23:59:59,ev_N,K,4,
20190122231950,2019-01-22 23:19:50,2019-01-22 23:59:59,ev_C,C,16,
20190122232000,2019-01-22 23:20:00,2019-01-22 23:59:59,ev_C,C,4,
20190122232010,2019-01-22 23:20:10,2019-01-22 23:59:59,ev_C,C,12,
20190122232020,2019-01-22 23:20:20,2019-01-22 23:59:59,ev_K,K,3,
20190122232030,2019-01-22 23:20:30,2019-01-22 23:59:59,ev_C,C,17,
20190122232040,2019-01-22 23:20:40,2019-01-22 23:59:59,ev_C,C,3,
20190122232050,2019-01-22 23:20:50,2019-01-22 23:59:59,ev_C,C,15,
20190122232100,2019-01-22 23:21:00,2019-01-22 23:59:59,ev_C,C,14,
20190122232110,2019-01-22 23:21:10,2019-01-22 23:59:59,ev_C,C,13,
20190122232120,2019-01-22 23:21:20,2019-01-22 23:59:59,ev_C,C,5,
20190122232130,2019-01-22 23:21:30,2019-01-22 23:59:59,ev_C,C,5,
20190122232140,2019-01-22 23:21:40,2019-01-22 23:59:59,ev_C,C,8,
20190122232150,2019-01-22 23:21:50,2019-01-22 23:59:59,ev_C,C,4,
20190122232200,2019-01-22 23:22:00,2019-01-22 23:59:59,ev_C,C,9,
20190122232210,2019-01-22 23:22:10,2019-01-22 23:59:59,ev_C,C,20,
20190122232220,2019-01-22 23:22:20,2019-01-22 23:59:59,ev_K,K,1,
20190122232230,2019-01-22 23:22:30,2019-01-22 23:59:59,ev_C,C,7,
20190122232240,2019-01-22 23:22:40,2019-01-22 23:59:59,ev_C,C,1,
20190122232250,2019-01-22 23:22:50,2019-01-22 23:59:59,ev_N,K,5,
20190122232300,2019-01-22 23:23:00,2019-01-22 23:59:59,ev_C,C,1,
20190122232310,2019-01-22 23:23:10,2019-01-22 23:59:59,ev_C,C,6,
20190122232320,2019-01-22 23:23:20,2019-01-22 23:59:59,ev_C,C,3,
20190122232330,2019-01-22 23:23:30,2019-01-22 23:59:59,ev_K,K,5,
20190122232340,2019-01-22 23:23:40,2019-01-22 23:59:59,ev_C,C,10,
20190122232350,2019-01-22 23:23:50,2019-01-22 23:59:59,ev_C,C,16,
20190122232400,2019-01-22 23:24:00,2019-01-22 23:59:59,ev_C,C,17,
20190122232410,2019-01-22 23:24:10,2019-01-22 23:59:59,ev_C,C,13,
20190122232420,2019-01-22 23:24:20,2019-01-22 23:59:59,ev_C,C,12,
20190122232430,2019-01-22 23:24:30,2019-01-22 23:59:59,ev_C,C,9,
20190122232440,2019-01-22 23:24:40,2019-01-22 23:59:59,ev_C,C,6,
20190122232450,2019-01-22 23:24:50,2019-01-22 23:59:59,ev_C,C,6,
20190122232500,2019-01-22 23:25:00,2019-01-22 23:59:59,ev_C,C,5,
20190122232510,2019-01-22 23:25:10,2019-01-22 23:59:59,ev_N,K,4,
20190122232520,2019-01-22 23:25:20,2019-01-22 23:59:59,ev_C,C,15,
20190122232530,2019-01-22 23:25:30,2019-01-22 23:59:59,ev_C,C,10,
20190122232540,2019-01-22 23:25:40,2019-01-22 23:59:59,ev_C,C,20,
20190122232550,2019-01-22 23:25:50,2019-01-22 23:59:59,ev_C,C,9,
20190122232600,2019-01-22 23:26:00,2019-01-22 23:59:59,ev_C,C,16,
20190122232610,2019-01-22 23:26:10,2019-01-22 23:59:59,ev_N,K,2,
20190122232620,2019-01-22 23:26:20,2019-01-22 23:59:59,ev_C,C,14,
20190122232630,2019-01-22 23:26:30,2019-01-22 23:59:59,ev_C,C,6,
20190122232640,2019-01-22 23:26:40,2019-01-22 23:59:59,ev_C,C,8,
20190122232650,2019-01-22 23:26:50,2019-01-22 23:59:59,ev_C,C,6,
20190122232700,2019-01-22 23:27:00,2019-01-22 23:59:59,ev_C,C,4,
20190122232710,2019-01-22 23:27:10,2019-01-22 23:59:59,ev_C,C,12,
20190122232720,2019-01-22 23:27:20,2019-01-22 23:59:59,ev_K,K,5,
20190122232730,2019-01-22 23:27:30,2019-01-22 23:59:59,ev_C,C,14,
20190122232740,2019-01-22 23:27:40,2019-01-22 23:59:59,ev_K,K,2,
20190122232750,2019-01-22 23:27:50,2019-01-22 23:59:59,ev_K,K,4,
20190122232800,2019-01-22 23:28:00,2019-01-22 23:59:59,ev_N,K,3,
20190122232810,2019-01-22 23:28:10,2019-01-22 23:59:59,ev_C,C,10,
20190122232820,2019-01-22 23:28:20,2019-01-22 23:59:59,ev_C,C,6,
20190122232830,2019-01-22 23:28:30,2019-01-22 23:59:59,ev_C,C,16,
20190122232840,2019-01-22 23:28:40,2019-01-22 23:59:59,ev_C,C,17,
20190122232850,2019-01-22 23:28:50,2019-01-22 23:59:59,ev_C,C,11,
20190122232900,2019-01-22 23:29:00,2019-01-22 23:59:59,ev_C,C,4,
20190122232910,2019-01-22 23:29:10,2019-01-22 23:59:59,ev_N,K,4,
20190122232920,2019-01-22 23:29:20,2019-01-22 23:59:59,ev_C,C,6,
20190122232930,2019-01-22 23:29:30,2019-01-22 23:59:59,ev_K,K,4,
20190122232940,2019-01-22 23:29:40,2019-01-22 23:59:59,ev_C,C,16,
20190122232950,2019-01-22 23:29:50,2019-01-22 23:59:59,ev_C,C,14,
20190122233000,2019-01-22 23:30:00,2019-01-22 23:59:59,ev_C,C,5,
20190122233010,2019-01-22 23:30:10,2019-01-22 23:59:59,ev_K,K,2,
20190122233020,2019-01-22 23:30:20,2019-01-22 23:59:59,ev_C,C,8,
20190122233030,2019-01-22 23:30:30,2019-01-22 23:59:59,ev_C,C,9,
20190122233040,2019-01-22 23:30:40,2019-01-22 23:59:59,ev_C,C,18,
20190122233050,2019-01-22 23:30:50,2019-01-22 23:59:59,ev_K,K,3,
20190122233100,2019-01-22 23:31:00,2019-01-22 23:59:59,ev_N,K,2,
20190122233110,2019-01-22 23:31:10,2019-01-22 23:59:59,ev_C,C,2,
20190122233120,2019-01-22 23:31:20,2019-01-22 23:59:59,ev_C,C,9,
20190122233130,2019-01-22 23:31:30,2019-01-22 23:59:59,ev_C,C,6,
20190122233140,2019-01-22 23:31:40,2019-01-22 23:59:59,ev_C,C,20,
20190122233150,2019-01-22 23:31:50,2019-01-22 23:59:59,ev_C,C,3,
20190122233200,2019-01-22 23:32:00,2019-01-22 23:59:59,ev_C,C,5,
20190122233210,2019-01-22 23:32:10,2019-01-22 23:59:59,ev_C,C,8,
20190122233220,2019-01-22 23:32:20,2019-01-22 23:59:59,ev_K,K,1,
20190122233230,2019-01-22 23:32:30,2019-01-22 23:59:59,ev_C,C,14,
20190122233240,2019-01-22 23:32:40,2019-01-22 23:59:59,ev_C,C,2,
20190122233250,2019-01-22 23:32:50,2019-01-22 23:59:59,ev_K,K,3,
20190122233300,2019-01-22 23:33:00,2019-01-22 23:59:59,ev_C,C,4,
20190122233310,2019-01-22 23:33:10,2019-01-22 23:59:59,ev_C,C,1,
20190122233320,2019-01-22 23:33:20,2019-01-22 23:59:59,ev_C,C,11,
20190122233330,2019-01-22 23:33:30,2019-01-22 23:59:59,ev_C,C,18,
20190122233340,2019-01-22 23:33:40,2019-01-22 23:59:59,ev_N,K,2,
20190122233350,2019-01-22 23:33:50,2019-01-22 23:59:59,ev_K,K,3,
20190122233400,2019-01-22 23:34:00,2019-01-22 23:59:59,ev_C,C,13,
20190122233410,2019-01-22 23:34:10,2019-01-22 23:59:59,ev_K,K,1,
20190122233420,2019-01-22 23:34:20,2019-01-22 23:59:59,ev_C,C,2,
20190122233430,2019-01-22 23:34:30,2019-01-22 23:59:59,ev_C,C,18,
20190122233440,2019-01-22 23:34:40,2019-01-22 23:59:59,ev_N,K,4,
20190122233450,2019-01-22 23:34:50,2019-01-22 23:59:59,ev_N,K,2,
20190122233500,2019-01-22 23:35:00,2019-01-22 23:59:59,ev_C,C,7,
20190122233510,2019-01-22 23:35:10,2019-01-22 23:59:59,ev_C,C,8,
20190122233520,2019-01-22 23:35:20,2019-01-22 23:59:59,ev_C,C,18,
20190122233530,2019-01-22 23:35:30,2019-01-22 23:59:59,ev_C,C,20,
20190122233540,2019-01-22 23:35:40,2019-01-22 23:59:59,ev_K,K,5,
20190122233550,2019-01-22 23:35:50,2019-01-22 23:59:59,ev_C,C,3,
20190122233600,2019-01-22 23:36:00,2019-01-22 23:59:59,ev_K,K,4,
20190122233610,2019-01-22 23:36:10,2019-01-22 23:59:59,ev_K,K,5,
20190122233620,2019-01-22 23:36:20,2019-01-22 23:59:59,ev_K,K,1,
20190122233630,2019-01-22 23:36:30,2019-01-22 23:59:59,ev_C,C,13,
20190122233640,2019-01-22 23:36:40,2019-01-22 23:59:59,ev_C,C,15,
20190122233650,2019-01-22 23:36:50,2019-01-22 23:59:59,ev_C,C,10,
20190122233700,2019-01-22 23:37:00,2019-01-22 23:59:59,ev_N,K,1,
20190122233710,2019-01-22 23:37:10,2019-01-22 23:59:59,ev_C,C,13,
20190122233720,2019-01-22 23:37:20,2019-01-22 23:59:59,ev_C,C,15,
20190122233730,2019-01-22 23:37:30,2019-01-22 23:59:59,ev_C,C,9,
20190122233740,2019-01-22 23:37:40,2019-01-22 23:59:59,ev_C,C,17,
20190122233750,2019-01-22 23:37:50,2019-01-22 23:59:59,ev_C,C,17,
20190122233800,2019-01-22 23:38:00,2019-01-22 23:59:59,ev_C,C,15,
20190122233810,2019-01-22 23:38:10,2019-01-22 23:59:59,ev_K,K,3,
20190122233820,2019-01-22 23:38:20,2019-01-22 23:59:59,ev_C,C,19,
20190122233830,2019-01-22 23:38:30,2019-01-22 23:59:59,ev_C,C,17,
20190122233840,2019-01-22 23:38:40,2019-01-22 23:59:59,ev_C,C,3,
20190122233850,2019-01-22 23:38:50,2019-01-22 23:59:59,ev_C,C,14,
20190122233900,2019-01-22 23:39:00,2019-01-22 23:59:59,ev_C,C,17,
20190122233910,2019-01-22 23:39:10,2019-01-22 23:59:59,ev_C,C,20,
20190122233920,2019-01-22 23:39:20,2019-01-22 23:59:59,ev_K,K,2,
20190122233930,2019-01-22 23:39:30,2019-01-22 23:59:59,ev_C,C,18,
20190122233940,2019-01-22 23:39:40,2019-01-22 23:59:59,ev_C,C,10,
20190122233950,2019-01-22 23:39:50,2019-01-22 23:59:59,ev_N,K,4,
20190122234000,2019-01-22 23:40:00,2019-01-22 23:59:59,ev_C,C,20,
20190122234010,2019-01-22 23:40:10,2019-01-22 23:59:59,ev_K,K,3,
20190122234020,2019-01-22 23:40:20,2019-01-22 23:59:59,ev_C,C,12,
20190122234030,2019-01-22 23:40:30,2019-01-22 23:59:59,ev_C,C,10,
20190122234040,2019-01-22 23:40:40,2019-01-22 23:59:59,ev_K,K,1,
20190122234050,2019-01-22 23:40:50,2019-01-22 23:59:59,ev_N,K,1,
20190122234100,2019-01-22 23:41:00,2019-01-22 23:59:59,ev_C,C,14,
20190122234110,2019-01-22 23:41:10,2019-01-22 23:59:59,ev_C,C,18,
20190122234120,2019-01-22 23:41:20,2019-01-22 23:59:59,ev_K,K,1,
20190122234130,2019-01-22 23:41:30,2019-01-22 23:59:59,ev_C,C,6,
20190122234140,2019-01-22 23:41:40,2019-01-22 23:59:59,ev_C,C,5,
20190122234150,2019-01-22 23:41:50,2019-01-22 23:59:59,ev_C,C,12,
20190122234200,2019-01-22 23:42:00,2019-01-22 23:59:59,ev_C,C,20,
20190122234210,2019-01-22 23:42:10,2019-01-22 23:59:59,ev_C,C,7,
20190122234220,2019-01-22 23:42:20,2019-01-22 23:59:59,ev_C,C,7,
20190122234230,2019-01-22 23:42:30,2019-01-22 23:59:59,ev_C,C,11,
20190122234240,2019-01-22 23:42:40,2019-01-22 23:59:59,ev_C,C,7,
20190122234250,2019-01-22 23:42:50,2019-01-22 23:59:59,ev_K,K,4,
20190122234300,2019-01-22 23:43:00,2019-01-22 23:59:59,ev_C,C,14,
20190122234310,2019-01-22 23:43:10,2019-01-22 23:59:59,ev_C,C,17,
20190122234320,2019-01-22 23:43:20,2019-01-22 23:59:59,ev_C,C,8,
20190122234330,2019-01-22 23:43:30,2019-01-22 23:59:59,ev_C,C,7,
20190122234340,2019-01-22 23:43:40,2019-01-22 23:59:59,ev_C,C,1,
20190122234350,2019-01-22 23:43:50,2019-01-22 23:59:59,ev_C,C,6,
20190122234400,2019-01-22 23:44:00,2019-01-22 23:59:59,ev_C,C,15,
20190122234410,2019-01-22 23:44:10,2019-01-22 23:59:59,ev_C,C,6,
20190122234420,2019-01-22 23:44:20,2019-01-22 23:59:59,ev_C,C,4,
20190122234430,2019-01-22 23:44:30,2019-01-22 23:59:59,ev_C,C,14,
20190122234440,2019-01-22 23:44:40,2019-01-22 23:59:59,ev_C,C,17,
20190122234450,2019-01-22 23:44:50,2019-01-22 23:59:59,ev_C,C,6,
20190122234500,2019-01-22 23:45:00,2019-01-22 23:59:59,ev_C,C,9,
20190122234510,2019-01-22 23:45:10,2019-01-22 23:59:59,ev_C,C,18,
20190122234520,2019-01-22 23:45:20,2019-01-22 23:59:59,ev_C,C,5,
20190122234530,2019-01-22 23:45:30,2019-01-22 23:59:59,ev_C,C,4,
20190122234540,2019-01-22 23:45:40,2019-01-22 23:59:59,ev_C,C,16,
20190122234550,2019-01-22 23:45:50,2019-01-22 23:59:59,ev_C,C,6,
20190122234600,2019-01-22 23:46:00,2019-01-22 23:59:59,ev_C,C,7,
20190122234610,2019-01-22 23:46:10,2019-01-22 23:59:59,ev_C,C,7,
20190122234620,2019-01-22 23:46:20,2019-01-22 23:59:59,ev_K,K,1,
20190122234630,2019-01-22 23:46:30,2019-01-22 23:59:59,ev_K,K,5,
20190122234640,2019-01-22 23:46:40,2019-01-22 23:59:59,ev_C,C,9,
20190122234650,2019-01-22 23:46:50,2019-01-22 23:59:59,ev_C,C,18,
20190122234700,2019-01-22 23:47:00,2019-01-22 23:59:59,ev_K,K,3,
20190122234710,2019-01-22 23:47:10,2019-01-22 23:59:59,ev_K,K,4,
20190122234720,2019-01-22 23:47:20,2019-01-22 23:59:59,ev_C,C,20,
20190122234730,2019-01-22 23:47:30,2019-01-22 23:59:59,ev_C,C,15,
20190122234740,2019-01-22 23:47:40,2019-01-22 23:59:59,ev_C,C,7,
20190122234750,2019-01-22 23:47:50,2019-01-22 23:59:59,ev_C,C,11,
20190122234800,2019-01-22 23:48:00,2019-01-22 23:59:59,ev_C,C,12,
20190122234810,2019-01-22 23:48:10,2019-01-22 23:59:59,ev_C,C,16,
20190122234820,2019-01-22 23:48:20,2019-01-22 23:59:59,ev_N,K,4,
20190122234830,2019-01-22 23:48:30,2019-01-22 23:59:59,ev_C,C,12,
20190122234840,2019-01-22 23:48:40,2019-01-22 23:59:59,ev_K,K,3,
20190122234850,2019-01-22 23:48:50,2019-01-22 23:59:59,ev_K,K,1,
20190122234900,2019-01-22 23:49:00,2019-01-22 23:59:59,ev_C,C,12,
20190122234910,2019-01-22 23:49:10,2019-01-22 23:59:59,ev_C,C,5,
20190122234920,2019-01-22 23:49:20,2019-01-22 23:59:59,ev_K,K,5,
20190122234930,2019-01-22 23:49:30,2019-01-22 23:59:59,ev_C,C,7,
20190122234940,2019-01-22 23:49:40,2019-01-22 23:59:59,ev_C,C,12,
20190122234950,2019-01-22 23:49:50,2019-01-22 23:59:59,ev_C,C,5,
20190122235000,2019-01-22 23:50:00,2019-01-22 23:59:59,ev_C,C,15,
20190122235010,2019-01-22 23:50:10,2019-01-22 23:59:59,ev_K,K,3,
20190122235020,2019-01-22 23:50:20,2019-01-22 23:59:59,ev_C,C,1,
20190122235030,2019-01-22 23:50:30,2019-01-22 23:59:59,ev_C,C,8,
20190122235040,2019-01-22 23:50:40,2019-01-22 23:59:59,ev_C,C,3,
20190122235050,2019-01-22 23:50:50,2019-01-22 23:59:59,ev_C,C,1,
20190122235100,2019-01-22 23:51:00,2019-01-22 23:59:59,ev_C,C,10,
20190122235110,2019-01-22 23:51:10,2019-01-22 23:59:59,ev_C,C,1,
20190122235120,2019-01-22 23:51:20,2019-01-22 23:59:59,ev_C,C,14,
20190122235130,2019-01-22 23:51:30,2019-01-22 23:59:59,ev_K,K,1,
20190122235140,2019-01-22 23:51:40,2019-01-22 23:59:59,ev_K,K,3,
20190122235150,2019-01-22 23:51:50,2019-01-22 23:59:59,ev_C,C,14,
20190122235200,2019-01-22 23:52:00,2019-01-22 23:59:59,ev_C,C,17,
20190122235210,2019-01-22 23:52:10,2019-01-22 23:59:59,ev_C,C,6,
20190122235220,2019-01-22 23:52:20,2019-01-22 23:59:59,ev_C,C,11,
20190122235230,2019-01-22 23:52:30,2019-01-22 23:59:59,ev_C,C,19,
20190122235240,2019-01-22 23:52:40,2019-01-22 23:59:59,ev_C,C,1,
20190122235250,2019-01-22 23:52:50,2019-01-22 23:59:59,ev_C,C,20,
20190122235300,2019-01-22 23:53:00,2019-01-22 23:59:59,ev_K,K,3,
20190122235310,2019-01-22 23:53:10,2019-01-22 23:59:59,ev_C,C,13,
20190122235320,2019-01-22 23:53:20,2019-01-22 23:59:59,ev_N,K,3,
20190122235330,2019-01-22 23:53:30,2019-01-22 23:59:59,ev_C,C,20,
20190122235340,2019-01-22 23:53:40,2019-01-22 23:59:59,ev_C,C,17,
20190122235350,2019-01-22 23:53:50,2019-01-22 23:59:59,ev_K,K,3,
20190122235400,2019-01-22 23:54:00,2019-01-22 23:59:59,ev_C,C,15,
20190122235410,2019-01-22 23:54:10,2019-01-22 23:59:59,ev_C,C,13,
20190122235420,2019-01-22 23:54:20,2019-01-22 23:59:59,ev_C,C,3,
20190122235430,2019-01-22 23:54:30,2019-01-22 23:59:59,ev_C,C,5,
20190122235440,2019-01-22 23:54:40,2019-01-22 23:59:59,ev_C,C,5,
20190122235450,2019-01-22 23:54:50,2019-01-22 23:59:59,ev_C,C,11,
20190122235500,2019-01-22 23:55:00,2019-01-22 23:59:59,ev_C,C,1,
20190122235510,2019-01-22 23:55:10,2019-01-22 23:59:59,ev_C,C,15,
20190122235520,2019-01-22 23:55:20,2019-01-22 23:59:59,ev_C,C,10,
20190122235530,2019-01-22 23:55:30,2019-01-22 23:59:59,ev_C,C,8,
20190122235540,2019-01-22 23:55:40,2019-01-22 23:59:59,ev_C,C,16,
20190122235550,2019-01-22 23:55:50,2019-01-22 23:59:59,ev_C,C,15,
20190122235600,2019-01-22 23:56:00,2019-01-22 23:59:59,ev_N,K,2,
20190122235610,2019-01-22 23:56:10,2019-01-22 23:59:59,ev_C,C,7,
20190122235620,2019-01-22 23:56:20,2019-01-22 23:59:59,ev_C,C,4,
20190122235630,2019-01-22 23:56:30,2019-01-22 23:59:59,ev_C,C,9,
20190122235640,2019-01-22 23:56:40,2019-01-22 23:59:59,ev_C,C,15,
20190122235650,2019-01-22 23:56:50,2019-01-22 23:59:59,ev_K,K,4,
20190122235700,2019-01-22 23:57:00,2019-01-22 23:59:59,ev_K,K,3,
20190122235710,2019-01-22 23:57:10,2019-01-22 23:59:59,ev_C,C,5,
20190122235720,2019-01-22 23:57:20,2019-01-22 23:59:59,ev_C,C,6,
20190122235730,2019-01-22 23:57:30,2019-01-22 23:59:59,ev_C,C,16,
20190122235740,2019-01-22 23:57:40,2019-01-22 23:59:59,ev_C,C,16,
20190122235750,2019-01-22 23:57:50,2019-01-22 23:59:59,ev_K,K,4,
20190122235800,2019-01-22 23:58:00,2019-01-22 23:59:59,ev_C,C,10,
20190122235810,2019-01-22 23:58:10,2019-01-22 23:59:59,ev_C,C,7,
20190122235820,2019-01-22 23:58:20,2019-01-22 23:59:59,ev_K,K,1,
20190122235830,2019-01-22 23:58:30,2019-01-22 23:59:59,ev_C,C,19,
20190122235840,2019-01-22 23:58:40,2019-01-22 23:59:59,ev_N,K,2,
20190122235850,2019-01-22 23:58:50,2019-01-22 23:59:59,ev_K,K,3,
20190122235900,2019-01-22 23:59:00,2019-01-22 23:59:59,ev_K,K,2,
20190122235910,2019-01-22 23:59:10,2019-01-22 23:59:59,ev_K,K,1,
20190122235920,2019-01-22 23:59:20,2019-01-22 23:59:59,ev_C,C,10,
20190122235930,2019-01-22 23:59:30,2019-01-22 23:59:59,ev_K,K,1,
20190122235940,2019-01-22 23:59:40,2019-01-22 23:59:59,ev_K,K,2,
20190122235950,2019-01-22 23:59:50,2019-01-22 23:59:59,ev_C,C,18,
