id_evt,date_occur_evt,date_system_evt,type_evt,type_equipement,id_equipement,info_div
20201205000000,2020-12-05 00:00:00,2020-12-05 12:00:00,ev_C,C,10,
20201205000010,2020-12-05 00:00:10,2020-12-05 12:00:00,ev_C,C,5,
20201205000020,2020-12-05 00:00:20,2020-12-05 12:00:00,ev_C,C,5,
20201205000030,2020-12-05 00:00:30,2020-12-05 12:00:00,ev_K,K,5,
20201205000040,2020-12-05 00:00:40,2020-12-05 12:00:00,ev_C,C,11,
20201205000050,2020-12-05 00:00:50,2020-12-05 12:00:00,ev_K,K,5,
20201205000100,2020-12-05 00:01:00,2020-12-05 12:00:00,ev_C,C,3,
20201205000110,2020-12-05 00:01:10,2020-12-05 12:00:00,ev_K,K,3,
20201205000120,2020-12-05 00:01:20,2020-12-05 12:00:00,ev_K,K,4,
20201205000130,2020-12-05 00:01:30,2020-12-05 12:00:00,ev_K,K,3,
20201205000140,2020-12-05 00:01:40,2020-12-05 12:00:00,ev_C,C,8,
20201205000150,2020-12-05 00:01:50,2020-12-05 12:00:00,ev_C,C,1,
20201205000200,2020-12-05 00:02:00,2020-12-05 12:00:00,ev_C,C,8,
20201205000210,2020-12-05 00:02:10,2020-12-05 12:00:00,ev_N,K,1,
20201205000220,2020-12-05 00:02:20,2020-12-05 12:00:00,ev_C,C,2,
20201205000230,2020-12-05 00:02:30,2020-12-05 12:00:00,ev_N,K,5,
20201205000240,2020-12-05 00:02:40,2020-12-05 12:00:00,ev_C,C,6,
20201205000250,2020-12-05 00:02:50,2020-12-05 12:00:00,ev_C,C,15,
20201205000300,2020-12-05 00:03:00,2020-12-05 12:00:00,ev_N,K,5,
20201205000310,2020-12-05 00:03:10,2020-12-05 12:00:00,ev_C,C,1,
20201205000320,2020-12-05 00:03:20,2020-12-05 12:00:00,ev_N,K,5,
20201205000330,2020-12-05 00:03:30,2020-12-05 12:00:00,ev_C,C,14,
20201205000340,2020-12-05 00:03:40,2020-12-05 12:00:00,ev_K,K,3,
20201205000350,2020-12-05 00:03:50,2020-12-05 12:00:00,ev_C,C,5,
20201205000400,2020-12-05 00:04:00,2020-12-05 12:00:00,ev_C,C,2,
20201205000410,2020-12-05 00:04:10,2020-12-05 12:00:00,ev_C,C,23,
20201205000420,2020-12-05 00:04:20,2020-12-05 12:00:00,ev_C,C,5,
20201205000430,2020-12-05 00:04:30,2020-12-05 12:00:00,ev_C,C,3,
20201205000440,2020-12-05 00:04:40,2020-12-05 12:00:00,ev_C,C,5,
20201205000450,2020-12-05 00:04:50,2020-12-05 12:00:00,ev_K,K,1,
20201205000500,2020-12-05 00:05:00,2020-12-05 12:00:00,ev_C,C,7,
20201205000510,2020-12-05 00:05:10,2020-12-05 12:00:00,ev_K,K,2,
20201205000520,2020-12-05 00:05:20,2020-12-05 12:00:00,ev_K,K,4,
20201205000530,2020-12-05 00:05:30,2020-12-05 12:00:00,ev_C,C,25,
20201205000540,2020-12-05 00:05:40,2020-12-05 12:00:00,ev_K,K,4,
20201205000550,2020-12-05 00:05:50,2020-12-05 12:00:00,ev_K,K,5,
20201205000600,2020-12-05 00:06:00,2020-12-05 12:00:00,ev_C,C,5,
20201205000610,2020-12-05 00:06:10,2020-12-05 12:00:00,ev_C,C,9,
20201205000620,2020-12-05 00:06:20,2020-12-05 12:00:00,ev_C,C,3,
20201205000630,2020-12-05 00:06:30,2020-12-05 12:00:00,ev_C,C,11,
20201205000640,2020-12-05 00:06:40,2020-12-05 12:00:00,ev_C,C,15,
20201205000650,2020-12-05 00:06:50,2020-12-05 12:00:00,ev_C,C,21,
20201205000700,2020-12-05 00:07:00,2020-12-05 12:00:00,ev_N,K,5,
20201205000710,2020-12-05 00:07:10,2020-12-05 12:00:00,ev_C,C,2,
20201205000720,2020-12-05 00:07:20,2020-12-05 12:00:00,ev_N,K,5,
20201205000730,2020-12-05 00:07:30,2020-12-05 12:00:00,ev_K,K,5,
20201205000740,2020-12-05 00:07:40,2020-12-05 12:00:00,ev_C,C,25,
20201205000750,2020-12-05 00:07:50,2020-12-05 12:00:00,ev_C,C,6,
20201205000800,2020-12-05 00:08:00,2020-12-05 12:00:00,ev_N,K,3,
20201205000810,2020-12-05 00:08:10,2020-12-05 12:00:00,ev_K,K,5,
20201205000820,2020-12-05 00:08:20,2020-12-05 12:00:00,ev_C,C,12,
20201205000830,2020-12-05 00:08:30,2020-12-05 12:00:00,ev_K,K,2,
20201205000840,2020-12-05 00:08:40,2020-12-05 12:00:00,ev_C,C,8,
20201205000850,2020-12-05 00:08:50,2020-12-05 12:00:00,ev_C,C,25,
20201205000900,2020-12-05 00:09:00,2020-12-05 12:00:00,ev_K,K,4,
20201205000910,2020-12-05 00:09:10,2020-12-05 12:00:00,ev_C,C,13,
20201205000920,2020-12-05 00:09:20,2020-12-05 12:00:00,ev_C,C,2,
20201205000930,2020-12-05 00:09:30,2020-12-05 12:00:00,ev_C,C,4,
20201205000940,2020-12-05 00:09:40,2020-12-05 12:00:00,ev_C,C,11,
20201205000950,2020-12-05 00:09:50,2020-12-05 12:00:00,ev_C,C,3,
20201205001000,2020-12-05 00:10:00,2020-12-05 12:00:00,ev_C,C,24,
20201205001010,2020-12-05 00:10:10,2020-12-05 12:00:00,ev_C,C,10,
20201205001020,2020-12-05 00:10:20,2020-12-05 12:00:00,ev_C,C,13,
20201205001030,2020-12-05 00:10:30,2020-12-05 12:00:00,ev_N,K,5,
20201205001040,2020-12-05 00:10:40,2020-12-05 12:00:00,ev_N,K,5,
20201205001050,2020-12-05 00:10:50,2020-12-05 12:00:00,ev_K,K,2,
20201205001100,2020-12-05 00:11:00,2020-12-05 12:00:00,ev_C,C,22,
20201205001110,2020-12-05 00:11:10,2020-12-05 12:00:00,ev_C,C,8,
20201205001120,2020-12-05 00:11:20,2020-12-05 12:00:00,ev_C,C,11,
20201205001130,2020-12-05 00:11:30,2020-12-05 12:00:00,ev_C,C,4,
20201205001140,2020-12-05 00:11:40,2020-12-05 12:00:00,ev_C,C,4,
20201205001150,2020-12-05 00:11:50,2020-12-05 12:00:00,ev_C,C,12,
20201205001200,2020-12-05 00:12:00,2020-12-05 12:00:00,ev_C,C,13,
20201205001210,2020-12-05 00:12:10,2020-12-05 12:00:00,ev_C,C,1,
20201205001220,2020-12-05 00:12:20,2020-12-05 12:00:00,ev_C,C,10,
20201205001230,2020-12-05 00:12:30,2020-12-05 12:00:00,ev_C,C,25,
20201205001240,2020-12-05 00:12:40,2020-12-05 12:00:00,ev_K,K,2,
20201205001250,2020-12-05 00:12:50,2020-12-05 12:00:00,ev_C,C,6,
20201205001300,2020-12-05 00:13:00,2020-12-05 12:00:00,ev_C,C,7,
20201205001310,2020-12-05 00:13:10,2020-12-05 12:00:00,ev_N,K,5,
20201205001320,2020-12-05 00:13:20,2020-12-05 12:00:00,ev_C,C,1,
20201205001330,2020-12-05 00:13:30,2020-12-05 12:00:00,ev_C,C,9,
20201205001340,2020-12-05 00:13:40,2020-12-05 12:00:00,ev_K,K,3,
20201205001350,2020-12-05 00:13:50,2020-12-05 12:00:00,ev_K,K,5,
20201205001400,2020-12-05 00:14:00,2020-12-05 12:00:00,ev_C,C,24,
20201205001410,2020-12-05 00:14:10,2020-12-05 12:00:00,ev_K,K,5,
20201205001420,2020-12-05 00:14:20,2020-12-05 12:00:00,ev_C,C,7,
20201205001430,2020-12-05 00:14:30,2020-12-05 12:00:00,ev_C,C,8,
20201205001440,2020-12-05 00:14:40,2020-12-05 12:00:00,ev_C,C,5,
20201205001450,2020-12-05 00:14:50,2020-12-05 12:00:00,ev_C,C,3,
20201205001500,2020-12-05 00:15:00,2020-12-05 12:00:00,ev_C,C,25,
20201205001510,2020-12-05 00:15:10,2020-12-05 12:00:00,ev_C,C,12,
20201205001520,2020-12-05 00:15:20,2020-12-05 12:00:00,ev_K,K,2,
20201205001530,2020-12-05 00:15:30,2020-12-05 12:00:00,ev_C,C,5,
20201205001540,2020-12-05 00:15:40,2020-12-05 12:00:00,ev_C,C,4,
20201205001550,2020-12-05 00:15:50,2020-12-05 12:00:00,ev_C,C,11,
20201205001600,2020-12-05 00:16:00,2020-12-05 12:00:00,ev_K,K,1,
20201205001610,2020-12-05 00:16:10,2020-12-05 12:00:00,ev_C,C,12,
20201205001620,2020-12-05 00:16:20,2020-12-05 12:00:00,ev_C,C,14,
20201205001630,2020-12-05 00:16:30,2020-12-05 12:00:00,ev_C,C,15,
20201205001640,2020-12-05 00:16:40,2020-12-05 12:00:00,ev_C,C,10,
20201205001650,2020-12-05 00:16:50,2020-12-05 12:00:00,ev_K,K,5,
20201205001700,2020-12-05 00:17:00,2020-12-05 12:00:00,ev_C,C,6,
20201205001710,2020-12-05 00:17:10,2020-12-05 12:00:00,ev_C,C,22,
20201205001720,2020-12-05 00:17:20,2020-12-05 12:00:00,ev_C,C,13,
20201205001730,2020-12-05 00:17:30,2020-12-05 12:00:00,ev_C,C,1,
20201205001740,2020-12-05 00:17:40,2020-12-05 12:00:00,ev_C,C,12,
20201205001750,2020-12-05 00:17:50,2020-12-05 12:00:00,ev_C,C,13,
20201205001800,2020-12-05 00:18:00,2020-12-05 12:00:00,ev_C,C,12,
20201205001810,2020-12-05 00:18:10,2020-12-05 12:00:00,ev_C,C,8,
20201205001820,2020-12-05 00:18:20,2020-12-05 12:00:00,ev_C,C,3,
20201205001830,2020-12-05 00:18:30,2020-12-05 12:00:00,ev_C,C,8,
20201205001840,2020-12-05 00:18:40,2020-12-05 12:00:00,ev_C,C,4,
20201205001850,2020-12-05 00:18:50,2020-12-05 12:00:00,ev_C,C,7,
20201205001900,2020-12-05 00:19:00,2020-12-05 12:00:00,ev_N,K,1,
20201205001910,2020-12-05 00:19:10,2020-12-05 12:00:00,ev_C,C,25,
20201205001920,2020-12-05 00:19:20,2020-12-05 12:00:00,ev_C,C,22,
20201205001930,2020-12-05 00:19:30,2020-12-05 12:00:00,ev_K,K,4,
20201205001940,2020-12-05 00:19:40,2020-12-05 12:00:00,ev_C,C,21,
20201205001950,2020-12-05 00:19:50,2020-12-05 12:00:00,ev_C,C,8,
20201205002000,2020-12-05 00:20:00,2020-12-05 12:00:00,ev_C,C,4,
20201205002010,2020-12-05 00:20:10,2020-12-05 12:00:00,ev_C,C,12,
20201205002020,2020-12-05 00:20:20,2020-12-05 12:00:00,ev_K,K,4,
20201205002030,2020-12-05 00:20:30,2020-12-05 12:00:00,ev_C,C,1,
20201205002040,2020-12-05 00:20:40,2020-12-05 12:00:00,ev_C,C,14,
20201205002050,2020-12-05 00:20:50,2020-12-05 12:00:00,ev_C,C,6,
20201205002100,2020-12-05 00:21:00,2020-12-05 12:00:00,ev_C,C,21,
20201205002110,2020-12-05 00:21:10,2020-12-05 12:00:00,ev_C,C,15,
20201205002120,2020-12-05 00:21:20,2020-12-05 12:00:00,ev_C,C,21,
20201205002130,2020-12-05 00:21:30,2020-12-05 12:00:00,ev_C,C,15,
20201205002140,2020-12-05 00:21:40,2020-12-05 12:00:00,ev_C,C,22,
20201205002150,2020-12-05 00:21:50,2020-12-05 12:00:00,ev_K,K,1,
20201205002200,2020-12-05 00:22:00,2020-12-05 12:00:00,ev_C,C,1,
20201205002210,2020-12-05 00:22:10,2020-12-05 12:00:00,ev_K,K,4,
20201205002220,2020-12-05 00:22:20,2020-12-05 12:00:00,ev_C,C,22,
20201205002230,2020-12-05 00:22:30,2020-12-05 12:00:00,ev_C,C,7,
20201205002240,2020-12-05 00:22:40,2020-12-05 12:00:00,ev_C,C,22,
20201205002250,2020-12-05 00:22:50,2020-12-05 12:00:00,ev_C,C,15,
20201205002300,2020-12-05 00:23:00,2020-12-05 12:00:00,ev_C,C,12,
20201205002310,2020-12-05 00:23:10,2020-12-05 12:00:00,ev_C,C,5,
20201205002320,2020-12-05 00:23:20,2020-12-05 12:00:00,ev_C,C,11,
20201205002330,2020-12-05 00:23:30,2020-12-05 12:00:00,ev_C,C,23,
20201205002340,2020-12-05 00:23:40,2020-12-05 12:00:00,ev_C,C,12,
20201205002350,2020-12-05 00:23:50,2020-12-05 12:00:00,ev_C,C,2,
20201205002400,2020-12-05 00:24:00,2020-12-05 12:00:00,ev_C,C,3,
20201205002410,2020-12-05 00:24:10,2020-12-05 12:00:00,ev_C,C,22,
20201205002420,2020-12-05 00:24:20,2020-12-05 12:00:00,ev_C,C,9,
20201205002430,2020-12-05 00:24:30,2020-12-05 12:00:00,ev_C,C,6,
20201205002440,2020-12-05 00:24:40,2020-12-05 12:00:00,ev_C,C,11,
20201205002450,2020-12-05 00:24:50,2020-12-05 12:00:00,ev_K,K,2,
20201205002500,2020-12-05 00:25:00,2020-12-05 12:00:00,ev_C,C,10,
20201205002510,2020-12-05 00:25:10,2020-12-05 12:00:00,ev_C,C,1,
20201205002520,2020-12-05 00:25:20,2020-12-05 12:00:00,ev_C,C,12,
20201205002530,2020-12-05 00:25:30,2020-12-05 12:00:00,ev_C,C,10,
20201205002540,2020-12-05 00:25:40,2020-12-05 12:00:00,ev_K,K,1,
20201205002550,2020-12-05 00:25:50,2020-12-05 12:00:00,ev_C,C,12,
20201205002600,2020-12-05 00:26:00,2020-12-05 12:00:00,ev_C,C,8,
20201205002610,2020-12-05 00:26:10,2020-12-05 12:00:00,ev_C,C,23,
20201205002620,2020-12-05 00:26:20,2020-12-05 12:00:00,ev_C,C,10,
20201205002630,2020-12-05 00:26:30,2020-12-05 12:00:00,ev_C,C,3,
20201205002640,2020-12-05 00:26:40,2020-12-05 12:00:00,ev_C,C,23,
20201205002650,2020-12-05 00:26:50,2020-12-05 12:00:00,ev_C,C,10,
20201205002700,2020-12-05 00:27:00,2020-12-05 12:00:00,ev_C,C,23,
20201205002710,2020-12-05 00:27:10,2020-12-05 12:00:00,ev_C,C,25,
20201205002720,2020-12-05 00:27:20,2020-12-05 12:00:00,ev_C,C,9,
20201205002730,2020-12-05 00:27:30,2020-12-05 12:00:00,ev_C,C,10,
20201205002740,2020-12-05 00:27:40,2020-12-05 12:00:00,ev_K,K,2,
20201205002750,2020-12-05 00:27:50,2020-12-05 12:00:00,ev_C,C,7,
20201205002800,2020-12-05 00:28:00,2020-12-05 12:00:00,ev_K,K,3,
20201205002810,2020-12-05 00:28:10,2020-12-05 12:00:00,ev_C,C,7,
20201205002820,2020-12-05 00:28:20,2020-12-05 12:00:00,ev_C,C,9,
20201205002830,2020-12-05 00:28:30,2020-12-05 12:00:00,ev_C,C,5,
20201205002840,2020-12-05 00:28:40,2020-12-05 12:00:00,ev_C,C,7,
20201205002850,2020-12-05 00:28:50,2020-12-05 12:00:00,ev_C,C,13,
20201205002900,2020-12-05 00:29:00,2020-12-05 12:00:00,ev_C,C,6,
20201205002910,2020-12-05 00:29:10,2020-12-05 12:00:00,ev_C,C,6,
20201205002920,2020-12-05 00:29:20,2020-12-05 12:00:00,ev_N,K,3,
20201205002930,2020-12-05 00:29:30,2020-12-05 12:00:00,ev_C,C,24,
20201205002940,2020-12-05 00:29:40,2020-12-05 12:00:00,ev_C,C,8,
20201205002950,2020-12-05 00:29:50,2020-12-05 12:00:00,ev_C,C,10,
20201205003000,2020-12-05 00:30:00,2020-12-05 12:00:00,ev_C,C,8,
20201205003010,2020-12-05 00:30:10,2020-12-05 12:00:00,ev_C,C,13,
20201205003020,2020-12-05 00:30:20,2020-12-05 12:00:00,ev_C,C,11,
20201205003030,2020-12-05 00:30:30,2020-12-05 12:00:00,ev_C,C,7,
20201205003040,2020-12-05 00:30:40,2020-12-05 12:00:00,ev_K,K,4,
20201205003050,2020-12-05 00:30:50,2020-12-05 12:00:00,ev_K,K,1,
20201205003100,2020-12-05 00:31:00,2020-12-05 12:00:00,ev_N,K,4,
20201205003110,2020-12-05 00:31:10,2020-12-05 12:00:00,ev_C,C,5,
20201205003120,2020-12-05 00:31:20,2020-12-05 12:00:00,ev_C,C,3,
20201205003130,2020-12-05 00:31:30,2020-12-05 12:00:00,ev_C,C,10,
20201205003140,2020-12-05 00:31:40,2020-12-05 12:00:00,ev_C,C,23,
20201205003150,2020-12-05 00:31:50,2020-12-05 12:00:00,ev_C,C,9,
20201205003200,2020-12-05 00:32:00,2020-12-05 12:00:00,ev_N,K,5,
20201205003210,2020-12-05 00:32:10,2020-12-05 12:00:00,ev_C,C,3,
20201205003220,2020-12-05 00:32:20,2020-12-05 12:00:00,ev_C,C,2,
20201205003230,2020-12-05 00:32:30,2020-12-05 12:00:00,ev_C,C,7,
20201205003240,2020-12-05 00:32:40,2020-12-05 12:00:00,ev_C,C,13,
20201205003250,2020-12-05 00:32:50,2020-12-05 12:00:00,ev_K,K,2,
20201205003300,2020-12-05 00:33:00,2020-12-05 12:00:00,ev_C,C,14,
20201205003310,2020-12-05 00:33:10,2020-12-05 12:00:00,ev_C,C,8,
20201205003320,2020-12-05 00:33:20,2020-12-05 12:00:00,ev_K,K,3,
20201205003330,2020-12-05 00:33:30,2020-12-05 12:00:00,ev_C,C,23,
20201205003340,2020-12-05 00:33:40,2020-12-05 12:00:00,ev_C,C,25,
20201205003350,2020-12-05 00:33:50,2020-12-05 12:00:00,ev_C,C,13,
20201205003400,2020-12-05 00:34:00,2020-12-05 12:00:00,ev_K,K,4,
20201205003410,2020-12-05 00:34:10,2020-12-05 12:00:00,ev_C,C,24,
20201205003420,2020-12-05 00:34:20,2020-12-05 12:00:00,ev_K,K,3,
20201205003430,2020-12-05 00:34:30,2020-12-05 12:00:00,ev_K,K,1,
20201205003440,2020-12-05 00:34:40,2020-12-05 12:00:00,ev_K,K,2,
20201205003450,2020-12-05 00:34:50,2020-12-05 12:00:00,ev_C,C,8,
20201205003500,2020-12-05 00:35:00,2020-12-05 12:00:00,ev_C,C,21,
20201205003510,2020-12-05 00:35:10,2020-12-05 12:00:00,ev_C,C,25,
20201205003520,2020-12-05 00:35:20,2020-12-05 12:00:00,ev_C,C,23,
20201205003530,2020-12-05 00:35:30,2020-12-05 12:00:00,ev_K,K,1,
20201205003540,2020-12-05 00:35:40,2020-12-05 12:00:00,ev_C,C,11,
20201205003550,2020-12-05 00:35:50,2020-12-05 12:00:00,ev_C,C,24,
20201205003600,2020-12-05 00:36:00,2020-12-05 12:00:00,ev_C,C,25,
20201205003610,2020-12-05 00:36:10,2020-12-05 12:00:00,ev_N,K,3,
20201205003620,2020-12-05 00:36:20,2020-12-05 12:00:00,ev_C,C,3,
20201205003630,2020-12-05 00:36:30,2020-12-05 12:00:00,ev_K,K,5,
20201205003640,2020-12-05 00:36:40,2020-12-05 12:00:00,ev_C,C,9,
20201205003650,2020-12-05 00:36:50,2020-12-05 12:00:00,ev_C,C,13,
20201205003700,2020-12-05 00:37:00,2020-12-05 12:00:00,ev_C,C,2,
20201205003710,2020-12-05 00:37:10,2020-12-05 12:00:00,ev_C,C,24,
20201205003720,2020-12-05 00:37:20,2020-12-05 12:00:00,ev_C,C,11,
20201205003730,2020-12-05 00:37:30,2020-12-05 12:00:00,ev_C,C,13,
20201205003740,2020-12-05 00:37:40,2020-12-05 12:00:00,ev_N,K,4,
20201205003750,2020-12-05 00:37:50,2020-12-05 12:00:00,ev_C,C,24,
20201205003800,2020-12-05 00:38:00,2020-12-05 12:00:00,ev_C,C,25,
20201205003810,2020-12-05 00:38:10,2020-12-05 12:00:00,ev_C,C,24,
20201205003820,2020-12-05 00:38:20,2020-12-05 12:00:00,ev_N,K,3,
20201205003830,2020-12-05 00:38:30,2020-12-05 12:00:00,ev_C,C,23,
20201205003840,2020-12-05 00:38:40,2020-12-05 12:00:00,ev_C,C,21,
20201205003850,2020-12-05 00:38:50,2020-12-05 12:00:00,ev_N,K,1,
20201205003900,2020-12-05 00:39:00,2020-12-05 12:00:00,ev_K,K,3,
20201205003910,2020-12-05 00:39:10,2020-12-05 12:00:00,ev_C,C,3,
20201205003920,2020-12-05 00:39:20,2020-12-05 12:00:00,ev_C,C,14,
20201205003930,2020-12-05 00:39:30,2020-12-05 12:00:00,ev_K,K,3,
20201205003940,2020-12-05 00:39:40,2020-12-05 12:00:00,ev_C,C,7,
20201205003950,2020-12-05 00:39:50,2020-12-05 12:00:00,ev_C,C,13,
20201205004000,2020-12-05 00:40:00,2020-12-05 12:00:00,ev_C,C,9,
20201205004010,2020-12-05 00:40:10,2020-12-05 12:00:00,ev_C,C,7,
20201205004020,2020-12-05 00:40:20,2020-12-05 12:00:00,ev_C,C,22,
20201205004030,2020-12-05 00:40:30,2020-12-05 12:00:00,ev_K,K,4,
20201205004040,2020-12-05 00:40:40,2020-12-05 12:00:00,ev_N,K,3,
20201205004050,2020-12-05 00:40:50,2020-12-05 12:00:00,ev_C,C,9,
20201205004100,2020-12-05 00:41:00,2020-12-05 12:00:00,ev_C,C,15,
20201205004110,2020-12-05 00:41:10,2020-12-05 12:00:00,ev_C,C,25,
20201205004120,2020-12-05 00:41:20,2020-12-05 12:00:00,ev_K,K,4,
20201205004130,2020-12-05 00:41:30,2020-12-05 12:00:00,ev_C,C,21,
20201205004140,2020-12-05 00:41:40,2020-12-05 12:00:00,ev_K,K,3,
20201205004150,2020-12-05 00:41:50,2020-12-05 12:00:00,ev_K,K,5,
20201205004200,2020-12-05 00:42:00,2020-12-05 12:00:00,ev_C,C,21,
20201205004210,2020-12-05 00:42:10,2020-12-05 12:00:00,ev_C,C,12,
20201205004220,2020-12-05 00:42:20,2020-12-05 12:00:00,ev_C,C,10,
20201205004230,2020-12-05 00:42:30,2020-12-05 12:00:00,ev_C,C,11,
20201205004240,2020-12-05 00:42:40,2020-12-05 12:00:00,ev_C,C,25,
20201205004250,2020-12-05 00:42:50,2020-12-05 12:00:00,ev_C,C,23,
20201205004300,2020-12-05 00:43:00,2020-12-05 12:00:00,ev_C,C,1,
20201205004310,2020-12-05 00:43:10,2020-12-05 12:00:00,ev_K,K,1,
20201205004320,2020-12-05 00:43:20,2020-12-05 12:00:00,ev_K,K,1,
20201205004330,2020-12-05 00:43:30,2020-12-05 12:00:00,ev_C,C,2,
20201205004340,2020-12-05 00:43:40,2020-12-05 12:00:00,ev_C,C,12,
20201205004350,2020-12-05 00:43:50,2020-12-05 12:00:00,ev_C,C,4,
20201205004400,2020-12-05 00:44:00,2020-12-05 12:00:00,ev_C,C,23,
20201205004410,2020-12-05 00:44:10,2020-12-05 12:00:00,ev_C,C,23,
20201205004420,2020-12-05 00:44:20,2020-12-05 12:00:00,ev_C,C,6,
20201205004430,2020-12-05 00:44:30,2020-12-05 12:00:00,ev_C,C,25,
20201205004440,2020-12-05 00:44:40,2020-12-05 12:00:00,ev_C,C,21,
20201205004450,2020-12-05 00:44:50,2020-12-05 12:00:00,ev_N,K,5,
20201205004500,2020-12-05 00:45:00,2020-12-05 12:00:00,ev_C,C,12,
20201205004510,2020-12-05 00:45:10,2020-12-05 12:00:00,ev_C,C,3,
20201205004520,2020-12-05 00:45:20,2020-12-05 12:00:00,ev_C,C,13,
20201205004530,2020-12-05 00:45:30,2020-12-05 12:00:00,ev_C,C,7,
20201205004540,2020-12-05 00:45:40,2020-12-05 12:00:00,ev_C,C,21,
20201205004550,2020-12-05 00:45:50,2020-12-05 12:00:00,ev_C,C,3,
20201205004600,2020-12-05 00:46:00,2020-12-05 12:00:00,ev_K,K,5,
20201205004610,2020-12-05 00:46:10,2020-12-05 12:00:00,ev_C,C,23,
20201205004620,2020-12-05 00:46:20,2020-12-05 12:00:00,ev_C,C,21,
20201205004630,2020-12-05 00:46:30,2020-12-05 12:00:00,ev_C,C,1,
20201205004640,2020-12-05 00:46:40,2020-12-05 12:00:00,ev_N,K,1,
20201205004650,2020-12-05 00:46:50,2020-12-05 12:00:00,ev_C,C,12,
20201205004700,2020-12-05 00:47:00,2020-12-05 12:00:00,ev_C,C,8,
20201205004710,2020-12-05 00:47:10,2020-12-05 12:00:00,ev_C,C,15,
20201205004720,2020-12-05 00:47:20,2020-12-05 12:00:00,ev_C,C,2,
20201205004730,2020-12-05 00:47:30,2020-12-05 12:00:00,ev_C,C,7,
20201205004740,2020-12-05 00:47:40,2020-12-05 12:00:00,ev_C,C,1,
20201205004750,2020-12-05 00:47:50,2020-12-05 12:00:00,ev_C,C,9,
20201205004800,2020-12-05 00:48:00,2020-12-05 12:00:00,ev_C,C,8,
20201205004810,2020-12-05 00:48:10,2020-12-05 12:00:00,ev_C,C,14,
20201205004820,2020-12-05 00:48:20,2020-12-05 12:00:00,ev_K,K,2,
20201205004830,2020-12-05 00:48:30,2020-12-05 12:00:00,ev_C,C,13,
20201205004840,2020-12-05 00:48:40,2020-12-05 12:00:00,ev_C,C,24,
20201205004850,2020-12-05 00:48:50,2020-12-05 12:00:00,ev_C,C,7,
20201205004900,2020-12-05 00:49:00,2020-12-05 12:00:00,ev_K,K,3,
20201205004910,2020-12-05 00:49:10,2020-12-05 12:00:00,ev_C,C,7,
20201205004920,2020-12-05 00:49:20,2020-12-05 12:00:00,ev_C,C,13,
20201205004930,2020-12-05 00:49:30,2020-12-05 12:00:00,ev_K,K,2,
20201205004940,2020-12-05 00:49:40,2020-12-05 12:00:00,ev_C,C,11,
20201205004950,2020-12-05 00:49:50,2020-12-05 12:00:00,ev_C,C,22,
20201205005000,2020-12-05 00:50:00,2020-12-05 12:00:00,ev_K,K,4,
20201205005010,2020-12-05 00:50:10,2020-12-05 12:00:00,ev_C,C,14,
20201205005020,2020-12-05 00:50:20,2020-12-05 12:00:00,ev_C,C,11,
20201205005030,2020-12-05 00:50:30,2020-12-05 12:00:00,ev_C,C,8,
20201205005040,2020-12-05 00:50:40,2020-12-05 12:00:00,ev_K,K,1,
20201205005050,2020-12-05 00:50:50,2020-12-05 12:00:00,ev_C,C,4,
20201205005100,2020-12-05 00:51:00,2020-12-05 12:00:00,ev_K,K,2,
20201205005110,2020-12-05 00:51:10,2020-12-05 12:00:00,ev_C,C,1,
20201205005120,2020-12-05 00:51:20,2020-12-05 12:00:00,ev_C,C,12,
20201205005130,2020-12-05 00:51:30,2020-12-05 12:00:00,ev_C,C,21,
20201205005140,2020-12-05 00:51:40,2020-12-05 12:00:00,ev_C,C,5,
20201205005150,2020-12-05 00:51:50,2020-12-05 12:00:00,ev_C,C,11,
20201205005200,2020-12-05 00:52:00,2020-12-05 12:00:00,ev_K,K,5,
20201205005210,2020-12-05 00:52:10,2020-12-05 12:00:00,ev_C,C,3,
20201205005220,2020-12-05 00:52:20,2020-12-05 12:00:00,ev_C,C,9,
20201205005230,2020-12-05 00:52:30,2020-12-05 12:00:00,ev_C,C,23,
20201205005240,2020-12-05 00:52:40,2020-12-05 12:00:00,ev_K,K,3,
20201205005250,2020-12-05 00:52:50,2020-12-05 12:00:00,ev_C,C,21,
20201205005300,2020-12-05 00:53:00,2020-12-05 12:00:00,ev_C,C,5,
20201205005310,2020-12-05 00:53:10,2020-12-05 12:00:00,ev_C,C,3,
20201205005320,2020-12-05 00:53:20,2020-12-05 12:00:00,ev_N,K,1,
20201205005330,2020-12-05 00:53:30,2020-12-05 12:00:00,ev_K,K,3,
20201205005340,2020-12-05 00:53:40,2020-12-05 12:00:00,ev_C,C,12,
20201205005350,2020-12-05 00:53:50,2020-12-05 12:00:00,ev_C,C,9,
20201205005400,2020-12-05 00:54:00,2020-12-05 12:00:00,ev_C,C,13,
20201205005410,2020-12-05 00:54:10,2020-12-05 12:00:00,ev_C,C,22,
20201205005420,2020-12-05 00:54:20,2020-12-05 12:00:00,ev_C,C,13,
20201205005430,2020-12-05 00:54:30,2020-12-05 12:00:00,ev_K,K,3,
20201205005440,2020-12-05 00:54:40,2020-12-05 12:00:00,ev_N,K,1,
20201205005450,2020-12-05 00:54:50,2020-12-05 12:00:00,ev_C,C,14,
20201205005500,2020-12-05 00:55:00,2020-12-05 12:00:00,ev_C,C,8,
20201205005510,2020-12-05 00:55:10,2020-12-05 12:00:00,ev_C,C,6,
20201205005520,2020-12-05 00:55:20,2020-12-05 12:00:00,ev_C,C,4,
20201205005530,2020-12-05 00:55:30,2020-12-05 12:00:00,ev_C,C,25,
20201205005540,2020-12-05 00:55:40,2020-12-05 12:00:00,ev_C,C,21,
20201205005550,2020-12-05 00:55:50,2020-12-05 12:00:00,ev_C,C,21,
20201205005600,2020-12-05 00:56:00,2020-12-05 12:00:00,ev_K,K,5,
20201205005610,2020-12-05 00:56:10,2020-12-05 12:00:00,ev_C,C,25,
20201205005620,2020-12-05 00:56:20,2020-12-05 12:00:00,ev_K,K,5,
20201205005630,2020-12-05 00:56:30,2020-12-05 12:00:00,ev_C,C,25,
20201205005640,2020-12-05 00:56:40,2020-12-05 12:00:00,ev_C,C,21,
20201205005650,2020-12-05 00:56:50,2020-12-05 12:00:00,ev_C,C,4,
20201205005700,2020-12-05 00:57:00,2020-12-05 12:00:00,ev_C,C,3,
20201205005710,2020-12-05 00:57:10,2020-12-05 12:00:00,ev_N,K,4,
20201205005720,2020-12-05 00:57:20,2020-12-05 12:00:00,ev_K,K,3,
20201205005730,2020-12-05 00:57:30,2020-12-05 12:00:00,ev_N,K,1,
20201205005740,2020-12-05 00:57:40,2020-12-05 12:00:00,ev_C,C,15,
20201205005750,2020-12-05 00:57:50,2020-12-05 12:00:00,ev_C,C,21,
20201205005800,2020-12-05 00:58:00,2020-12-05 12:00:00,ev_C,C,14,
20201205005810,2020-12-05 00:58:10,2020-12-05 12:00:00,ev_C,C,9,
20201205005820,2020-12-05 00:58:20,2020-12-05 12:00:00,ev_C,C,14,
20201205005830,2020-12-05 00:58:30,2020-12-05 12:00:00,ev_C,C,22,
20201205005840,2020-12-05 00:58:40,2020-12-05 12:00:00,ev_C,C,22,
20201205005850,2020-12-05 00:58:50,2020-12-05 12:00:00,ev_K,K,3,
20201205005900,2020-12-05 00:59:00,2020-12-05 12:00:00,ev_C,C,22,
20201205005910,2020-12-05 00:59:10,2020-12-05 12:00:00,ev_C,C,9,
20201205005920,2020-12-05 00:59:20,2020-12-05 12:00:00,ev_C,C,7,
20201205005930,2020-12-05 00:59:30,2020-12-05 12:00:00,ev_C,C,5,
20201205005940,2020-12-05 00:59:40,2020-12-05 12:00:00,ev_K,K,5,
20201205005950,2020-12-05 00:59:50,2020-12-05 12:00:00,ev_C,C,7,
20201205010000,2020-12-05 01:00:00,2020-12-05 12:00:00,ev_N,K,2,
20201205010010,2020-12-05 01:00:10,2020-12-05 12:00:00,ev_C,C,14,
20201205010020,2020-12-05 01:00:20,2020-12-05 12:00:00,ev_C,C,4,
20201205010030,2020-12-05 01:00:30,2020-12-05 12:00:00,ev_C,C,14,
20201205010040,2020-12-05 01:00:40,2020-12-05 12:00:00,ev_C,C,23,
20201205010050,2020-12-05 01:00:50,2020-12-05 12:00:00,ev_C,C,15,
20201205010100,2020-12-05 01:01:00,2020-12-05 12:00:00,ev_C,C,9,
20201205010110,2020-12-05 01:01:10,2020-12-05 12:00:00,ev_C,C,7,
20201205010120,2020-12-05 01:01:20,2020-12-05 12:00:00,ev_C,C,8,
20201205010130,2020-12-05 01:01:30,2020-12-05 12:00:00,ev_C,C,21,
20201205010140,2020-12-05 01:01:40,2020-12-05 12:00:00,ev_K,K,1,
20201205010150,2020-12-05 01:01:50,2020-12-05 12:00:00,ev_C,C,1,
20201205010200,2020-12-05 01:02:00,2020-12-05 12:00:00,ev_C,C,8,
20201205010210,2020-12-05 01:02:10,2020-12-05 12:00:00,ev_C,C,7,
20201205010220,2020-12-05 01:02:20,2020-12-05 12:00:00,ev_C,C,5,
20201205010230,2020-12-05 01:02:30,2020-12-05 12:00:00,ev_C,C,21,
20201205010240,2020-12-05 01:02:40,2020-12-05 12:00:00,ev_C,C,2,
20201205010250,2020-12-05 01:02:50,2020-12-05 12:00:00,ev_K,K,1,
20201205010300,2020-12-05 01:03:00,2020-12-05 12:00:00,ev_C,C,25,
20201205010310,2020-12-05 01:03:10,2020-12-05 12:00:00,ev_C,C,23,
20201205010320,2020-12-05 01:03:20,2020-12-05 12:00:00,ev_C,C,1,
20201205010330,2020-12-05 01:03:30,2020-12-05 12:00:00,ev_C,C,5,
20201205010340,2020-12-05 01:03:40,2020-12-05 12:00:00,ev_C,C,23,
20201205010350,2020-12-05 01:03:50,2020-12-05 12:00:00,ev_C,C,8,
20201205010400,2020-12-05 01:04:00,2020-12-05 12:00:00,ev_C,C,4,
20201205010410,2020-12-05 01:04:10,2020-12-05 12:00:00,ev_C,C,12,
20201205010420,2020-12-05 01:04:20,2020-12-05 12:00:00,ev_C,C,10,
20201205010430,2020-12-05 01:04:30,2020-12-05 12:00:00,ev_C,C,14,
20201205010440,2020-12-05 01:04:40,2020-12-05 12:00:00,ev_N,K,5,
20201205010450,2020-12-05 01:04:50,2020-12-05 12:00:00,ev_K,K,2,
20201205010500,2020-12-05 01:05:00,2020-12-05 12:00:00,ev_C,C,23,
20201205010510,2020-12-05 01:05:10,2020-12-05 12:00:00,ev_C,C,1,
20201205010520,2020-12-05 01:05:20,2020-12-05 12:00:00,ev_C,C,23,
20201205010530,2020-12-05 01:05:30,2020-12-05 12:00:00,ev_C,C,10,
20201205010540,2020-12-05 01:05:40,2020-12-05 12:00:00,ev_C,C,10,
20201205010550,2020-12-05 01:05:50,2020-12-05 12:00:00,ev_K,K,4,
20201205010600,2020-12-05 01:06:00,2020-12-05 12:00:00,ev_K,K,5,
20201205010610,2020-12-05 01:06:10,2020-12-05 12:00:00,ev_K,K,3,
20201205010620,2020-12-05 01:06:20,2020-12-05 12:00:00,ev_N,K,4,
20201205010630,2020-12-05 01:06:30,2020-12-05 12:00:00,ev_C,C,13,
20201205010640,2020-12-05 01:06:40,2020-12-05 12:00:00,ev_N,K,2,
20201205010650,2020-12-05 01:06:50,2020-12-05 12:00:00,ev_C,C,23,
20201205010700,2020-12-05 01:07:00,2020-12-05 12:00:00,ev_K,K,2,
20201205010710,2020-12-05 01:07:10,2020-12-05 12:00:00,ev_C,C,11,
20201205010720,2020-12-05 01:07:20,2020-12-05 12:00:00,ev_C,C,24,
20201205010730,2020-12-05 01:07:30,2020-12-05 12:00:00,ev_C,C,9,
20201205010740,2020-12-05 01:07:40,2020-12-05 12:00:00,ev_N,K,4,
20201205010750,2020-12-05 01:07:50,2020-12-05 12:00:00,ev_C,C,23,
20201205010800,2020-12-05 01:08:00,2020-12-05 12:00:00,ev_C,C,9,
20201205010810,2020-12-05 01:08:10,2020-12-05 12:00:00,ev_C,C,23,
20201205010820,2020-12-05 01:08:20,2020-12-05 12:00:00,ev_C,C,5,
20201205010830,2020-12-05 01:08:30,2020-12-05 12:00:00,ev_C,C,14,
20201205010840,2020-12-05 01:08:40,2020-12-05 12:00:00,ev_K,K,2,
20201205010850,2020-12-05 01:08:50,2020-12-05 12:00:00,ev_K,K,2,
20201205010900,2020-12-05 01:09:00,2020-12-05 12:00:00,ev_C,C,10,
20201205010910,2020-12-05 01:09:10,2020-12-05 12:00:00,ev_K,K,4,
20201205010920,2020-12-05 01:09:20,2020-12-05 12:00:00,ev_C,C,25,
20201205010930,2020-12-05 01:09:30,2020-12-05 12:00:00,ev_N,K,5,
20201205010940,2020-12-05 01:09:40,2020-12-05 12:00:00,ev_K,K,4,
20201205010950,2020-12-05 01:09:50,2020-12-05 12:00:00,ev_K,K,3,
20201205011000,2020-12-05 01:10:00,2020-12-05 12:00:00,ev_N,K,4,
20201205011010,2020-12-05 01:10:10,2020-12-05 12:00:00,ev_C,C,8,
20201205011020,2020-12-05 01:10:20,2020-12-05 12:00:00,ev_C,C,22,
20201205011030,2020-12-05 01:10:30,2020-12-05 12:00:00,ev_C,C,21,
20201205011040,2020-12-05 01:10:40,2020-12-05 12:00:00,ev_C,C,23,
20201205011050,2020-12-05 01:10:50,2020-12-05 12:00:00,ev_K,K,3,
20201205011100,2020-12-05 01:11:00,2020-12-05 12:00:00,ev_C,C,25,
20201205011110,2020-12-05 01:11:10,2020-12-05 12:00:00,ev_C,C,23,
20201205011120,2020-12-05 01:11:20,2020-12-05 12:00:00,ev_C,C,24,
20201205011130,2020-12-05 01:11:30,2020-12-05 12:00:00,ev_C,C,4,
20201205011140,2020-12-05 01:11:40,2020-12-05 12:00:00,ev_C,C,11,
20201205011150,2020-12-05 01:11:50,2020-12-05 12:00:00,ev_C,C,22,
20201205011200,2020-12-05 01:12:00,2020-12-05 12:00:00,ev_C,C,9,
20201205011210,2020-12-05 01:12:10,2020-12-05 12:00:00,ev_C,C,8,
20201205011220,2020-12-05 01:12:20,2020-12-05 12:00:00,ev_C,C,1,
20201205011230,2020-12-05 01:12:30,2020-12-05 12:00:00,ev_K,K,4,
20201205011240,2020-12-05 01:12:40,2020-12-05 12:00:00,ev_C,C,1,
20201205011250,2020-12-05 01:12:50,2020-12-05 12:00:00,ev_K,K,4,
20201205011300,2020-12-05 01:13:00,2020-12-05 12:00:00,ev_C,C,9,
20201205011310,2020-12-05 01:13:10,2020-12-05 12:00:00,ev_C,C,14,
20201205011320,2020-12-05 01:13:20,2020-12-05 12:00:00,ev_C,C,25,
20201205011330,2020-12-05 01:13:30,2020-12-05 12:00:00,ev_K,K,3,
20201205011340,2020-12-05 01:13:40,2020-12-05 12:00:00,ev_C,C,11,
20201205011350,2020-12-05 01:13:50,2020-12-05 12:00:00,ev_C,C,14,
20201205011400,2020-12-05 01:14:00,2020-12-05 12:00:00,ev_N,K,3,
20201205011410,2020-12-05 01:14:10,2020-12-05 12:00:00,ev_C,C,11,
20201205011420,2020-12-05 01:14:20,2020-12-05 12:00:00,ev_N,K,3,
20201205011430,2020-12-05 01:14:30,2020-12-05 12:00:00,ev_C,C,25,
20201205011440,2020-12-05 01:14:40,2020-12-05 12:00:00,ev_C,C,21,
20201205011450,2020-12-05 01:14:50,2020-12-05 12:00:00,ev_C,C,11,
20201205011500,2020-12-05 01:15:00,2020-12-05 12:00:00,ev_K,K,4,
20201205011510,2020-12-05 01:15:10,2020-12-05 12:00:00,ev_N,K,1,
20201205011520,2020-12-05 01:15:20,2020-12-05 12:00:00,ev_C,C,9,
20201205011530,2020-12-05 01:15:30,2020-12-05 12:00:00,ev_C,C,22,
20201205011540,2020-12-05 01:15:40,2020-12-05 12:00:00,ev_C,C,6,
20201205011550,2020-12-05 01:15:50,2020-12-05 12:00:00,ev_C,C,25,
20201205011600,2020-12-05 01:16:00,2020-12-05 12:00:00,ev_C,C,23,
20201205011610,2020-12-05 01:16:10,2020-12-05 12:00:00,ev_C,C,12,
20201205011620,2020-12-05 01:16:20,2020-12-05 12:00:00,ev_K,K,3,
20201205011630,2020-12-05 01:16:30,2020-12-05 12:00:00,ev_C,C,21,
20201205011640,2020-12-05 01:16:40,2020-12-05 12:00:00,ev_C,C,22,
20201205011650,2020-12-05 01:16:50,2020-12-05 12:00:00,ev_C,C,7,
20201205011700,2020-12-05 01:17:00,2020-12-05 12:00:00,ev_C,C,10,
20201205011710,2020-12-05 01:17:10,2020-12-05 12:00:00,ev_C,C,22,
20201205011720,2020-12-05 01:17:20,2020-12-05 12:00:00,ev_C,C,5,
20201205011730,2020-12-05 01:17:30,2020-12-05 12:00:00,ev_K,K,1,
20201205011740,2020-12-05 01:17:40,2020-12-05 12:00:00,ev_N,K,5,
20201205011750,2020-12-05 01:17:50,2020-12-05 12:00:00,ev_C,C,4,
20201205011800,2020-12-05 01:18:00,2020-12-05 12:00:00,ev_C,C,3,
20201205011810,2020-12-05 01:18:10,2020-12-05 12:00:00,ev_C,C,23,
20201205011820,2020-12-05 01:18:20,2020-12-05 12:00:00,ev_C,C,21,
20201205011830,2020-12-05 01:18:30,2020-12-05 12:00:00,ev_K,K,3,
20201205011840,2020-12-05 01:18:40,2020-12-05 12:00:00,ev_C,C,25,
20201205011850,2020-12-05 01:18:50,2020-12-05 12:00:00,ev_C,C,2,
20201205011900,2020-12-05 01:19:00,2020-12-05 12:00:00,ev_C,C,12,
20201205011910,2020-12-05 01:19:10,2020-12-05 12:00:00,ev_C,C,15,
20201205011920,2020-12-05 01:19:20,2020-12-05 12:00:00,ev_C,C,6,
20201205011930,2020-12-05 01:19:30,2020-12-05 12:00:00,ev_K,K,4,
20201205011940,2020-12-05 01:19:40,2020-12-05 12:00:00,ev_C,C,3,
20201205011950,2020-12-05 01:19:50,2020-12-05 12:00:00,ev_K,K,5,
20201205012000,2020-12-05 01:20:00,2020-12-05 12:00:00,ev_C,C,9,
20201205012010,2020-12-05 01:20:10,2020-12-05 12:00:00,ev_C,C,14,
20201205012020,2020-12-05 01:20:20,2020-12-05 12:00:00,ev_C,C,3,
20201205012030,2020-12-05 01:20:30,2020-12-05 12:00:00,ev_C,C,8,
20201205012040,2020-12-05 01:20:40,2020-12-05 12:00:00,ev_C,C,23,
20201205012050,2020-12-05 01:20:50,2020-12-05 12:00:00,ev_C,C,13,
20201205012100,2020-12-05 01:21:00,2020-12-05 12:00:00,ev_C,C,10,
20201205012110,2020-12-05 01:21:10,2020-12-05 12:00:00,ev_C,C,2,
20201205012120,2020-12-05 01:21:20,2020-12-05 12:00:00,ev_C,C,22,
20201205012130,2020-12-05 01:21:30,2020-12-05 12:00:00,ev_C,C,25,
20201205012140,2020-12-05 01:21:40,2020-12-05 12:00:00,ev_C,C,25,
20201205012150,2020-12-05 01:21:50,2020-12-05 12:00:00,ev_C,C,5,
20201205012200,2020-12-05 01:22:00,2020-12-05 12:00:00,ev_C,C,8,
20201205012210,2020-12-05 01:22:10,2020-12-05 12:00:00,ev_N,K,3,
20201205012220,2020-12-05 01:22:20,2020-12-05 12:00:00,ev_C,C,5,
20201205012230,2020-12-05 01:22:30,2020-12-05 12:00:00,ev_C,C,5,
20201205012240,2020-12-05 01:22:40,2020-12-05 12:00:00,ev_C,C,21,
20201205012250,2020-12-05 01:22:50,2020-12-05 12:00:00,ev_N,K,2,
20201205012300,2020-12-05 01:23:00,2020-12-05 12:00:00,ev_K,K,3,
20201205012310,2020-12-05 01:23:10,2020-12-05 12:00:00,ev_C,C,25,
20201205012320,2020-12-05 01:23:20,2020-12-05 12:00:00,ev_C,C,10,
20201205012330,2020-12-05 01:23:30,2020-12-05 12:00:00,ev_C,C,10,
20201205012340,2020-12-05 01:23:40,2020-12-05 12:00:00,ev_C,C,5,
20201205012350,2020-12-05 01:23:50,2020-12-05 12:00:00,ev_C,C,15,
20201205012400,2020-12-05 01:24:00,2020-12-05 12:00:00,ev_C,C,22,
20201205012410,2020-12-05 01:24:10,2020-12-05 12:00:00,ev_C,C,25,
20201205012420,2020-12-05 01:24:20,2020-12-05 12:00:00,ev_C,C,15,
20201205012430,2020-12-05 01:24:30,2020-12-05 12:00:00,ev_K,K,1,
20201205012440,2020-12-05 01:24:40,2020-12-05 12:00:00,ev_C,C,24,
20201205012450,2020-12-05 01:24:50,2020-12-05 12:00:00,ev_K,K,3,
20201205012500,2020-12-05 01:25:00,2020-12-05 12:00:00,ev_C,C,14,
20201205012510,2020-12-05 01:25:10,2020-12-05 12:00:00,ev_C,C,15,
20201205012520,2020-12-05 01:25:20,2020-12-05 12:00:00,ev_C,C,7,
20201205012530,2020-12-05 01:25:30,2020-12-05 12:00:00,ev_C,C,12,
20201205012540,2020-12-05 01:25:40,2020-12-05 12:00:00,ev_K,K,2,
20201205012550,2020-12-05 01:25:50,2020-12-05 12:00:00,ev_C,C,9,
20201205012600,2020-12-05 01:26:00,2020-12-05 12:00:00,ev_C,C,12,
20201205012610,2020-12-05 01:26:10,2020-12-05 12:00:00,ev_N,K,5,
20201205012620,2020-12-05 01:26:20,2020-12-05 12:00:00,ev_C,C,12,
20201205012630,2020-12-05 01:26:30,2020-12-05 12:00:00,ev_C,C,22,
20201205012640,2020-12-05 01:26:40,2020-12-05 12:00:00,ev_K,K,3,
20201205012650,2020-12-05 01:26:50,2020-12-05 12:00:00,ev_N,K,5,
20201205012700,2020-12-05 01:27:00,2020-12-05 12:00:00,ev_C,C,22,
20201205012710,2020-12-05 01:27:10,2020-12-05 12:00:00,ev_C,C,15,
20201205012720,2020-12-05 01:27:20,2020-12-05 12:00:00,ev_K,K,1,
20201205012730,2020-12-05 01:27:30,2020-12-05 12:00:00,ev_C,C,14,
20201205012740,2020-12-05 01:27:40,2020-12-05 12:00:00,ev_C,C,5,
20201205012750,2020-12-05 01:27:50,2020-12-05 12:00:00,ev_K,K,3,
20201205012800,2020-12-05 01:28:00,2020-12-05 12:00:00,ev_C,C,9,
20201205012810,2020-12-05 01:28:10,2020-12-05 12:00:00,ev_C,C,10,
20201205012820,2020-12-05 01:28:20,2020-12-05 12:00:00,ev_C,C,15,
20201205012830,2020-12-05 01:28:30,2020-12-05 12:00:00,ev_C,C,1,
20201205012840,2020-12-05 01:28:40,2020-12-05 12:00:00,ev_C,C,22,
20201205012850,2020-12-05 01:28:50,2020-12-05 12:00:00,ev_K,K,1,
20201205012900,2020-12-05 01:29:00,2020-12-05 12:00:00,ev_K,K,1,
20201205012910,2020-12-05 01:29:10,2020-12-05 12:00:00,ev_K,K,4,
20201205012920,2020-12-05 01:29:20,2020-12-05 12:00:00,ev_C,C,7,
20201205012930,2020-12-05 01:29:30,2020-12-05 12:00:00,ev_C,C,12,
20201205012940,2020-12-05 01:29:40,2020-12-05 12:00:00,ev_C,C,12,
20201205012950,2020-12-05 01:29:50,2020-12-05 12:00:00,ev_C,C,11,
20201205013000,2020-12-05 01:30:00,2020-12-05 12:00:00,ev_C,C,23,
20201205013010,2020-12-05 01:30:10,2020-12-05 12:00:00,ev_C,C,14,
20201205013020,2020-12-05 01:30:20,2020-12-05 12:00:00,ev_C,C,1,
20201205013030,2020-12-05 01:30:30,2020-12-05 12:00:00,ev_C,C,15,
20201205013040,2020-12-05 01:30:40,2020-12-05 12:00:00,ev_C,C,15,
20201205013050,2020-12-05 01:30:50,2020-12-05 12:00:00,ev_C,C,3,
20201205013100,2020-12-05 01:31:00,2020-12-05 12:00:00,ev_C,C,2,
20201205013110,2020-12-05 01:31:10,2020-12-05 12:00:00,ev_C,C,10,
20201205013120,2020-12-05 01:31:20,2020-12-05 12:00:00,ev_C,C,1,
20201205013130,2020-12-05 01:31:30,2020-12-05 12:00:00,ev_C,C,7,
20201205013140,2020-12-05 01:31:40,2020-12-05 12:00:00,ev_C,C,5,
20201205013150,2020-12-05 01:31:50,2020-12-05 12:00:00,ev_C,C,8,
20201205013200,2020-12-05 01:32:00,2020-12-05 12:00:00,ev_C,C,10,
20201205013210,2020-12-05 01:32:10,2020-12-05 12:00:00,ev_C,C,25,
20201205013220,2020-12-05 01:32:20,2020-12-05 12:00:00,ev_K,K,3,
20201205013230,2020-12-05 01:32:30,2020-12-05 12:00:00,ev_C,C,1,
20201205013240,2020-12-05 01:32:40,2020-12-05 12:00:00,ev_N,K,3,
20201205013250,2020-12-05 01:32:50,2020-12-05 12:00:00,ev_K,K,1,
20201205013300,2020-12-05 01:33:00,2020-12-05 12:00:00,ev_C,C,22,
20201205013310,2020-12-05 01:33:10,2020-12-05 12:00:00,ev_C,C,11,
20201205013320,2020-12-05 01:33:20,2020-12-05 12:00:00,ev_C,C,5,
20201205013330,2020-12-05 01:33:30,2020-12-05 12:00:00,ev_C,C,12,
20201205013340,2020-12-05 01:33:40,2020-12-05 12:00:00,ev_C,C,9,
20201205013350,2020-12-05 01:33:50,2020-12-05 12:00:00,ev_K,K,4,
20201205013400,2020-12-05 01:34:00,2020-12-05 12:00:00,ev_K,K,4,
20201205013410,2020-12-05 01:34:10,2020-12-05 12:00:00,ev_C,C,10,
20201205013420,2020-12-05 01:34:20,2020-12-05 12:00:00,ev_C,C,10,
20201205013430,2020-12-05 01:34:30,2020-12-05 12:00:00,ev_C,C,13,
20201205013440,2020-12-05 01:34:40,2020-12-05 12:00:00,ev_C,C,8,
20201205013450,2020-12-05 01:34:50,2020-12-05 12:00:00,ev_K,K,4,
20201205013500,2020-12-05 01:35:00,2020-12-05 12:00:00,ev_C,C,25,
20201205013510,2020-12-05 01:35:10,2020-12-05 12:00:00,ev_C,C,3,
20201205013520,2020-12-05 01:35:20,2020-12-05 12:00:00,ev_K,K,1,
20201205013530,2020-12-05 01:35:30,2020-12-05 12:00:00,ev_C,C,3,
20201205013540,2020-12-05 01:35:40,2020-12-05 12:00:00,ev_K,K,2,
20201205013550,2020-12-05 01:35:50,2020-12-05 12:00:00,ev_C,C,1,
20201205013600,2020-12-05 01:36:00,2020-12-05 12:00:00,ev_C,C,7,
20201205013610,2020-12-05 01:36:10,2020-12-05 12:00:00,ev_C,C,11,
20201205013620,2020-12-05 01:36:20,2020-12-05 12:00:00,ev_C,C,15,
20201205013630,2020-12-05 01:36:30,2020-12-05 12:00:00,ev_C,C,6,
20201205013640,2020-12-05 01:36:40,2020-12-05 12:00:00,ev_K,K,1,
20201205013650,2020-12-05 01:36:50,2020-12-05 12:00:00,ev_C,C,11,
20201205013700,2020-12-05 01:37:00,2020-12-05 12:00:00,ev_K,K,2,
20201205013710,2020-12-05 01:37:10,2020-12-05 12:00:00,ev_C,C,6,
20201205013720,2020-12-05 01:37:20,2020-12-05 12:00:00,ev_C,C,2,
20201205013730,2020-12-05 01:37:30,2020-12-05 12:00:00,ev_C,C,4,
20201205013740,2020-12-05 01:37:40,2020-12-05 12:00:00,ev_K,K,1,
20201205013750,2020-12-05 01:37:50,2020-12-05 12:00:00,ev_N,K,5,
20201205013800,2020-12-05 01:38:00,2020-12-05 12:00:00,ev_C,C,1,
20201205013810,2020-12-05 01:38:10,2020-12-05 12:00:00,ev_C,C,22,
20201205013820,2020-12-05 01:38:20,2020-12-05 12:00:00,ev_C,C,11,
20201205013830,2020-12-05 01:38:30,2020-12-05 12:00:00,ev_C,C,9,
20201205013840,2020-12-05 01:38:40,2020-12-05 12:00:00,ev_C,C,11,
20201205013850,2020-12-05 01:38:50,2020-12-05 12:00:00,ev_C,C,24,
20201205013900,2020-12-05 01:39:00,2020-12-05 12:00:00,ev_K,K,1,
20201205013910,2020-12-05 01:39:10,2020-12-05 12:00:00,ev_C,C,25,
20201205013920,2020-12-05 01:39:20,2020-12-05 12:00:00,ev_C,C,14,
20201205013930,2020-12-05 01:39:30,2020-12-05 12:00:00,ev_C,C,25,
20201205013940,2020-12-05 01:39:40,2020-12-05 12:00:00,ev_K,K,1,
20201205013950,2020-12-05 01:39:50,2020-12-05 12:00:00,ev_C,C,4,
20201205014000,2020-12-05 01:40:00,2020-12-05 12:00:00,ev_C,C,3,
20201205014010,2020-12-05 01:40:10,2020-12-05 12:00:00,ev_C,C,13,
20201205014020,2020-12-05 01:40:20,2020-12-05 12:00:00,ev_C,C,13,
20201205014030,2020-12-05 01:40:30,2020-12-05 12:00:00,ev_C,C,12,
20201205014040,2020-12-05 01:40:40,2020-12-05 12:00:00,ev_K,K,5,
20201205014050,2020-12-05 01:40:50,2020-12-05 12:00:00,ev_C,C,15,
20201205014100,2020-12-05 01:41:00,2020-12-05 12:00:00,ev_K,K,1,
20201205014110,2020-12-05 01:41:10,2020-12-05 12:00:00,ev_C,C,11,
20201205014120,2020-12-05 01:41:20,2020-12-05 12:00:00,ev_C,C,13,
20201205014130,2020-12-05 01:41:30,2020-12-05 12:00:00,ev_C,C,10,
20201205014140,2020-12-05 01:41:40,2020-12-05 12:00:00,ev_K,K,4,
20201205014150,2020-12-05 01:41:50,2020-12-05 12:00:00,ev_C,C,24,
20201205014200,2020-12-05 01:42:00,2020-12-05 12:00:00,ev_K,K,3,
20201205014210,2020-12-05 01:42:10,2020-12-05 12:00:00,ev_C,C,9,
20201205014220,2020-12-05 01:42:20,2020-12-05 12:00:00,ev_C,C,10,
20201205014230,2020-12-05 01:42:30,2020-12-05 12:00:00,ev_C,C,3,
20201205014240,2020-12-05 01:42:40,2020-12-05 12:00:00,ev_C,C,14,
20201205014250,2020-12-05 01:42:50,2020-12-05 12:00:00,ev_C,C,13,
20201205014300,2020-12-05 01:43:00,2020-12-05 12:00:00,ev_C,C,3,
20201205014310,2020-12-05 01:43:10,2020-12-05 12:00:00,ev_C,C,4,
20201205014320,2020-12-05 01:43:20,2020-12-05 12:00:00,ev_C,C,4,
20201205014330,2020-12-05 01:43:30,2020-12-05 12:00:00,ev_N,K,4,
20201205014340,2020-12-05 01:43:40,2020-12-05 12:00:00,ev_C,C,2,
20201205014350,2020-12-05 01:43:50,2020-12-05 12:00:00,ev_C,C,22,
20201205014400,2020-12-05 01:44:00,2020-12-05 12:00:00,ev_C,C,11,
20201205014410,2020-12-05 01:44:10,2020-12-05 12:00:00,ev_C,C,3,
20201205014420,2020-12-05 01:44:20,2020-12-05 12:00:00,ev_C,C,24,
20201205014430,2020-12-05 01:44:30,2020-12-05 12:00:00,ev_C,C,9,
20201205014440,2020-12-05 01:44:40,2020-12-05 12:00:00,ev_C,C,1,
20201205014450,2020-12-05 01:44:50,2020-12-05 12:00:00,ev_N,K,4,
20201205014500,2020-12-05 01:45:00,2020-12-05 12:00:00,ev_K,K,3,
20201205014510,2020-12-05 01:45:10,2020-12-05 12:00:00,ev_K,K,5,
20201205014520,2020-12-05 01:45:20,2020-12-05 12:00:00,ev_K,K,4,
20201205014530,2020-12-05 01:45:30,2020-12-05 12:00:00,ev_K,K,5,
20201205014540,2020-12-05 01:45:40,2020-12-05 12:00:00,ev_C,C,11,
20201205014550,2020-12-05 01:45:50,2020-12-05 12:00:00,ev_K,K,4,
20201205014600,2020-12-05 01:46:00,2020-12-05 12:00:00,ev_K,K,2,
20201205014610,2020-12-05 01:46:10,2020-12-05 12:00:00,ev_C,C,23,
20201205014620,2020-12-05 01:46:20,2020-12-05 12:00:00,ev_C,C,14,
20201205014630,2020-12-05 01:46:30,2020-12-05 12:00:00,ev_C,C,6,
20201205014640,2020-12-05 01:46:40,2020-12-05 12:00:00,ev_C,C,15,
20201205014650,2020-12-05 01:46:50,2020-12-05 12:00:00,ev_K,K,3,
20201205014700,2020-12-05 01:47:00,2020-12-05 12:00:00,ev_C,C,24,
20201205014710,2020-12-05 01:47:10,2020-12-05 12:00:00,ev_C,C,24,
20201205014720,2020-12-05 01:47:20,2020-12-05 12:00:00,ev_C,C,11,
20201205014730,2020-12-05 01:47:30,2020-12-05 12:00:00,ev_C,C,1,
20201205014740,2020-12-05 01:47:40,2020-12-05 12:00:00,ev_C,C,25,
20201205014750,2020-12-05 01:47:50,2020-12-05 12:00:00,ev_C,C,3,
20201205014800,2020-12-05 01:48:00,2020-12-05 12:00:00,ev_K,K,2,
20201205014810,2020-12-05 01:48:10,2020-12-05 12:00:00,ev_C,C,25,
20201205014820,2020-12-05 01:48:20,2020-12-05 12:00:00,ev_K,K,5,
20201205014830,2020-12-05 01:48:30,2020-12-05 12:00:00,ev_K,K,3,
20201205014840,2020-12-05 01:48:40,2020-12-05 12:00:00,ev_C,C,25,
20201205014850,2020-12-05 01:48:50,2020-12-05 12:00:00,ev_K,K,5,
20201205014900,2020-12-05 01:49:00,2020-12-05 12:00:00,ev_K,K,2,
20201205014910,2020-12-05 01:49:10,2020-12-05 12:00:00,ev_N,K,3,
20201205014920,2020-12-05 01:49:20,2020-12-05 12:00:00,ev_K,K,4,
20201205014930,2020-12-05 01:49:30,2020-12-05 12:00:00,ev_C,C,23,
20201205014940,2020-12-05 01:49:40,2020-12-05 12:00:00,ev_C,C,10,
20201205014950,2020-12-05 01:49:50,2020-12-05 12:00:00,ev_K,K,2,
20201205015000,2020-12-05 01:50:00,2020-12-05 12:00:00,ev_K,K,1,
20201205015010,2020-12-05 01:50:10,2020-12-05 12:00:00,ev_C,C,7,
20201205015020,2020-12-05 01:50:20,2020-12-05 12:00:00,ev_C,C,2,
20201205015030,2020-12-05 01:50:30,2020-12-05 12:00:00,ev_C,C,13,
20201205015040,2020-12-05 01:50:40,2020-12-05 12:00:00,ev_C,C,22,
20201205015050,2020-12-05 01:50:50,2020-12-05 12:00:00,ev_C,C,2,
20201205015100,2020-12-05 01:51:00,2020-12-05 12:00:00,ev_C,C,15,
20201205015110,2020-12-05 01:51:10,2020-12-05 12:00:00,ev_K,K,3,
20201205015120,2020-12-05 01:51:20,2020-12-05 12:00:00,ev_K,K,2,
20201205015130,2020-12-05 01:51:30,2020-12-05 12:00:00,ev_K,K,2,
20201205015140,2020-12-05 01:51:40,2020-12-05 12:00:00,ev_C,C,24,
20201205015150,2020-12-05 01:51:50,2020-12-05 12:00:00,ev_C,C,15,
20201205015200,2020-12-05 01:52:00,2020-12-05 12:00:00,ev_C,C,13,
20201205015210,2020-12-05 01:52:10,2020-12-05 12:00:00,ev_C,C,23,
20201205015220,2020-12-05 01:52:20,2020-12-05 12:00:00,ev_C,C,25,
20201205015230,2020-12-05 01:52:30,2020-12-05 12:00:00,ev_C,C,22,
20201205015240,2020-12-05 01:52:40,2020-12-05 12:00:00,ev_C,C,13,
20201205015250,2020-12-05 01:52:50,2020-12-05 12:00:00,ev_K,K,4,
20201205015300,2020-12-05 01:53:00,2020-12-05 12:00:00,ev_K,K,4,
20201205015310,2020-12-05 01:53:10,2020-12-05 12:00:00,ev_C,C,21,
20201205015320,2020-12-05 01:53:20,2020-12-05 12:00:00,ev_C,C,25,
20201205015330,2020-12-05 01:53:30,2020-12-05 12:00:00,ev_C,C,9,
20201205015340,2020-12-05 01:53:40,2020-12-05 12:00:00,ev_C,C,22,
20201205015350,2020-12-05 01:53:50,2020-12-05 12:00:00,ev_C,C,9,
20201205015400,2020-12-05 01:54:00,2020-12-05 12:00:00,ev_C,C,9,
20201205015410,2020-12-05 01:54:10,2020-12-05 12:00:00,ev_C,C,12,
20201205015420,2020-12-05 01:54:20,2020-12-05 12:00:00,ev_C,C,12,
20201205015430,2020-12-05 01:54:30,2020-12-05 12:00:00,ev_C,C,21,
20201205015440,2020-12-05 01:54:40,2020-12-05 12:00:00,ev_C,C,12,
20201205015450,2020-12-05 01:54:50,2020-12-05 12:00:00,ev_K,K,2,
20201205015500,2020-12-05 01:55:00,2020-12-05 12:00:00,ev_C,C,24,
20201205015510,2020-12-05 01:55:10,2020-12-05 12:00:00,ev_C,C,5,
20201205015520,2020-12-05 01:55:20,2020-12-05 12:00:00,ev_K,K,3,
20201205015530,2020-12-05 01:55:30,2020-12-05 12:00:00,ev_C,C,5,
20201205015540,2020-12-05 01:55:40,2020-12-05 12:00:00,ev_K,K,1,
20201205015550,2020-12-05 01:55:50,2020-12-05 12:00:00,ev_C,C,14,
20201205015600,2020-12-05 01:56:00,2020-12-05 12:00:00,ev_C,C,3,
20201205015610,2020-12-05 01:56:10,2020-12-05 12:00:00,ev_K,K,4,
20201205015620,2020-12-05 01:56:20,2020-12-05 12:00:00,ev_C,C,22,
20201205015630,2020-12-05 01:56:30,2020-12-05 12:00:00,ev_K,K,3,
20201205015640,2020-12-05 01:56:40,2020-12-05 12:00:00,ev_C,C,5,
20201205015650,2020-12-05 01:56:50,2020-12-05 12:00:00,ev_K,K,2,
20201205015700,2020-12-05 01:57:00,2020-12-05 12:00:00,ev_C,C,8,
20201205015710,2020-12-05 01:57:10,2020-12-05 12:00:00,ev_C,C,4,
20201205015720,2020-12-05 01:57:20,2020-12-05 12:00:00,ev_N,K,4,
20201205015730,2020-12-05 01:57:30,2020-12-05 12:00:00,ev_C,C,15,
20201205015740,2020-12-05 01:57:40,2020-12-05 12:00:00,ev_K,K,3,
20201205015750,2020-12-05 01:57:50,2020-12-05 12:00:00,ev_C,C,14,
20201205015800,2020-12-05 01:58:00,2020-12-05 12:00:00,ev_C,C,7,
20201205015810,2020-12-05 01:58:10,2020-12-05 12:00:00,ev_C,C,8,
20201205015820,2020-12-05 01:58:20,2020-12-05 12:00:00,ev_K,K,1,
20201205015830,2020-12-05 01:58:30,2020-12-05 12:00:00,ev_C,C,4,
20201205015840,2020-12-05 01:58:40,2020-12-05 12:00:00,ev_C,C,25,
20201205015850,2020-12-05 01:58:50,2020-12-05 12:00:00,ev_C,C,14,
20201205015900,2020-12-05 01:59:00,2020-12-05 12:00:00,ev_C,C,13,
20201205015910,2020-12-05 01:59:10,2020-12-05 12:00:00,ev_C,C,1,
20201205015920,2020-12-05 01:59:20,2020-12-05 12:00:00,ev_K,K,4,
20201205015930,2020-12-05 01:59:30,2020-12-05 12:00:00,ev_N,K,4,
20201205015940,2020-12-05 01:59:40,2020-12-05 12:00:00,ev_C,C,1,
20201205015950,2020-12-05 01:59:50,2020-12-05 12:00:00,ev_C,C,5,
20201205020000,2020-12-05 02:00:00,2020-12-05 12:00:00,ev_C,C,23,
20201205020010,2020-12-05 02:00:10,2020-12-05 12:00:00,ev_K,K,4,
20201205020020,2020-12-05 02:00:20,2020-12-05 12:00:00,ev_C,C,14,
20201205020030,2020-12-05 02:00:30,2020-12-05 12:00:00,ev_C,C,6,
20201205020040,2020-12-05 02:00:40,2020-12-05 12:00:00,ev_C,C,10,
20201205020050,2020-12-05 02:00:50,2020-12-05 12:00:00,ev_K,K,5,
20201205020100,2020-12-05 02:01:00,2020-12-05 12:00:00,ev_C,C,23,
20201205020110,2020-12-05 02:01:10,2020-12-05 12:00:00,ev_K,K,2,
20201205020120,2020-12-05 02:01:20,2020-12-05 12:00:00,ev_C,C,21,
20201205020130,2020-12-05 02:01:30,2020-12-05 12:00:00,ev_C,C,22,
20201205020140,2020-12-05 02:01:40,2020-12-05 12:00:00,ev_C,C,5,
20201205020150,2020-12-05 02:01:50,2020-12-05 12:00:00,ev_C,C,8,
20201205020200,2020-12-05 02:02:00,2020-12-05 12:00:00,ev_C,C,14,
20201205020210,2020-12-05 02:02:10,2020-12-05 12:00:00,ev_C,C,11,
20201205020220,2020-12-05 02:02:20,2020-12-05 12:00:00,ev_C,C,25,
20201205020230,2020-12-05 02:02:30,2020-12-05 12:00:00,ev_C,C,1,
20201205020240,2020-12-05 02:02:40,2020-12-05 12:00:00,ev_C,C,11,
20201205020250,2020-12-05 02:02:50,2020-12-05 12:00:00,ev_N,K,2,
20201205020300,2020-12-05 02:03:00,2020-12-05 12:00:00,ev_C,C,2,
20201205020310,2020-12-05 02:03:10,2020-12-05 12:00:00,ev_K,K,1,
20201205020320,2020-12-05 02:03:20,2020-12-05 12:00:00,ev_C,C,12,
20201205020330,2020-12-05 02:03:30,2020-12-05 12:00:00,ev_C,C,1,
20201205020340,2020-12-05 02:03:40,2020-12-05 12:00:00,ev_K,K,5,
20201205020350,2020-12-05 02:03:50,2020-12-05 12:00:00,ev_C,C,14,
20201205020400,2020-12-05 02:04:00,2020-12-05 12:00:00,ev_N,K,2,
20201205020410,2020-12-05 02:04:10,2020-12-05 12:00:00,ev_C,C,24,
20201205020420,2020-12-05 02:04:20,2020-12-05 12:00:00,ev_C,C,25,
20201205020430,2020-12-05 02:04:30,2020-12-05 12:00:00,ev_C,C,4,
20201205020440,2020-12-05 02:04:40,2020-12-05 12:00:00,ev_N,K,5,
20201205020450,2020-12-05 02:04:50,2020-12-05 12:00:00,ev_C,C,7,
20201205020500,2020-12-05 02:05:00,2020-12-05 12:00:00,ev_C,C,1,
20201205020510,2020-12-05 02:05:10,2020-12-05 12:00:00,ev_C,C,7,
20201205020520,2020-12-05 02:05:20,2020-12-05 12:00:00,ev_C,C,9,
20201205020530,2020-12-05 02:05:30,2020-12-05 12:00:00,ev_C,C,21,
20201205020540,2020-12-05 02:05:40,2020-12-05 12:00:00,ev_K,K,5,
20201205020550,2020-12-05 02:05:50,2020-12-05 12:00:00,ev_C,C,21,
20201205020600,2020-12-05 02:06:00,2020-12-05 12:00:00,ev_C,C,25,
20201205020610,2020-12-05 02:06:10,2020-12-05 12:00:00,ev_K,K,1,
20201205020620,2020-12-05 02:06:20,2020-12-05 12:00:00,ev_K,K,2,
20201205020630,2020-12-05 02:06:30,2020-12-05 12:00:00,ev_C,C,12,
20201205020640,2020-12-05 02:06:40,2020-12-05 12:00:00,ev_C,C,22,
20201205020650,2020-12-05 02:06:50,2020-12-05 12:00:00,ev_K,K,3,
20201205020700,2020-12-05 02:07:00,2020-12-05 12:00:00,ev_C,C,2,
20201205020710,2020-12-05 02:07:10,2020-12-05 12:00:00,ev_C,C,13,
20201205020720,2020-12-05 02:07:20,2020-12-05 12:00:00,ev_C,C,8,
20201205020730,2020-12-05 02:07:30,2020-12-05 12:00:00,ev_C,C,12,
20201205020740,2020-12-05 02:07:40,2020-12-05 12:00:00,ev_C,C,1,
20201205020750,2020-12-05 02:07:50,2020-12-05 12:00:00,ev_C,C,13,
20201205020800,2020-12-05 02:08:00,2020-12-05 12:00:00,ev_K,K,2,
20201205020810,2020-12-05 02:08:10,2020-12-05 12:00:00,ev_C,C,5,
20201205020820,2020-12-05 02:08:20,2020-12-05 12:00:00,ev_C,C,12,
20201205020830,2020-12-05 02:08:30,2020-12-05 12:00:00,ev_C,C,5,
20201205020840,2020-12-05 02:08:40,2020-12-05 12:00:00,ev_C,C,10,
20201205020850,2020-12-05 02:08:50,2020-12-05 12:00:00,ev_C,C,10,
20201205020900,2020-12-05 02:09:00,2020-12-05 12:00:00,ev_N,K,3,
20201205020910,2020-12-05 02:09:10,2020-12-05 12:00:00,ev_K,K,5,
20201205020920,2020-12-05 02:09:20,2020-12-05 12:00:00,ev_C,C,23,
20201205020930,2020-12-05 02:09:30,2020-12-05 12:00:00,ev_C,C,3,
20201205020940,2020-12-05 02:09:40,2020-12-05 12:00:00,ev_C,C,4,
20201205020950,2020-12-05 02:09:50,2020-12-05 12:00:00,ev_C,C,21,
20201205021000,2020-12-05 02:10:00,2020-12-05 12:00:00,ev_C,C,3,
20201205021010,2020-12-05 02:10:10,2020-12-05 12:00:00,ev_K,K,4,
20201205021020,2020-12-05 02:10:20,2020-12-05 12:00:00,ev_K,K,5,
20201205021030,2020-12-05 02:10:30,2020-12-05 12:00:00,ev_C,C,4,
20201205021040,2020-12-05 02:10:40,2020-12-05 12:00:00,ev_C,C,23,
20201205021050,2020-12-05 02:10:50,2020-12-05 12:00:00,ev_K,K,2,
20201205021100,2020-12-05 02:11:00,2020-12-05 12:00:00,ev_K,K,5,
20201205021110,2020-12-05 02:11:10,2020-12-05 12:00:00,ev_C,C,2,
20201205021120,2020-12-05 02:11:20,2020-12-05 12:00:00,ev_N,K,2,
20201205021130,2020-12-05 02:11:30,2020-12-05 12:00:00,ev_C,C,14,
20201205021140,2020-12-05 02:11:40,2020-12-05 12:00:00,ev_C,C,2,
20201205021150,2020-12-05 02:11:50,2020-12-05 12:00:00,ev_C,C,11,
20201205021200,2020-12-05 02:12:00,2020-12-05 12:00:00,ev_C,C,13,
20201205021210,2020-12-05 02:12:10,2020-12-05 12:00:00,ev_C,C,3,
20201205021220,2020-12-05 02:12:20,2020-12-05 12:00:00,ev_C,C,6,
20201205021230,2020-12-05 02:12:30,2020-12-05 12:00:00,ev_C,C,21,
20201205021240,2020-12-05 02:12:40,2020-12-05 12:00:00,ev_C,C,22,
20201205021250,2020-12-05 02:12:50,2020-12-05 12:00:00,ev_K,K,2,
20201205021300,2020-12-05 02:13:00,2020-12-05 12:00:00,ev_C,C,21,
20201205021310,2020-12-05 02:13:10,2020-12-05 12:00:00,ev_C,C,1,
20201205021320,2020-12-05 02:13:20,2020-12-05 12:00:00,ev_C,C,5,
20201205021330,2020-12-05 02:13:30,2020-12-05 12:00:00,ev_C,C,7,
20201205021340,2020-12-05 02:13:40,2020-12-05 12:00:00,ev_C,C,10,
20201205021350,2020-12-05 02:13:50,2020-12-05 12:00:00,ev_C,C,2,
20201205021400,2020-12-05 02:14:00,2020-12-05 12:00:00,ev_C,C,8,
20201205021410,2020-12-05 02:14:10,2020-12-05 12:00:00,ev_C,C,9,
20201205021420,2020-12-05 02:14:20,2020-12-05 12:00:00,ev_K,K,4,
20201205021430,2020-12-05 02:14:30,2020-12-05 12:00:00,ev_N,K,5,
20201205021440,2020-12-05 02:14:40,2020-12-05 12:00:00,ev_C,C,7,
20201205021450,2020-12-05 02:14:50,2020-12-05 12:00:00,ev_C,C,9,
20201205021500,2020-12-05 02:15:00,2020-12-05 12:00:00,ev_C,C,23,
20201205021510,2020-12-05 02:15:10,2020-12-05 12:00:00,ev_C,C,9,
20201205021520,2020-12-05 02:15:20,2020-12-05 12:00:00,ev_C,C,3,
20201205021530,2020-12-05 02:15:30,2020-12-05 12:00:00,ev_C,C,8,
20201205021540,2020-12-05 02:15:40,2020-12-05 12:00:00,ev_C,C,4,
20201205021550,2020-12-05 02:15:50,2020-12-05 12:00:00,ev_K,K,3,
20201205021600,2020-12-05 02:16:00,2020-12-05 12:00:00,ev_C,C,15,
20201205021610,2020-12-05 02:16:10,2020-12-05 12:00:00,ev_C,C,13,
20201205021620,2020-12-05 02:16:20,2020-12-05 12:00:00,ev_C,C,9,
20201205021630,2020-12-05 02:16:30,2020-12-05 12:00:00,ev_C,C,24,
20201205021640,2020-12-05 02:16:40,2020-12-05 12:00:00,ev_C,C,7,
20201205021650,2020-12-05 02:16:50,2020-12-05 12:00:00,ev_C,C,13,
20201205021700,2020-12-05 02:17:00,2020-12-05 12:00:00,ev_C,C,3,
20201205021710,2020-12-05 02:17:10,2020-12-05 12:00:00,ev_C,C,11,
20201205021720,2020-12-05 02:17:20,2020-12-05 12:00:00,ev_N,K,5,
20201205021730,2020-12-05 02:17:30,2020-12-05 12:00:00,ev_C,C,1,
20201205021740,2020-12-05 02:17:40,2020-12-05 12:00:00,ev_C,C,15,
20201205021750,2020-12-05 02:17:50,2020-12-05 12:00:00,ev_C,C,4,
20201205021800,2020-12-05 02:18:00,2020-12-05 12:00:00,ev_C,C,9,
20201205021810,2020-12-05 02:18:10,2020-12-05 12:00:00,ev_C,C,1,
20201205021820,2020-12-05 02:18:20,2020-12-05 12:00:00,ev_C,C,21,
20201205021830,2020-12-05 02:18:30,2020-12-05 12:00:00,ev_N,K,1,
20201205021840,2020-12-05 02:18:40,2020-12-05 12:00:00,ev_C,C,5,
20201205021850,2020-12-05 02:18:50,2020-12-05 12:00:00,ev_C,C,25,
20201205021900,2020-12-05 02:19:00,2020-12-05 12:00:00,ev_C,C,12,
20201205021910,2020-12-05 02:19:10,2020-12-05 12:00:00,ev_N,K,4,
20201205021920,2020-12-05 02:19:20,2020-12-05 12:00:00,ev_C,C,4,
20201205021930,2020-12-05 02:19:30,2020-12-05 12:00:00,ev_C,C,4,
20201205021940,2020-12-05 02:19:40,2020-12-05 12:00:00,ev_C,C,13,
20201205021950,2020-12-05 02:19:50,2020-12-05 12:00:00,ev_C,C,21,
20201205022000,2020-12-05 02:20:00,2020-12-05 12:00:00,ev_C,C,22,
20201205022010,2020-12-05 02:20:10,2020-12-05 12:00:00,ev_K,K,4,
20201205022020,2020-12-05 02:20:20,2020-12-05 12:00:00,ev_C,C,14,
20201205022030,2020-12-05 02:20:30,2020-12-05 12:00:00,ev_K,K,5,
20201205022040,2020-12-05 02:20:40,2020-12-05 12:00:00,ev_N,K,3,
20201205022050,2020-12-05 02:20:50,2020-12-05 12:00:00,ev_C,C,6,
20201205022100,2020-12-05 02:21:00,2020-12-05 12:00:00,ev_C,C,24,
20201205022110,2020-12-05 02:21:10,2020-12-05 12:00:00,ev_C,C,12,
20201205022120,2020-12-05 02:21:20,2020-12-05 12:00:00,ev_C,C,25,
20201205022130,2020-12-05 02:21:30,2020-12-05 12:00:00,ev_K,K,5,
20201205022140,2020-12-05 02:21:40,2020-12-05 12:00:00,ev_C,C,22,
20201205022150,2020-12-05 02:21:50,2020-12-05 12:00:00,ev_C,C,5,
20201205022200,2020-12-05 02:22:00,2020-12-05 12:00:00,ev_C,C,14,
20201205022210,2020-12-05 02:22:10,2020-12-05 12:00:00,ev_C,C,23,
20201205022220,2020-12-05 02:22:20,2020-12-05 12:00:00,ev_C,C,15,
20201205022230,2020-12-05 02:22:30,2020-12-05 12:00:00,ev_C,C,15,
20201205022240,2020-12-05 02:22:40,2020-12-05 12:00:00,ev_K,K,1,
20201205022250,2020-12-05 02:22:50,2020-12-05 12:00:00,ev_K,K,4,
20201205022300,2020-12-05 02:23:00,2020-12-05 12:00:00,ev_K,K,5,
20201205022310,2020-12-05 02:23:10,2020-12-05 12:00:00,ev_C,C,25,
20201205022320,2020-12-05 02:23:20,2020-12-05 12:00:00,ev_C,C,23,
20201205022330,2020-12-05 02:23:30,2020-12-05 12:00:00,ev_C,C,9,
20201205022340,2020-12-05 02:23:40,2020-12-05 12:00:00,ev_C,C,11,
20201205022350,2020-12-05 02:23:50,2020-12-05 12:00:00,ev_C,C,12,
20201205022400,2020-12-05 02:24:00,2020-12-05 12:00:00,ev_C,C,12,
20201205022410,2020-12-05 02:24:10,2020-12-05 12:00:00,ev_C,C,5,
20201205022420,2020-12-05 02:24:20,2020-12-05 12:00:00,ev_K,K,4,
20201205022430,2020-12-05 02:24:30,2020-12-05 12:00:00,ev_C,C,1,
20201205022440,2020-12-05 02:24:40,2020-12-05 12:00:00,ev_C,C,2,
20201205022450,2020-12-05 02:24:50,2020-12-05 12:00:00,ev_C,C,6,
20201205022500,2020-12-05 02:25:00,2020-12-05 12:00:00,ev_K,K,1,
20201205022510,2020-12-05 02:25:10,2020-12-05 12:00:00,ev_C,C,21,
20201205022520,2020-12-05 02:25:20,2020-12-05 12:00:00,ev_C,C,2,
20201205022530,2020-12-05 02:25:30,2020-12-05 12:00:00,ev_C,C,10,
20201205022540,2020-12-05 02:25:40,2020-12-05 12:00:00,ev_C,C,21,
20201205022550,2020-12-05 02:25:50,2020-12-05 12:00:00,ev_C,C,11,
20201205022600,2020-12-05 02:26:00,2020-12-05 12:00:00,ev_C,C,12,
20201205022610,2020-12-05 02:26:10,2020-12-05 12:00:00,ev_K,K,1,
20201205022620,2020-12-05 02:26:20,2020-12-05 12:00:00,ev_C,C,5,
20201205022630,2020-12-05 02:26:30,2020-12-05 12:00:00,ev_C,C,2,
20201205022640,2020-12-05 02:26:40,2020-12-05 12:00:00,ev_K,K,5,
20201205022650,2020-12-05 02:26:50,2020-12-05 12:00:00,ev_K,K,5,
20201205022700,2020-12-05 02:27:00,2020-12-05 12:00:00,ev_C,C,23,
20201205022710,2020-12-05 02:27:10,2020-12-05 12:00:00,ev_C,C,25,
20201205022720,2020-12-05 02:27:20,2020-12-05 12:00:00,ev_C,C,15,
20201205022730,2020-12-05 02:27:30,2020-12-05 12:00:00,ev_C,C,8,
20201205022740,2020-12-05 02:27:40,2020-12-05 12:00:00,ev_K,K,5,
20201205022750,2020-12-05 02:27:50,2020-12-05 12:00:00,ev_K,K,1,
20201205022800,2020-12-05 02:28:00,2020-12-05 12:00:00,ev_C,C,15,
20201205022810,2020-12-05 02:28:10,2020-12-05 12:00:00,ev_C,C,5,
20201205022820,2020-12-05 02:28:20,2020-12-05 12:00:00,ev_C,C,10,
20201205022830,2020-12-05 02:28:30,2020-12-05 12:00:00,ev_K,K,1,
20201205022840,2020-12-05 02:28:40,2020-12-05 12:00:00,ev_C,C,24,
20201205022850,2020-12-05 02:28:50,2020-12-05 12:00:00,ev_C,C,15,
20201205022900,2020-12-05 02:29:00,2020-12-05 12:00:00,ev_C,C,1,
20201205022910,2020-12-05 02:29:10,2020-12-05 12:00:00,ev_K,K,3,
20201205022920,2020-12-05 02:29:20,2020-12-05 12:00:00,ev_C,C,23,
20201205022930,2020-12-05 02:29:30,2020-12-05 12:00:00,ev_N,K,2,
20201205022940,2020-12-05 02:29:40,2020-12-05 12:00:00,ev_C,C,24,
20201205022950,2020-12-05 02:29:50,2020-12-05 12:00:00,ev_C,C,4,
20201205023000,2020-12-05 02:30:00,2020-12-05 12:00:00,ev_K,K,1,
20201205023010,2020-12-05 02:30:10,2020-12-05 12:00:00,ev_C,C,21,
20201205023020,2020-12-05 02:30:20,2020-12-05 12:00:00,ev_C,C,25,
20201205023030,2020-12-05 02:30:30,2020-12-05 12:00:00,ev_K,K,4,
20201205023040,2020-12-05 02:30:40,2020-12-05 12:00:00,ev_N,K,2,
20201205023050,2020-12-05 02:30:50,2020-12-05 12:00:00,ev_C,C,12,
20201205023100,2020-12-05 02:31:00,2020-12-05 12:00:00,ev_C,C,2,
20201205023110,2020-12-05 02:31:10,2020-12-05 12:00:00,ev_C,C,15,
20201205023120,2020-12-05 02:31:20,2020-12-05 12:00:00,ev_C,C,23,
20201205023130,2020-12-05 02:31:30,2020-12-05 12:00:00,ev_C,C,23,
20201205023140,2020-12-05 02:31:40,2020-12-05 12:00:00,ev_C,C,15,
20201205023150,2020-12-05 02:31:50,2020-12-05 12:00:00,ev_C,C,25,
20201205023200,2020-12-05 02:32:00,2020-12-05 12:00:00,ev_C,C,15,
20201205023210,2020-12-05 02:32:10,2020-12-05 12:00:00,ev_C,C,23,
20201205023220,2020-12-05 02:32:20,2020-12-05 12:00:00,ev_K,K,2,
20201205023230,2020-12-05 02:32:30,2020-12-05 12:00:00,ev_K,K,4,
20201205023240,2020-12-05 02:32:40,2020-12-05 12:00:00,ev_C,C,6,
20201205023250,2020-12-05 02:32:50,2020-12-05 12:00:00,ev_C,C,11,
20201205023300,2020-12-05 02:33:00,2020-12-05 12:00:00,ev_N,K,3,
20201205023310,2020-12-05 02:33:10,2020-12-05 12:00:00,ev_N,K,1,
20201205023320,2020-12-05 02:33:20,2020-12-05 12:00:00,ev_C,C,22,
20201205023330,2020-12-05 02:33:30,2020-12-05 12:00:00,ev_C,C,22,
20201205023340,2020-12-05 02:33:40,2020-12-05 12:00:00,ev_C,C,14,
20201205023350,2020-12-05 02:33:50,2020-12-05 12:00:00,ev_C,C,14,
20201205023400,2020-12-05 02:34:00,2020-12-05 12:00:00,ev_C,C,12,
20201205023410,2020-12-05 02:34:10,2020-12-05 12:00:00,ev_C,C,5,
20201205023420,2020-12-05 02:34:20,2020-12-05 12:00:00,ev_C,C,25,
20201205023430,2020-12-05 02:34:30,2020-12-05 12:00:00,ev_K,K,3,
20201205023440,2020-12-05 02:34:40,2020-12-05 12:00:00,ev_C,C,22,
20201205023450,2020-12-05 02:34:50,2020-12-05 12:00:00,ev_K,K,4,
20201205023500,2020-12-05 02:35:00,2020-12-05 12:00:00,ev_C,C,23,
20201205023510,2020-12-05 02:35:10,2020-12-05 12:00:00,ev_C,C,22,
20201205023520,2020-12-05 02:35:20,2020-12-05 12:00:00,ev_C,C,12,
20201205023530,2020-12-05 02:35:30,2020-12-05 12:00:00,ev_C,C,2,
20201205023540,2020-12-05 02:35:40,2020-12-05 12:00:00,ev_C,C,11,
20201205023550,2020-12-05 02:35:50,2020-12-05 12:00:00,ev_C,C,25,
20201205023600,2020-12-05 02:36:00,2020-12-05 12:00:00,ev_C,C,2,
20201205023610,2020-12-05 02:36:10,2020-12-05 12:00:00,ev_K,K,3,
20201205023620,2020-12-05 02:36:20,2020-12-05 12:00:00,ev_K,K,5,
20201205023630,2020-12-05 02:36:30,2020-12-05 12:00:00,ev_C,C,3,
20201205023640,2020-12-05 02:36:40,2020-12-05 12:00:00,ev_C,C,23,
20201205023650,2020-12-05 02:36:50,2020-12-05 12:00:00,ev_N,K,5,
20201205023700,2020-12-05 02:37:00,2020-12-05 12:00:00,ev_N,K,1,
20201205023710,2020-12-05 02:37:10,2020-12-05 12:00:00,ev_C,C,1,
20201205023720,2020-12-05 02:37:20,2020-12-05 12:00:00,ev_K,K,1,
20201205023730,2020-12-05 02:37:30,2020-12-05 12:00:00,ev_C,C,11,
20201205023740,2020-12-05 02:37:40,2020-12-05 12:00:00,ev_C,C,22,
20201205023750,2020-12-05 02:37:50,2020-12-05 12:00:00,ev_C,C,10,
20201205023800,2020-12-05 02:38:00,2020-12-05 12:00:00,ev_C,C,24,
20201205023810,2020-12-05 02:38:10,2020-12-05 12:00:00,ev_C,C,2,
20201205023820,2020-12-05 02:38:20,2020-12-05 12:00:00,ev_C,C,14,
20201205023830,2020-12-05 02:38:30,2020-12-05 12:00:00,ev_K,K,5,
20201205023840,2020-12-05 02:38:40,2020-12-05 12:00:00,ev_K,K,4,
20201205023850,2020-12-05 02:38:50,2020-12-05 12:00:00,ev_K,K,3,
20201205023900,2020-12-05 02:39:00,2020-12-05 12:00:00,ev_N,K,1,
20201205023910,2020-12-05 02:39:10,2020-12-05 12:00:00,ev_C,C,25,
20201205023920,2020-12-05 02:39:20,2020-12-05 12:00:00,ev_C,C,10,
20201205023930,2020-12-05 02:39:30,2020-12-05 12:00:00,ev_C,C,3,
20201205023940,2020-12-05 02:39:40,2020-12-05 12:00:00,ev_N,K,2,
20201205023950,2020-12-05 02:39:50,2020-12-05 12:00:00,ev_C,C,15,
20201205024000,2020-12-05 02:40:00,2020-12-05 12:00:00,ev_K,K,5,
20201205024010,2020-12-05 02:40:10,2020-12-05 12:00:00,ev_C,C,4,
20201205024020,2020-12-05 02:40:20,2020-12-05 12:00:00,ev_C,C,2,
20201205024030,2020-12-05 02:40:30,2020-12-05 12:00:00,ev_K,K,1,
20201205024040,2020-12-05 02:40:40,2020-12-05 12:00:00,ev_K,K,5,
20201205024050,2020-12-05 02:40:50,2020-12-05 12:00:00,ev_C,C,22,
20201205024100,2020-12-05 02:41:00,2020-12-05 12:00:00,ev_C,C,14,
20201205024110,2020-12-05 02:41:10,2020-12-05 12:00:00,ev_K,K,5,
20201205024120,2020-12-05 02:41:20,2020-12-05 12:00:00,ev_C,C,3,
20201205024130,2020-12-05 02:41:30,2020-12-05 12:00:00,ev_K,K,1,
20201205024140,2020-12-05 02:41:40,2020-12-05 12:00:00,ev_C,C,2,
20201205024150,2020-12-05 02:41:50,2020-12-05 12:00:00,ev_C,C,2,
20201205024200,2020-12-05 02:42:00,2020-12-05 12:00:00,ev_C,C,21,
20201205024210,2020-12-05 02:42:10,2020-12-05 12:00:00,ev_C,C,24,
20201205024220,2020-12-05 02:42:20,2020-12-05 12:00:00,ev_K,K,5,
20201205024230,2020-12-05 02:42:30,2020-12-05 12:00:00,ev_N,K,3,
20201205024240,2020-12-05 02:42:40,2020-12-05 12:00:00,ev_K,K,1,
20201205024250,2020-12-05 02:42:50,2020-12-05 12:00:00,ev_K,K,1,
20201205024300,2020-12-05 02:43:00,2020-12-05 12:00:00,ev_K,K,3,
20201205024310,2020-12-05 02:43:10,2020-12-05 12:00:00,ev_C,C,22,
20201205024320,2020-12-05 02:43:20,2020-12-05 12:00:00,ev_C,C,13,
20201205024330,2020-12-05 02:43:30,2020-12-05 12:00:00,ev_N,K,2,
20201205024340,2020-12-05 02:43:40,2020-12-05 12:00:00,ev_C,C,6,
20201205024350,2020-12-05 02:43:50,2020-12-05 12:00:00,ev_K,K,4,
20201205024400,2020-12-05 02:44:00,2020-12-05 12:00:00,ev_C,C,10,
20201205024410,2020-12-05 02:44:10,2020-12-05 12:00:00,ev_N,K,2,
20201205024420,2020-12-05 02:44:20,2020-12-05 12:00:00,ev_C,C,21,
20201205024430,2020-12-05 02:44:30,2020-12-05 12:00:00,ev_K,K,3,
20201205024440,2020-12-05 02:44:40,2020-12-05 12:00:00,ev_C,C,23,
20201205024450,2020-12-05 02:44:50,2020-12-05 12:00:00,ev_C,C,5,
20201205024500,2020-12-05 02:45:00,2020-12-05 12:00:00,ev_C,C,7,
20201205024510,2020-12-05 02:45:10,2020-12-05 12:00:00,ev_K,K,3,
20201205024520,2020-12-05 02:45:20,2020-12-05 12:00:00,ev_C,C,4,
20201205024530,2020-12-05 02:45:30,2020-12-05 12:00:00,ev_C,C,8,
20201205024540,2020-12-05 02:45:40,2020-12-05 12:00:00,ev_C,C,24,
20201205024550,2020-12-05 02:45:50,2020-12-05 12:00:00,ev_C,C,14,
20201205024600,2020-12-05 02:46:00,2020-12-05 12:00:00,ev_K,K,2,
20201205024610,2020-12-05 02:46:10,2020-12-05 12:00:00,ev_C,C,3,
20201205024620,2020-12-05 02:46:20,2020-12-05 12:00:00,ev_C,C,22,
20201205024630,2020-12-05 02:46:30,2020-12-05 12:00:00,ev_C,C,5,
20201205024640,2020-12-05 02:46:40,2020-12-05 12:00:00,ev_N,K,2,
20201205024650,2020-12-05 02:46:50,2020-12-05 12:00:00,ev_N,K,2,
20201205024700,2020-12-05 02:47:00,2020-12-05 12:00:00,ev_C,C,5,
20201205024710,2020-12-05 02:47:10,2020-12-05 12:00:00,ev_K,K,1,
20201205024720,2020-12-05 02:47:20,2020-12-05 12:00:00,ev_C,C,12,
20201205024730,2020-12-05 02:47:30,2020-12-05 12:00:00,ev_C,C,1,
20201205024740,2020-12-05 02:47:40,2020-12-05 12:00:00,ev_C,C,6,
20201205024750,2020-12-05 02:47:50,2020-12-05 12:00:00,ev_C,C,6,
20201205024800,2020-12-05 02:48:00,2020-12-05 12:00:00,ev_C,C,4,
20201205024810,2020-12-05 02:48:10,2020-12-05 12:00:00,ev_K,K,4,
20201205024820,2020-12-05 02:48:20,2020-12-05 12:00:00,ev_K,K,5,
20201205024830,2020-12-05 02:48:30,2020-12-05 12:00:00,ev_C,C,7,
20201205024840,2020-12-05 02:48:40,2020-12-05 12:00:00,ev_C,C,21,
20201205024850,2020-12-05 02:48:50,2020-12-05 12:00:00,ev_C,C,12,
20201205024900,2020-12-05 02:49:00,2020-12-05 12:00:00,ev_C,C,8,
20201205024910,2020-12-05 02:49:10,2020-12-05 12:00:00,ev_K,K,1,
20201205024920,2020-12-05 02:49:20,2020-12-05 12:00:00,ev_C,C,13,
20201205024930,2020-12-05 02:49:30,2020-12-05 12:00:00,ev_C,C,5,
20201205024940,2020-12-05 02:49:40,2020-12-05 12:00:00,ev_C,C,24,
20201205024950,2020-12-05 02:49:50,2020-12-05 12:00:00,ev_N,K,4,
20201205025000,2020-12-05 02:50:00,2020-12-05 12:00:00,ev_C,C,24,
20201205025010,2020-12-05 02:50:10,2020-12-05 12:00:00,ev_C,C,4,
20201205025020,2020-12-05 02:50:20,2020-12-05 12:00:00,ev_C,C,21,
20201205025030,2020-12-05 02:50:30,2020-12-05 12:00:00,ev_C,C,2,
20201205025040,2020-12-05 02:50:40,2020-12-05 12:00:00,ev_C,C,2,
20201205025050,2020-12-05 02:50:50,2020-12-05 12:00:00,ev_C,C,5,
20201205025100,2020-12-05 02:51:00,2020-12-05 12:00:00,ev_C,C,4,
20201205025110,2020-12-05 02:51:10,2020-12-05 12:00:00,ev_C,C,24,
20201205025120,2020-12-05 02:51:20,2020-12-05 12:00:00,ev_C,C,6,
20201205025130,2020-12-05 02:51:30,2020-12-05 12:00:00,ev_C,C,22,
20201205025140,2020-12-05 02:51:40,2020-12-05 12:00:00,ev_K,K,2,
20201205025150,2020-12-05 02:51:50,2020-12-05 12:00:00,ev_C,C,21,
20201205025200,2020-12-05 02:52:00,2020-12-05 12:00:00,ev_C,C,15,
20201205025210,2020-12-05 02:52:10,2020-12-05 12:00:00,ev_C,C,22,
20201205025220,2020-12-05 02:52:20,2020-12-05 12:00:00,ev_C,C,8,
20201205025230,2020-12-05 02:52:30,2020-12-05 12:00:00,ev_K,K,4,
20201205025240,2020-12-05 02:52:40,2020-12-05 12:00:00,ev_C,C,2,
20201205025250,2020-12-05 02:52:50,2020-12-05 12:00:00,ev_C,C,22,
20201205025300,2020-12-05 02:53:00,2020-12-05 12:00:00,ev_C,C,13,
20201205025310,2020-12-05 02:53:10,2020-12-05 12:00:00,ev_C,C,6,
20201205025320,2020-12-05 02:53:20,2020-12-05 12:00:00,ev_C,C,11,
20201205025330,2020-12-05 02:53:30,2020-12-05 12:00:00,ev_K,K,5,
20201205025340,2020-12-05 02:53:40,2020-12-05 12:00:00,ev_C,C,4,
20201205025350,2020-12-05 02:53:50,2020-12-05 12:00:00,ev_K,K,2,
20201205025400,2020-12-05 02:54:00,2020-12-05 12:00:00,ev_C,C,24,
20201205025410,2020-12-05 02:54:10,2020-12-05 12:00:00,ev_N,K,3,
20201205025420,2020-12-05 02:54:20,2020-12-05 12:00:00,ev_C,C,8,
20201205025430,2020-12-05 02:54:30,2020-12-05 12:00:00,ev_C,C,9,
20201205025440,2020-12-05 02:54:40,2020-12-05 12:00:00,ev_C,C,12,
20201205025450,2020-12-05 02:54:50,2020-12-05 12:00:00,ev_C,C,12,
20201205025500,2020-12-05 02:55:00,2020-12-05 12:00:00,ev_C,C,14,
20201205025510,2020-12-05 02:55:10,2020-12-05 12:00:00,ev_C,C,24,
20201205025520,2020-12-05 02:55:20,2020-12-05 12:00:00,ev_C,C,15,
20201205025530,2020-12-05 02:55:30,2020-12-05 12:00:00,ev_K,K,5,
20201205025540,2020-12-05 02:55:40,2020-12-05 12:00:00,ev_C,C,23,
20201205025550,2020-12-05 02:55:50,2020-12-05 12:00:00,ev_C,C,22,
20201205025600,2020-12-05 02:56:00,2020-12-05 12:00:00,ev_C,C,10,
20201205025610,2020-12-05 02:56:10,2020-12-05 12:00:00,ev_C,C,6,
20201205025620,2020-12-05 02:56:20,2020-12-05 12:00:00,ev_C,C,22,
20201205025630,2020-12-05 02:56:30,2020-12-05 12:00:00,ev_C,C,25,
20201205025640,2020-12-05 02:56:40,2020-12-05 12:00:00,ev_C,C,3,
20201205025650,2020-12-05 02:56:50,2020-12-05 12:00:00,ev_K,K,3,
20201205025700,2020-12-05 02:57:00,2020-12-05 12:00:00,ev_C,C,21,
20201205025710,2020-12-05 02:57:10,2020-12-05 12:00:00,ev_K,K,2,
20201205025720,2020-12-05 02:57:20,2020-12-05 12:00:00,ev_K,K,2,
20201205025730,2020-12-05 02:57:30,2020-12-05 12:00:00,ev_C,C,5,
20201205025740,2020-12-05 02:57:40,2020-12-05 12:00:00,ev_C,C,21,
20201205025750,2020-12-05 02:57:50,2020-12-05 12:00:00,ev_C,C,11,
20201205025800,2020-12-05 02:58:00,2020-12-05 12:00:00,ev_N,K,5,
20201205025810,2020-12-05 02:58:10,2020-12-05 12:00:00,ev_C,C,10,
20201205025820,2020-12-05 02:58:20,2020-12-05 12:00:00,ev_C,C,3,
20201205025830,2020-12-05 02:58:30,2020-12-05 12:00:00,ev_C,C,9,
20201205025840,2020-12-05 02:58:40,2020-12-05 12:00:00,ev_C,C,7,
20201205025850,2020-12-05 02:58:50,2020-12-05 12:00:00,ev_C,C,2,
20201205025900,2020-12-05 02:59:00,2020-12-05 12:00:00,ev_C,C,2,
20201205025910,2020-12-05 02:59:10,2020-12-05 12:00:00,ev_C,C,1,
20201205025920,2020-12-05 02:59:20,2020-12-05 12:00:00,ev_C,C,23,
20201205025930,2020-12-05 02:59:30,2020-12-05 12:00:00,ev_K,K,4,
20201205025940,2020-12-05 02:59:40,2020-12-05 12:00:00,ev_C,C,1,
20201205025950,2020-12-05 02:59:50,2020-12-05 12:00:00,ev_C,C,21,
20201205030000,2020-12-05 03:00:00,2020-12-05 12:00:00,ev_K,K,5,
20201205030010,2020-12-05 03:00:10,2020-12-05 12:00:00,ev_C,C,15,
20201205030020,2020-12-05 03:00:20,2020-12-05 12:00:00,ev_K,K,5,
20201205030030,2020-12-05 03:00:30,2020-12-05 12:00:00,ev_C,C,24,
20201205030040,2020-12-05 03:00:40,2020-12-05 12:00:00,ev_C,C,10,
20201205030050,2020-12-05 03:00:50,2020-12-05 12:00:00,ev_C,C,13,
20201205030100,2020-12-05 03:01:00,2020-12-05 12:00:00,ev_C,C,5,
20201205030110,2020-12-05 03:01:10,2020-12-05 12:00:00,ev_C,C,23,
20201205030120,2020-12-05 03:01:20,2020-12-05 12:00:00,ev_C,C,9,
20201205030130,2020-12-05 03:01:30,2020-12-05 12:00:00,ev_C,C,7,
20201205030140,2020-12-05 03:01:40,2020-12-05 12:00:00,ev_K,K,2,
20201205030150,2020-12-05 03:01:50,2020-12-05 12:00:00,ev_N,K,1,
20201205030200,2020-12-05 03:02:00,2020-12-05 12:00:00,ev_C,C,12,
20201205030210,2020-12-05 03:02:10,2020-12-05 12:00:00,ev_C,C,9,
20201205030220,2020-12-05 03:02:20,2020-12-05 12:00:00,ev_K,K,5,
20201205030230,2020-12-05 03:02:30,2020-12-05 12:00:00,ev_K,K,3,
20201205030240,2020-12-05 03:02:40,2020-12-05 12:00:00,ev_K,K,3,
20201205030250,2020-12-05 03:02:50,2020-12-05 12:00:00,ev_C,C,22,
20201205030300,2020-12-05 03:03:00,2020-12-05 12:00:00,ev_C,C,4,
20201205030310,2020-12-05 03:03:10,2020-12-05 12:00:00,ev_C,C,9,
20201205030320,2020-12-05 03:03:20,2020-12-05 12:00:00,ev_C,C,12,
20201205030330,2020-12-05 03:03:30,2020-12-05 12:00:00,ev_C,C,9,
20201205030340,2020-12-05 03:03:40,2020-12-05 12:00:00,ev_C,C,5,
20201205030350,2020-12-05 03:03:50,2020-12-05 12:00:00,ev_K,K,1,
20201205030400,2020-12-05 03:04:00,2020-12-05 12:00:00,ev_C,C,24,
20201205030410,2020-12-05 03:04:10,2020-12-05 12:00:00,ev_C,C,12,
20201205030420,2020-12-05 03:04:20,2020-12-05 12:00:00,ev_C,C,2,
20201205030430,2020-12-05 03:04:30,2020-12-05 12:00:00,ev_C,C,8,
20201205030440,2020-12-05 03:04:40,2020-12-05 12:00:00,ev_C,C,21,
20201205030450,2020-12-05 03:04:50,2020-12-05 12:00:00,ev_C,C,6,
20201205030500,2020-12-05 03:05:00,2020-12-05 12:00:00,ev_C,C,24,
20201205030510,2020-12-05 03:05:10,2020-12-05 12:00:00,ev_C,C,2,
20201205030520,2020-12-05 03:05:20,2020-12-05 12:00:00,ev_C,C,12,
20201205030530,2020-12-05 03:05:30,2020-12-05 12:00:00,ev_C,C,2,
20201205030540,2020-12-05 03:05:40,2020-12-05 12:00:00,ev_K,K,4,
20201205030550,2020-12-05 03:05:50,2020-12-05 12:00:00,ev_C,C,3,
20201205030600,2020-12-05 03:06:00,2020-12-05 12:00:00,ev_C,C,3,
20201205030610,2020-12-05 03:06:10,2020-12-05 12:00:00,ev_C,C,22,
20201205030620,2020-12-05 03:06:20,2020-12-05 12:00:00,ev_N,K,5,
20201205030630,2020-12-05 03:06:30,2020-12-05 12:00:00,ev_N,K,5,
20201205030640,2020-12-05 03:06:40,2020-12-05 12:00:00,ev_C,C,7,
20201205030650,2020-12-05 03:06:50,2020-12-05 12:00:00,ev_C,C,5,
20201205030700,2020-12-05 03:07:00,2020-12-05 12:00:00,ev_C,C,11,
20201205030710,2020-12-05 03:07:10,2020-12-05 12:00:00,ev_C,C,24,
20201205030720,2020-12-05 03:07:20,2020-12-05 12:00:00,ev_K,K,2,
20201205030730,2020-12-05 03:07:30,2020-12-05 12:00:00,ev_C,C,25,
20201205030740,2020-12-05 03:07:40,2020-12-05 12:00:00,ev_C,C,24,
20201205030750,2020-12-05 03:07:50,2020-12-05 12:00:00,ev_N,K,1,
20201205030800,2020-12-05 03:08:00,2020-12-05 12:00:00,ev_C,C,6,
20201205030810,2020-12-05 03:08:10,2020-12-05 12:00:00,ev_C,C,15,
20201205030820,2020-12-05 03:08:20,2020-12-05 12:00:00,ev_C,C,24,
20201205030830,2020-12-05 03:08:30,2020-12-05 12:00:00,ev_N,K,1,
20201205030840,2020-12-05 03:08:40,2020-12-05 12:00:00,ev_N,K,5,
20201205030850,2020-12-05 03:08:50,2020-12-05 12:00:00,ev_C,C,3,
20201205030900,2020-12-05 03:09:00,2020-12-05 12:00:00,ev_C,C,13,
20201205030910,2020-12-05 03:09:10,2020-12-05 12:00:00,ev_C,C,22,
20201205030920,2020-12-05 03:09:20,2020-12-05 12:00:00,ev_K,K,4,
20201205030930,2020-12-05 03:09:30,2020-12-05 12:00:00,ev_C,C,13,
20201205030940,2020-12-05 03:09:40,2020-12-05 12:00:00,ev_C,C,12,
20201205030950,2020-12-05 03:09:50,2020-12-05 12:00:00,ev_C,C,21,
20201205031000,2020-12-05 03:10:00,2020-12-05 12:00:00,ev_C,C,25,
20201205031010,2020-12-05 03:10:10,2020-12-05 12:00:00,ev_C,C,8,
20201205031020,2020-12-05 03:10:20,2020-12-05 12:00:00,ev_C,C,1,
20201205031030,2020-12-05 03:10:30,2020-12-05 12:00:00,ev_C,C,2,
20201205031040,2020-12-05 03:10:40,2020-12-05 12:00:00,ev_C,C,24,
20201205031050,2020-12-05 03:10:50,2020-12-05 12:00:00,ev_C,C,5,
20201205031100,2020-12-05 03:11:00,2020-12-05 12:00:00,ev_K,K,1,
20201205031110,2020-12-05 03:11:10,2020-12-05 12:00:00,ev_C,C,10,
20201205031120,2020-12-05 03:11:20,2020-12-05 12:00:00,ev_K,K,4,
20201205031130,2020-12-05 03:11:30,2020-12-05 12:00:00,ev_C,C,1,
20201205031140,2020-12-05 03:11:40,2020-12-05 12:00:00,ev_C,C,4,
20201205031150,2020-12-05 03:11:50,2020-12-05 12:00:00,ev_C,C,9,
20201205031200,2020-12-05 03:12:00,2020-12-05 12:00:00,ev_C,C,4,
20201205031210,2020-12-05 03:12:10,2020-12-05 12:00:00,ev_K,K,4,
20201205031220,2020-12-05 03:12:20,2020-12-05 12:00:00,ev_K,K,2,
20201205031230,2020-12-05 03:12:30,2020-12-05 12:00:00,ev_K,K,2,
20201205031240,2020-12-05 03:12:40,2020-12-05 12:00:00,ev_C,C,23,
20201205031250,2020-12-05 03:12:50,2020-12-05 12:00:00,ev_K,K,2,
20201205031300,2020-12-05 03:13:00,2020-12-05 12:00:00,ev_K,K,5,
20201205031310,2020-12-05 03:13:10,2020-12-05 12:00:00,ev_C,C,13,
20201205031320,2020-12-05 03:13:20,2020-12-05 12:00:00,ev_K,K,1,
20201205031330,2020-12-05 03:13:30,2020-12-05 12:00:00,ev_C,C,3,
20201205031340,2020-12-05 03:13:40,2020-12-05 12:00:00,ev_N,K,1,
20201205031350,2020-12-05 03:13:50,2020-12-05 12:00:00,ev_C,C,14,
20201205031400,2020-12-05 03:14:00,2020-12-05 12:00:00,ev_C,C,7,
20201205031410,2020-12-05 03:14:10,2020-12-05 12:00:00,ev_K,K,3,
20201205031420,2020-12-05 03:14:20,2020-12-05 12:00:00,ev_C,C,2,
20201205031430,2020-12-05 03:14:30,2020-12-05 12:00:00,ev_C,C,25,
20201205031440,2020-12-05 03:14:40,2020-12-05 12:00:00,ev_K,K,3,
20201205031450,2020-12-05 03:14:50,2020-12-05 12:00:00,ev_C,C,10,
20201205031500,2020-12-05 03:15:00,2020-12-05 12:00:00,ev_N,K,5,
20201205031510,2020-12-05 03:15:10,2020-12-05 12:00:00,ev_C,C,2,
20201205031520,2020-12-05 03:15:20,2020-12-05 12:00:00,ev_K,K,1,
20201205031530,2020-12-05 03:15:30,2020-12-05 12:00:00,ev_N,K,3,
20201205031540,2020-12-05 03:15:40,2020-12-05 12:00:00,ev_C,C,23,
20201205031550,2020-12-05 03:15:50,2020-12-05 12:00:00,ev_K,K,5,
20201205031600,2020-12-05 03:16:00,2020-12-05 12:00:00,ev_C,C,11,
20201205031610,2020-12-05 03:16:10,2020-12-05 12:00:00,ev_C,C,25,
20201205031620,2020-12-05 03:16:20,2020-12-05 12:00:00,ev_C,C,14,
20201205031630,2020-12-05 03:16:30,2020-12-05 12:00:00,ev_K,K,2,
20201205031640,2020-12-05 03:16:40,2020-12-05 12:00:00,ev_C,C,7,
20201205031650,2020-12-05 03:16:50,2020-12-05 12:00:00,ev_C,C,13,
20201205031700,2020-12-05 03:17:00,2020-12-05 12:00:00,ev_C,C,13,
20201205031710,2020-12-05 03:17:10,2020-12-05 12:00:00,ev_C,C,12,
20201205031720,2020-12-05 03:17:20,2020-12-05 12:00:00,ev_C,C,5,
20201205031730,2020-12-05 03:17:30,2020-12-05 12:00:00,ev_C,C,21,
20201205031740,2020-12-05 03:17:40,2020-12-05 12:00:00,ev_C,C,2,
20201205031750,2020-12-05 03:17:50,2020-12-05 12:00:00,ev_C,C,8,
20201205031800,2020-12-05 03:18:00,2020-12-05 12:00:00,ev_C,C,4,
20201205031810,2020-12-05 03:18:10,2020-12-05 12:00:00,ev_C,C,13,
20201205031820,2020-12-05 03:18:20,2020-12-05 12:00:00,ev_C,C,7,
20201205031830,2020-12-05 03:18:30,2020-12-05 12:00:00,ev_K,K,1,
20201205031840,2020-12-05 03:18:40,2020-12-05 12:00:00,ev_K,K,5,
20201205031850,2020-12-05 03:18:50,2020-12-05 12:00:00,ev_N,K,4,
20201205031900,2020-12-05 03:19:00,2020-12-05 12:00:00,ev_C,C,8,
20201205031910,2020-12-05 03:19:10,2020-12-05 12:00:00,ev_C,C,11,
20201205031920,2020-12-05 03:19:20,2020-12-05 12:00:00,ev_C,C,8,
20201205031930,2020-12-05 03:19:30,2020-12-05 12:00:00,ev_C,C,1,
20201205031940,2020-12-05 03:19:40,2020-12-05 12:00:00,ev_C,C,21,
20201205031950,2020-12-05 03:19:50,2020-12-05 12:00:00,ev_C,C,21,
20201205032000,2020-12-05 03:20:00,2020-12-05 12:00:00,ev_C,C,21,
20201205032010,2020-12-05 03:20:10,2020-12-05 12:00:00,ev_K,K,1,
20201205032020,2020-12-05 03:20:20,2020-12-05 12:00:00,ev_C,C,1,
20201205032030,2020-12-05 03:20:30,2020-12-05 12:00:00,ev_C,C,9,
20201205032040,2020-12-05 03:20:40,2020-12-05 12:00:00,ev_C,C,15,
20201205032050,2020-12-05 03:20:50,2020-12-05 12:00:00,ev_K,K,3,
20201205032100,2020-12-05 03:21:00,2020-12-05 12:00:00,ev_C,C,24,
20201205032110,2020-12-05 03:21:10,2020-12-05 12:00:00,ev_C,C,23,
20201205032120,2020-12-05 03:21:20,2020-12-05 12:00:00,ev_C,C,9,
20201205032130,2020-12-05 03:21:30,2020-12-05 12:00:00,ev_C,C,22,
20201205032140,2020-12-05 03:21:40,2020-12-05 12:00:00,ev_K,K,4,
20201205032150,2020-12-05 03:21:50,2020-12-05 12:00:00,ev_C,C,9,
20201205032200,2020-12-05 03:22:00,2020-12-05 12:00:00,ev_C,C,1,
20201205032210,2020-12-05 03:22:10,2020-12-05 12:00:00,ev_C,C,10,
20201205032220,2020-12-05 03:22:20,2020-12-05 12:00:00,ev_C,C,10,
20201205032230,2020-12-05 03:22:30,2020-12-05 12:00:00,ev_C,C,10,
20201205032240,2020-12-05 03:22:40,2020-12-05 12:00:00,ev_C,C,7,
20201205032250,2020-12-05 03:22:50,2020-12-05 12:00:00,ev_C,C,3,
20201205032300,2020-12-05 03:23:00,2020-12-05 12:00:00,ev_K,K,1,
20201205032310,2020-12-05 03:23:10,2020-12-05 12:00:00,ev_C,C,15,
20201205032320,2020-12-05 03:23:20,2020-12-05 12:00:00,ev_C,C,6,
20201205032330,2020-12-05 03:23:30,2020-12-05 12:00:00,ev_K,K,5,
20201205032340,2020-12-05 03:23:40,2020-12-05 12:00:00,ev_C,C,4,
20201205032350,2020-12-05 03:23:50,2020-12-05 12:00:00,ev_N,K,2,
20201205032400,2020-12-05 03:24:00,2020-12-05 12:00:00,ev_C,C,2,
20201205032410,2020-12-05 03:24:10,2020-12-05 12:00:00,ev_C,C,23,
20201205032420,2020-12-05 03:24:20,2020-12-05 12:00:00,ev_C,C,13,
20201205032430,2020-12-05 03:24:30,2020-12-05 12:00:00,ev_C,C,10,
20201205032440,2020-12-05 03:24:40,2020-12-05 12:00:00,ev_C,C,21,
20201205032450,2020-12-05 03:24:50,2020-12-05 12:00:00,ev_C,C,23,
20201205032500,2020-12-05 03:25:00,2020-12-05 12:00:00,ev_N,K,3,
20201205032510,2020-12-05 03:25:10,2020-12-05 12:00:00,ev_K,K,2,
20201205032520,2020-12-05 03:25:20,2020-12-05 12:00:00,ev_C,C,23,
20201205032530,2020-12-05 03:25:30,2020-12-05 12:00:00,ev_C,C,13,
20201205032540,2020-12-05 03:25:40,2020-12-05 12:00:00,ev_C,C,4,
20201205032550,2020-12-05 03:25:50,2020-12-05 12:00:00,ev_C,C,6,
20201205032600,2020-12-05 03:26:00,2020-12-05 12:00:00,ev_C,C,3,
20201205032610,2020-12-05 03:26:10,2020-12-05 12:00:00,ev_C,C,14,
20201205032620,2020-12-05 03:26:20,2020-12-05 12:00:00,ev_C,C,7,
20201205032630,2020-12-05 03:26:30,2020-12-05 12:00:00,ev_C,C,12,
20201205032640,2020-12-05 03:26:40,2020-12-05 12:00:00,ev_C,C,21,
20201205032650,2020-12-05 03:26:50,2020-12-05 12:00:00,ev_C,C,25,
20201205032700,2020-12-05 03:27:00,2020-12-05 12:00:00,ev_C,C,5,
20201205032710,2020-12-05 03:27:10,2020-12-05 12:00:00,ev_C,C,2,
20201205032720,2020-12-05 03:27:20,2020-12-05 12:00:00,ev_C,C,3,
20201205032730,2020-12-05 03:27:30,2020-12-05 12:00:00,ev_N,K,1,
20201205032740,2020-12-05 03:27:40,2020-12-05 12:00:00,ev_K,K,3,
20201205032750,2020-12-05 03:27:50,2020-12-05 12:00:00,ev_K,K,4,
20201205032800,2020-12-05 03:28:00,2020-12-05 12:00:00,ev_K,K,2,
20201205032810,2020-12-05 03:28:10,2020-12-05 12:00:00,ev_C,C,2,
20201205032820,2020-12-05 03:28:20,2020-12-05 12:00:00,ev_C,C,22,
20201205032830,2020-12-05 03:28:30,2020-12-05 12:00:00,ev_C,C,24,
20201205032840,2020-12-05 03:28:40,2020-12-05 12:00:00,ev_C,C,9,
20201205032850,2020-12-05 03:28:50,2020-12-05 12:00:00,ev_C,C,1,
20201205032900,2020-12-05 03:29:00,2020-12-05 12:00:00,ev_C,C,15,
20201205032910,2020-12-05 03:29:10,2020-12-05 12:00:00,ev_K,K,5,
20201205032920,2020-12-05 03:29:20,2020-12-05 12:00:00,ev_C,C,9,
20201205032930,2020-12-05 03:29:30,2020-12-05 12:00:00,ev_C,C,10,
20201205032940,2020-12-05 03:29:40,2020-12-05 12:00:00,ev_C,C,12,
20201205032950,2020-12-05 03:29:50,2020-12-05 12:00:00,ev_N,K,1,
20201205033000,2020-12-05 03:30:00,2020-12-05 12:00:00,ev_C,C,24,
20201205033010,2020-12-05 03:30:10,2020-12-05 12:00:00,ev_C,C,13,
20201205033020,2020-12-05 03:30:20,2020-12-05 12:00:00,ev_K,K,1,
20201205033030,2020-12-05 03:30:30,2020-12-05 12:00:00,ev_C,C,25,
20201205033040,2020-12-05 03:30:40,2020-12-05 12:00:00,ev_C,C,12,
20201205033050,2020-12-05 03:30:50,2020-12-05 12:00:00,ev_C,C,8,
20201205033100,2020-12-05 03:31:00,2020-12-05 12:00:00,ev_C,C,11,
20201205033110,2020-12-05 03:31:10,2020-12-05 12:00:00,ev_C,C,4,
20201205033120,2020-12-05 03:31:20,2020-12-05 12:00:00,ev_C,C,21,
20201205033130,2020-12-05 03:31:30,2020-12-05 12:00:00,ev_C,C,12,
20201205033140,2020-12-05 03:31:40,2020-12-05 12:00:00,ev_C,C,9,
20201205033150,2020-12-05 03:31:50,2020-12-05 12:00:00,ev_C,C,4,
20201205033200,2020-12-05 03:32:00,2020-12-05 12:00:00,ev_C,C,6,
20201205033210,2020-12-05 03:32:10,2020-12-05 12:00:00,ev_C,C,3,
20201205033220,2020-12-05 03:32:20,2020-12-05 12:00:00,ev_K,K,4,
20201205033230,2020-12-05 03:32:30,2020-12-05 12:00:00,ev_C,C,10,
20201205033240,2020-12-05 03:32:40,2020-12-05 12:00:00,ev_K,K,4,
20201205033250,2020-12-05 03:32:50,2020-12-05 12:00:00,ev_C,C,13,
20201205033300,2020-12-05 03:33:00,2020-12-05 12:00:00,ev_N,K,2,
20201205033310,2020-12-05 03:33:10,2020-12-05 12:00:00,ev_C,C,15,
20201205033320,2020-12-05 03:33:20,2020-12-05 12:00:00,ev_C,C,6,
20201205033330,2020-12-05 03:33:30,2020-12-05 12:00:00,ev_C,C,7,
20201205033340,2020-12-05 03:33:40,2020-12-05 12:00:00,ev_C,C,13,
20201205033350,2020-12-05 03:33:50,2020-12-05 12:00:00,ev_N,K,1,
20201205033400,2020-12-05 03:34:00,2020-12-05 12:00:00,ev_N,K,2,
20201205033410,2020-12-05 03:34:10,2020-12-05 12:00:00,ev_C,C,7,
20201205033420,2020-12-05 03:34:20,2020-12-05 12:00:00,ev_C,C,9,
20201205033430,2020-12-05 03:34:30,2020-12-05 12:00:00,ev_C,C,3,
20201205033440,2020-12-05 03:34:40,2020-12-05 12:00:00,ev_C,C,22,
20201205033450,2020-12-05 03:34:50,2020-12-05 12:00:00,ev_C,C,12,
20201205033500,2020-12-05 03:35:00,2020-12-05 12:00:00,ev_K,K,5,
20201205033510,2020-12-05 03:35:10,2020-12-05 12:00:00,ev_C,C,6,
20201205033520,2020-12-05 03:35:20,2020-12-05 12:00:00,ev_K,K,3,
20201205033530,2020-12-05 03:35:30,2020-12-05 12:00:00,ev_C,C,10,
20201205033540,2020-12-05 03:35:40,2020-12-05 12:00:00,ev_C,C,25,
20201205033550,2020-12-05 03:35:50,2020-12-05 12:00:00,ev_C,C,25,
20201205033600,2020-12-05 03:36:00,2020-12-05 12:00:00,ev_C,C,4,
20201205033610,2020-12-05 03:36:10,2020-12-05 12:00:00,ev_C,C,8,
20201205033620,2020-12-05 03:36:20,2020-12-05 12:00:00,ev_C,C,1,
20201205033630,2020-12-05 03:36:30,2020-12-05 12:00:00,ev_C,C,10,
20201205033640,2020-12-05 03:36:40,2020-12-05 12:00:00,ev_C,C,5,
20201205033650,2020-12-05 03:36:50,2020-12-05 12:00:00,ev_C,C,11,
20201205033700,2020-12-05 03:37:00,2020-12-05 12:00:00,ev_C,C,22,
20201205033710,2020-12-05 03:37:10,2020-12-05 12:00:00,ev_C,C,6,
20201205033720,2020-12-05 03:37:20,2020-12-05 12:00:00,ev_C,C,8,
20201205033730,2020-12-05 03:37:30,2020-12-05 12:00:00,ev_C,C,8,
20201205033740,2020-12-05 03:37:40,2020-12-05 12:00:00,ev_C,C,1,
20201205033750,2020-12-05 03:37:50,2020-12-05 12:00:00,ev_K,K,5,
20201205033800,2020-12-05 03:38:00,2020-12-05 12:00:00,ev_C,C,3,
20201205033810,2020-12-05 03:38:10,2020-12-05 12:00:00,ev_C,C,10,
20201205033820,2020-12-05 03:38:20,2020-12-05 12:00:00,ev_C,C,14,
20201205033830,2020-12-05 03:38:30,2020-12-05 12:00:00,ev_C,C,7,
20201205033840,2020-12-05 03:38:40,2020-12-05 12:00:00,ev_C,C,6,
20201205033850,2020-12-05 03:38:50,2020-12-05 12:00:00,ev_C,C,5,
20201205033900,2020-12-05 03:39:00,2020-12-05 12:00:00,ev_C,C,5,
20201205033910,2020-12-05 03:39:10,2020-12-05 12:00:00,ev_N,K,2,
20201205033920,2020-12-05 03:39:20,2020-12-05 12:00:00,ev_C,C,3,
20201205033930,2020-12-05 03:39:30,2020-12-05 12:00:00,ev_C,C,12,
20201205033940,2020-12-05 03:39:40,2020-12-05 12:00:00,ev_C,C,4,
20201205033950,2020-12-05 03:39:50,2020-12-05 12:00:00,ev_C,C,24,
20201205034000,2020-12-05 03:40:00,2020-12-05 12:00:00,ev_C,C,23,
20201205034010,2020-12-05 03:40:10,2020-12-05 12:00:00,ev_C,C,1,
20201205034020,2020-12-05 03:40:20,2020-12-05 12:00:00,ev_C,C,14,
20201205034030,2020-12-05 03:40:30,2020-12-05 12:00:00,ev_C,C,3,
20201205034040,2020-12-05 03:40:40,2020-12-05 12:00:00,ev_C,C,5,
20201205034050,2020-12-05 03:40:50,2020-12-05 12:00:00,ev_K,K,4,
20201205034100,2020-12-05 03:41:00,2020-12-05 12:00:00,ev_C,C,9,
20201205034110,2020-12-05 03:41:10,2020-12-05 12:00:00,ev_K,K,3,
20201205034120,2020-12-05 03:41:20,2020-12-05 12:00:00,ev_K,K,2,
20201205034130,2020-12-05 03:41:30,2020-12-05 12:00:00,ev_C,C,5,
20201205034140,2020-12-05 03:41:40,2020-12-05 12:00:00,ev_C,C,11,
20201205034150,2020-12-05 03:41:50,2020-12-05 12:00:00,ev_C,C,3,
20201205034200,2020-12-05 03:42:00,2020-12-05 12:00:00,ev_C,C,4,
20201205034210,2020-12-05 03:42:10,2020-12-05 12:00:00,ev_C,C,24,
20201205034220,2020-12-05 03:42:20,2020-12-05 12:00:00,ev_K,K,2,
20201205034230,2020-12-05 03:42:30,2020-12-05 12:00:00,ev_K,K,3,
20201205034240,2020-12-05 03:42:40,2020-12-05 12:00:00,ev_C,C,7,
20201205034250,2020-12-05 03:42:50,2020-12-05 12:00:00,ev_K,K,4,
20201205034300,2020-12-05 03:43:00,2020-12-05 12:00:00,ev_C,C,7,
20201205034310,2020-12-05 03:43:10,2020-12-05 12:00:00,ev_C,C,10,
20201205034320,2020-12-05 03:43:20,2020-12-05 12:00:00,ev_C,C,22,
20201205034330,2020-12-05 03:43:30,2020-12-05 12:00:00,ev_C,C,12,
20201205034340,2020-12-05 03:43:40,2020-12-05 12:00:00,ev_C,C,14,
20201205034350,2020-12-05 03:43:50,2020-12-05 12:00:00,ev_K,K,4,
20201205034400,2020-12-05 03:44:00,2020-12-05 12:00:00,ev_C,C,11,
20201205034410,2020-12-05 03:44:10,2020-12-05 12:00:00,ev_C,C,22,
20201205034420,2020-12-05 03:44:20,2020-12-05 12:00:00,ev_C,C,2,
20201205034430,2020-12-05 03:44:30,2020-12-05 12:00:00,ev_C,C,8,
20201205034440,2020-12-05 03:44:40,2020-12-05 12:00:00,ev_C,C,2,
20201205034450,2020-12-05 03:44:50,2020-12-05 12:00:00,ev_K,K,4,
20201205034500,2020-12-05 03:45:00,2020-12-05 12:00:00,ev_K,K,1,
20201205034510,2020-12-05 03:45:10,2020-12-05 12:00:00,ev_C,C,10,
20201205034520,2020-12-05 03:45:20,2020-12-05 12:00:00,ev_C,C,25,
20201205034530,2020-12-05 03:45:30,2020-12-05 12:00:00,ev_K,K,3,
20201205034540,2020-12-05 03:45:40,2020-12-05 12:00:00,ev_C,C,2,
20201205034550,2020-12-05 03:45:50,2020-12-05 12:00:00,ev_C,C,23,
20201205034600,2020-12-05 03:46:00,2020-12-05 12:00:00,ev_K,K,3,
20201205034610,2020-12-05 03:46:10,2020-12-05 12:00:00,ev_N,K,4,
20201205034620,2020-12-05 03:46:20,2020-12-05 12:00:00,ev_C,C,9,
20201205034630,2020-12-05 03:46:30,2020-12-05 12:00:00,ev_C,C,14,
20201205034640,2020-12-05 03:46:40,2020-12-05 12:00:00,ev_C,C,25,
20201205034650,2020-12-05 03:46:50,2020-12-05 12:00:00,ev_C,C,2,
20201205034700,2020-12-05 03:47:00,2020-12-05 12:00:00,ev_K,K,3,
20201205034710,2020-12-05 03:47:10,2020-12-05 12:00:00,ev_C,C,11,
20201205034720,2020-12-05 03:47:20,2020-12-05 12:00:00,ev_C,C,14,
20201205034730,2020-12-05 03:47:30,2020-12-05 12:00:00,ev_C,C,2,
20201205034740,2020-12-05 03:47:40,2020-12-05 12:00:00,ev_C,C,12,
20201205034750,2020-12-05 03:47:50,2020-12-05 12:00:00,ev_N,K,3,
20201205034800,2020-12-05 03:48:00,2020-12-05 12:00:00,ev_C,C,2,
20201205034810,2020-12-05 03:48:10,2020-12-05 12:00:00,ev_K,K,3,
20201205034820,2020-12-05 03:48:20,2020-12-05 12:00:00,ev_C,C,23,
20201205034830,2020-12-05 03:48:30,2020-12-05 12:00:00,ev_C,C,9,
20201205034840,2020-12-05 03:48:40,2020-12-05 12:00:00,ev_C,C,25,
20201205034850,2020-12-05 03:48:50,2020-12-05 12:00:00,ev_C,C,23,
20201205034900,2020-12-05 03:49:00,2020-12-05 12:00:00,ev_C,C,5,
20201205034910,2020-12-05 03:49:10,2020-12-05 12:00:00,ev_C,C,2,
20201205034920,2020-12-05 03:49:20,2020-12-05 12:00:00,ev_K,K,5,
20201205034930,2020-12-05 03:49:30,2020-12-05 12:00:00,ev_C,C,24,
20201205034940,2020-12-05 03:49:40,2020-12-05 12:00:00,ev_K,K,4,
20201205034950,2020-12-05 03:49:50,2020-12-05 12:00:00,ev_C,C,12,
20201205035000,2020-12-05 03:50:00,2020-12-05 12:00:00,ev_C,C,23,
20201205035010,2020-12-05 03:50:10,2020-12-05 12:00:00,ev_K,K,2,
20201205035020,2020-12-05 03:50:20,2020-12-05 12:00:00,ev_K,K,2,
20201205035030,2020-12-05 03:50:30,2020-12-05 12:00:00,ev_N,K,3,
20201205035040,2020-12-05 03:50:40,2020-12-05 12:00:00,ev_C,C,22,
20201205035050,2020-12-05 03:50:50,2020-12-05 12:00:00,ev_C,C,21,
20201205035100,2020-12-05 03:51:00,2020-12-05 12:00:00,ev_C,C,25,
20201205035110,2020-12-05 03:51:10,2020-12-05 12:00:00,ev_K,K,2,
20201205035120,2020-12-05 03:51:20,2020-12-05 12:00:00,ev_C,C,1,
20201205035130,2020-12-05 03:51:30,2020-12-05 12:00:00,ev_K,K,1,
20201205035140,2020-12-05 03:51:40,2020-12-05 12:00:00,ev_K,K,4,
20201205035150,2020-12-05 03:51:50,2020-12-05 12:00:00,ev_C,C,14,
20201205035200,2020-12-05 03:52:00,2020-12-05 12:00:00,ev_C,C,14,
20201205035210,2020-12-05 03:52:10,2020-12-05 12:00:00,ev_C,C,2,
20201205035220,2020-12-05 03:52:20,2020-12-05 12:00:00,ev_C,C,3,
20201205035230,2020-12-05 03:52:30,2020-12-05 12:00:00,ev_C,C,14,
20201205035240,2020-12-05 03:52:40,2020-12-05 12:00:00,ev_K,K,3,
20201205035250,2020-12-05 03:52:50,2020-12-05 12:00:00,ev_C,C,9,
20201205035300,2020-12-05 03:53:00,2020-12-05 12:00:00,ev_C,C,24,
20201205035310,2020-12-05 03:53:10,2020-12-05 12:00:00,ev_C,C,10,
20201205035320,2020-12-05 03:53:20,2020-12-05 12:00:00,ev_C,C,5,
20201205035330,2020-12-05 03:53:30,2020-12-05 12:00:00,ev_C,C,14,
20201205035340,2020-12-05 03:53:40,2020-12-05 12:00:00,ev_C,C,4,
20201205035350,2020-12-05 03:53:50,2020-12-05 12:00:00,ev_C,C,21,
20201205035400,2020-12-05 03:54:00,2020-12-05 12:00:00,ev_K,K,4,
20201205035410,2020-12-05 03:54:10,2020-12-05 12:00:00,ev_C,C,6,
20201205035420,2020-12-05 03:54:20,2020-12-05 12:00:00,ev_C,C,14,
20201205035430,2020-12-05 03:54:30,2020-12-05 12:00:00,ev_N,K,1,
20201205035440,2020-12-05 03:54:40,2020-12-05 12:00:00,ev_C,C,1,
20201205035450,2020-12-05 03:54:50,2020-12-05 12:00:00,ev_C,C,6,
20201205035500,2020-12-05 03:55:00,2020-12-05 12:00:00,ev_C,C,24,
20201205035510,2020-12-05 03:55:10,2020-12-05 12:00:00,ev_C,C,14,
20201205035520,2020-12-05 03:55:20,2020-12-05 12:00:00,ev_C,C,6,
20201205035530,2020-12-05 03:55:30,2020-12-05 12:00:00,ev_C,C,22,
20201205035540,2020-12-05 03:55:40,2020-12-05 12:00:00,ev_C,C,22,
20201205035550,2020-12-05 03:55:50,2020-12-05 12:00:00,ev_K,K,1,
20201205035600,2020-12-05 03:56:00,2020-12-05 12:00:00,ev_C,C,12,
20201205035610,2020-12-05 03:56:10,2020-12-05 12:00:00,ev_C,C,13,
20201205035620,2020-12-05 03:56:20,2020-12-05 12:00:00,ev_C,C,22,
20201205035630,2020-12-05 03:56:30,2020-12-05 12:00:00,ev_C,C,13,
20201205035640,2020-12-05 03:56:40,2020-12-05 12:00:00,ev_N,K,3,
20201205035650,2020-12-05 03:56:50,2020-12-05 12:00:00,ev_N,K,3,
20201205035700,2020-12-05 03:57:00,2020-12-05 12:00:00,ev_C,C,10,
20201205035710,2020-12-05 03:57:10,2020-12-05 12:00:00,ev_C,C,11,
20201205035720,2020-12-05 03:57:20,2020-12-05 12:00:00,ev_K,K,5,
20201205035730,2020-12-05 03:57:30,2020-12-05 12:00:00,ev_C,C,7,
20201205035740,2020-12-05 03:57:40,2020-12-05 12:00:00,ev_C,C,22,
20201205035750,2020-12-05 03:57:50,2020-12-05 12:00:00,ev_C,C,10,
20201205035800,2020-12-05 03:58:00,2020-12-05 12:00:00,ev_C,C,3,
20201205035810,2020-12-05 03:58:10,2020-12-05 12:00:00,ev_K,K,3,
20201205035820,2020-12-05 03:58:20,2020-12-05 12:00:00,ev_K,K,1,
20201205035830,2020-12-05 03:58:30,2020-12-05 12:00:00,ev_C,C,9,
20201205035840,2020-12-05 03:58:40,2020-12-05 12:00:00,ev_N,K,3,
20201205035850,2020-12-05 03:58:50,2020-12-05 12:00:00,ev_C,C,9,
20201205035900,2020-12-05 03:59:00,2020-12-05 12:00:00,ev_C,C,24,
20201205035910,2020-12-05 03:59:10,2020-12-05 12:00:00,ev_C,C,5,
20201205035920,2020-12-05 03:59:20,2020-12-05 12:00:00,ev_C,C,3,
20201205035930,2020-12-05 03:59:30,2020-12-05 12:00:00,ev_C,C,13,
20201205035940,2020-12-05 03:59:40,2020-12-05 12:00:00,ev_C,C,12,
20201205035950,2020-12-05 03:59:50,2020-12-05 12:00:00,ev_C,C,2,
20201205040000,2020-12-05 04:00:00,2020-12-05 12:00:00,ev_C,C,1,
20201205040010,2020-12-05 04:00:10,2020-12-05 12:00:00,ev_C,C,12,
20201205040020,2020-12-05 04:00:20,2020-12-05 12:00:00,ev_N,K,2,
20201205040030,2020-12-05 04:00:30,2020-12-05 12:00:00,ev_C,C,2,
20201205040040,2020-12-05 04:00:40,2020-12-05 12:00:00,ev_K,K,3,
20201205040050,2020-12-05 04:00:50,2020-12-05 12:00:00,ev_C,C,11,
20201205040100,2020-12-05 04:01:00,2020-12-05 12:00:00,ev_K,K,2,
20201205040110,2020-12-05 04:01:10,2020-12-05 12:00:00,ev_C,C,13,
20201205040120,2020-12-05 04:01:20,2020-12-05 12:00:00,ev_K,K,3,
20201205040130,2020-12-05 04:01:30,2020-12-05 12:00:00,ev_C,C,23,
20201205040140,2020-12-05 04:01:40,2020-12-05 12:00:00,ev_C,C,24,
20201205040150,2020-12-05 04:01:50,2020-12-05 12:00:00,ev_C,C,13,
20201205040200,2020-12-05 04:02:00,2020-12-05 12:00:00,ev_K,K,5,
20201205040210,2020-12-05 04:02:10,2020-12-05 12:00:00,ev_K,K,3,
20201205040220,2020-12-05 04:02:20,2020-12-05 12:00:00,ev_C,C,25,
20201205040230,2020-12-05 04:02:30,2020-12-05 12:00:00,ev_C,C,24,
20201205040240,2020-12-05 04:02:40,2020-12-05 12:00:00,ev_C,C,10,
20201205040250,2020-12-05 04:02:50,2020-12-05 12:00:00,ev_C,C,14,
20201205040300,2020-12-05 04:03:00,2020-12-05 12:00:00,ev_C,C,4,
20201205040310,2020-12-05 04:03:10,2020-12-05 12:00:00,ev_K,K,1,
20201205040320,2020-12-05 04:03:20,2020-12-05 12:00:00,ev_C,C,21,
20201205040330,2020-12-05 04:03:30,2020-12-05 12:00:00,ev_C,C,14,
20201205040340,2020-12-05 04:03:40,2020-12-05 12:00:00,ev_N,K,3,
20201205040350,2020-12-05 04:03:50,2020-12-05 12:00:00,ev_C,C,23,
20201205040400,2020-12-05 04:04:00,2020-12-05 12:00:00,ev_C,C,25,
20201205040410,2020-12-05 04:04:10,2020-12-05 12:00:00,ev_C,C,9,
20201205040420,2020-12-05 04:04:20,2020-12-05 12:00:00,ev_K,K,3,
20201205040430,2020-12-05 04:04:30,2020-12-05 12:00:00,ev_C,C,7,
20201205040440,2020-12-05 04:04:40,2020-12-05 12:00:00,ev_K,K,2,
20201205040450,2020-12-05 04:04:50,2020-12-05 12:00:00,ev_C,C,22,
20201205040500,2020-12-05 04:05:00,2020-12-05 12:00:00,ev_C,C,25,
20201205040510,2020-12-05 04:05:10,2020-12-05 12:00:00,ev_C,C,1,
20201205040520,2020-12-05 04:05:20,2020-12-05 12:00:00,ev_N,K,2,
20201205040530,2020-12-05 04:05:30,2020-12-05 12:00:00,ev_N,K,4,
20201205040540,2020-12-05 04:05:40,2020-12-05 12:00:00,ev_K,K,3,
20201205040550,2020-12-05 04:05:50,2020-12-05 12:00:00,ev_N,K,1,
20201205040600,2020-12-05 04:06:00,2020-12-05 12:00:00,ev_C,C,6,
20201205040610,2020-12-05 04:06:10,2020-12-05 12:00:00,ev_C,C,4,
20201205040620,2020-12-05 04:06:20,2020-12-05 12:00:00,ev_C,C,2,
20201205040630,2020-12-05 04:06:30,2020-12-05 12:00:00,ev_C,C,8,
20201205040640,2020-12-05 04:06:40,2020-12-05 12:00:00,ev_C,C,11,
20201205040650,2020-12-05 04:06:50,2020-12-05 12:00:00,ev_C,C,12,
20201205040700,2020-12-05 04:07:00,2020-12-05 12:00:00,ev_C,C,9,
20201205040710,2020-12-05 04:07:10,2020-12-05 12:00:00,ev_C,C,24,
20201205040720,2020-12-05 04:07:20,2020-12-05 12:00:00,ev_C,C,13,
20201205040730,2020-12-05 04:07:30,2020-12-05 12:00:00,ev_K,K,3,
20201205040740,2020-12-05 04:07:40,2020-12-05 12:00:00,ev_C,C,9,
20201205040750,2020-12-05 04:07:50,2020-12-05 12:00:00,ev_C,C,11,
20201205040800,2020-12-05 04:08:00,2020-12-05 12:00:00,ev_C,C,2,
20201205040810,2020-12-05 04:08:10,2020-12-05 12:00:00,ev_K,K,4,
20201205040820,2020-12-05 04:08:20,2020-12-05 12:00:00,ev_C,C,9,
20201205040830,2020-12-05 04:08:30,2020-12-05 12:00:00,ev_C,C,12,
20201205040840,2020-12-05 04:08:40,2020-12-05 12:00:00,ev_C,C,5,
20201205040850,2020-12-05 04:08:50,2020-12-05 12:00:00,ev_C,C,14,
20201205040900,2020-12-05 04:09:00,2020-12-05 12:00:00,ev_C,C,11,
20201205040910,2020-12-05 04:09:10,2020-12-05 12:00:00,ev_K,K,2,
20201205040920,2020-12-05 04:09:20,2020-12-05 12:00:00,ev_K,K,5,
20201205040930,2020-12-05 04:09:30,2020-12-05 12:00:00,ev_C,C,24,
20201205040940,2020-12-05 04:09:40,2020-12-05 12:00:00,ev_C,C,12,
20201205040950,2020-12-05 04:09:50,2020-12-05 12:00:00,ev_K,K,1,
20201205041000,2020-12-05 04:10:00,2020-12-05 12:00:00,ev_C,C,8,
20201205041010,2020-12-05 04:10:10,2020-12-05 12:00:00,ev_K,K,1,
20201205041020,2020-12-05 04:10:20,2020-12-05 12:00:00,ev_C,C,21,
20201205041030,2020-12-05 04:10:30,2020-12-05 12:00:00,ev_C,C,25,
20201205041040,2020-12-05 04:10:40,2020-12-05 12:00:00,ev_C,C,8,
20201205041050,2020-12-05 04:10:50,2020-12-05 12:00:00,ev_C,C,23,
20201205041100,2020-12-05 04:11:00,2020-12-05 12:00:00,ev_C,C,1,
20201205041110,2020-12-05 04:11:10,2020-12-05 12:00:00,ev_C,C,23,
20201205041120,2020-12-05 04:11:20,2020-12-05 12:00:00,ev_C,C,14,
20201205041130,2020-12-05 04:11:30,2020-12-05 12:00:00,ev_C,C,1,
20201205041140,2020-12-05 04:11:40,2020-12-05 12:00:00,ev_K,K,3,
20201205041150,2020-12-05 04:11:50,2020-12-05 12:00:00,ev_C,C,24,
20201205041200,2020-12-05 04:12:00,2020-12-05 12:00:00,ev_C,C,6,
20201205041210,2020-12-05 04:12:10,2020-12-05 12:00:00,ev_C,C,12,
20201205041220,2020-12-05 04:12:20,2020-12-05 12:00:00,ev_C,C,12,
20201205041230,2020-12-05 04:12:30,2020-12-05 12:00:00,ev_K,K,2,
20201205041240,2020-12-05 04:12:40,2020-12-05 12:00:00,ev_K,K,1,
20201205041250,2020-12-05 04:12:50,2020-12-05 12:00:00,ev_C,C,8,
20201205041300,2020-12-05 04:13:00,2020-12-05 12:00:00,ev_C,C,2,
20201205041310,2020-12-05 04:13:10,2020-12-05 12:00:00,ev_C,C,8,
20201205041320,2020-12-05 04:13:20,2020-12-05 12:00:00,ev_C,C,12,
20201205041330,2020-12-05 04:13:30,2020-12-05 12:00:00,ev_C,C,3,
20201205041340,2020-12-05 04:13:40,2020-12-05 12:00:00,ev_C,C,2,
20201205041350,2020-12-05 04:13:50,2020-12-05 12:00:00,ev_C,C,1,
20201205041400,2020-12-05 04:14:00,2020-12-05 12:00:00,ev_C,C,8,
20201205041410,2020-12-05 04:14:10,2020-12-05 12:00:00,ev_C,C,14,
20201205041420,2020-12-05 04:14:20,2020-12-05 12:00:00,ev_K,K,3,
20201205041430,2020-12-05 04:14:30,2020-12-05 12:00:00,ev_C,C,1,
20201205041440,2020-12-05 04:14:40,2020-12-05 12:00:00,ev_C,C,12,
20201205041450,2020-12-05 04:14:50,2020-12-05 12:00:00,ev_C,C,9,
20201205041500,2020-12-05 04:15:00,2020-12-05 12:00:00,ev_C,C,25,
20201205041510,2020-12-05 04:15:10,2020-12-05 12:00:00,ev_C,C,23,
20201205041520,2020-12-05 04:15:20,2020-12-05 12:00:00,ev_C,C,1,
20201205041530,2020-12-05 04:15:30,2020-12-05 12:00:00,ev_K,K,2,
20201205041540,2020-12-05 04:15:40,2020-12-05 12:00:00,ev_C,C,22,
20201205041550,2020-12-05 04:15:50,2020-12-05 12:00:00,ev_C,C,12,
20201205041600,2020-12-05 04:16:00,2020-12-05 12:00:00,ev_C,C,9,
20201205041610,2020-12-05 04:16:10,2020-12-05 12:00:00,ev_K,K,2,
20201205041620,2020-12-05 04:16:20,2020-12-05 12:00:00,ev_K,K,2,
20201205041630,2020-12-05 04:16:30,2020-12-05 12:00:00,ev_C,C,1,
20201205041640,2020-12-05 04:16:40,2020-12-05 12:00:00,ev_C,C,2,
20201205041650,2020-12-05 04:16:50,2020-12-05 12:00:00,ev_C,C,11,
20201205041700,2020-12-05 04:17:00,2020-12-05 12:00:00,ev_C,C,24,
20201205041710,2020-12-05 04:17:10,2020-12-05 12:00:00,ev_C,C,7,
20201205041720,2020-12-05 04:17:20,2020-12-05 12:00:00,ev_C,C,23,
20201205041730,2020-12-05 04:17:30,2020-12-05 12:00:00,ev_K,K,2,
20201205041740,2020-12-05 04:17:40,2020-12-05 12:00:00,ev_C,C,9,
20201205041750,2020-12-05 04:17:50,2020-12-05 12:00:00,ev_C,C,23,
20201205041800,2020-12-05 04:18:00,2020-12-05 12:00:00,ev_C,C,4,
20201205041810,2020-12-05 04:18:10,2020-12-05 12:00:00,ev_C,C,24,
20201205041820,2020-12-05 04:18:20,2020-12-05 12:00:00,ev_C,C,6,
20201205041830,2020-12-05 04:18:30,2020-12-05 12:00:00,ev_C,C,23,
20201205041840,2020-12-05 04:18:40,2020-12-05 12:00:00,ev_C,C,13,
20201205041850,2020-12-05 04:18:50,2020-12-05 12:00:00,ev_C,C,3,
20201205041900,2020-12-05 04:19:00,2020-12-05 12:00:00,ev_C,C,1,
20201205041910,2020-12-05 04:19:10,2020-12-05 12:00:00,ev_C,C,10,
20201205041920,2020-12-05 04:19:20,2020-12-05 12:00:00,ev_K,K,2,
20201205041930,2020-12-05 04:19:30,2020-12-05 12:00:00,ev_C,C,25,
20201205041940,2020-12-05 04:19:40,2020-12-05 12:00:00,ev_C,C,12,
20201205041950,2020-12-05 04:19:50,2020-12-05 12:00:00,ev_C,C,6,
20201205042000,2020-12-05 04:20:00,2020-12-05 12:00:00,ev_C,C,3,
20201205042010,2020-12-05 04:20:10,2020-12-05 12:00:00,ev_C,C,5,
20201205042020,2020-12-05 04:20:20,2020-12-05 12:00:00,ev_C,C,21,
20201205042030,2020-12-05 04:20:30,2020-12-05 12:00:00,ev_C,C,8,
20201205042040,2020-12-05 04:20:40,2020-12-05 12:00:00,ev_C,C,9,
20201205042050,2020-12-05 04:20:50,2020-12-05 12:00:00,ev_C,C,7,
20201205042100,2020-12-05 04:21:00,2020-12-05 12:00:00,ev_C,C,11,
20201205042110,2020-12-05 04:21:10,2020-12-05 12:00:00,ev_C,C,1,
20201205042120,2020-12-05 04:21:20,2020-12-05 12:00:00,ev_C,C,12,
20201205042130,2020-12-05 04:21:30,2020-12-05 12:00:00,ev_C,C,5,
20201205042140,2020-12-05 04:21:40,2020-12-05 12:00:00,ev_C,C,11,
20201205042150,2020-12-05 04:21:50,2020-12-05 12:00:00,ev_C,C,13,
20201205042200,2020-12-05 04:22:00,2020-12-05 12:00:00,ev_C,C,7,
20201205042210,2020-12-05 04:22:10,2020-12-05 12:00:00,ev_C,C,25,
20201205042220,2020-12-05 04:22:20,2020-12-05 12:00:00,ev_C,C,12,
20201205042230,2020-12-05 04:22:30,2020-12-05 12:00:00,ev_C,C,24,
20201205042240,2020-12-05 04:22:40,2020-12-05 12:00:00,ev_C,C,15,
20201205042250,2020-12-05 04:22:50,2020-12-05 12:00:00,ev_C,C,8,
20201205042300,2020-12-05 04:23:00,2020-12-05 12:00:00,ev_K,K,2,
20201205042310,2020-12-05 04:23:10,2020-12-05 12:00:00,ev_C,C,4,
20201205042320,2020-12-05 04:23:20,2020-12-05 12:00:00,ev_C,C,14,
20201205042330,2020-12-05 04:23:30,2020-12-05 12:00:00,ev_C,C,23,
20201205042340,2020-12-05 04:23:40,2020-12-05 12:00:00,ev_N,K,5,
20201205042350,2020-12-05 04:23:50,2020-12-05 12:00:00,ev_C,C,2,
20201205042400,2020-12-05 04:24:00,2020-12-05 12:00:00,ev_C,C,14,
20201205042410,2020-12-05 04:24:10,2020-12-05 12:00:00,ev_K,K,2,
20201205042420,2020-12-05 04:24:20,2020-12-05 12:00:00,ev_K,K,5,
20201205042430,2020-12-05 04:24:30,2020-12-05 12:00:00,ev_C,C,2,
20201205042440,2020-12-05 04:24:40,2020-12-05 12:00:00,ev_C,C,15,
20201205042450,2020-12-05 04:24:50,2020-12-05 12:00:00,ev_C,C,11,
20201205042500,2020-12-05 04:25:00,2020-12-05 12:00:00,ev_K,K,1,
20201205042510,2020-12-05 04:25:10,2020-12-05 12:00:00,ev_K,K,3,
20201205042520,2020-12-05 04:25:20,2020-12-05 12:00:00,ev_C,C,8,
20201205042530,2020-12-05 04:25:30,2020-12-05 12:00:00,ev_C,C,11,
20201205042540,2020-12-05 04:25:40,2020-12-05 12:00:00,ev_C,C,9,
20201205042550,2020-12-05 04:25:50,2020-12-05 12:00:00,ev_K,K,5,
20201205042600,2020-12-05 04:26:00,2020-12-05 12:00:00,ev_C,C,12,
20201205042610,2020-12-05 04:26:10,2020-12-05 12:00:00,ev_C,C,11,
20201205042620,2020-12-05 04:26:20,2020-12-05 12:00:00,ev_K,K,2,
20201205042630,2020-12-05 04:26:30,2020-12-05 12:00:00,ev_N,K,5,
20201205042640,2020-12-05 04:26:40,2020-12-05 12:00:00,ev_C,C,21,
20201205042650,2020-12-05 04:26:50,2020-12-05 12:00:00,ev_C,C,24,
20201205042700,2020-12-05 04:27:00,2020-12-05 12:00:00,ev_C,C,6,
20201205042710,2020-12-05 04:27:10,2020-12-05 12:00:00,ev_C,C,1,
20201205042720,2020-12-05 04:27:20,2020-12-05 12:00:00,ev_C,C,8,
20201205042730,2020-12-05 04:27:30,2020-12-05 12:00:00,ev_C,C,21,
20201205042740,2020-12-05 04:27:40,2020-12-05 12:00:00,ev_C,C,5,
20201205042750,2020-12-05 04:27:50,2020-12-05 12:00:00,ev_C,C,15,
20201205042800,2020-12-05 04:28:00,2020-12-05 12:00:00,ev_K,K,3,
20201205042810,2020-12-05 04:28:10,2020-12-05 12:00:00,ev_C,C,22,
20201205042820,2020-12-05 04:28:20,2020-12-05 12:00:00,ev_C,C,7,
20201205042830,2020-12-05 04:28:30,2020-12-05 12:00:00,ev_K,K,3,
20201205042840,2020-12-05 04:28:40,2020-12-05 12:00:00,ev_C,C,3,
20201205042850,2020-12-05 04:28:50,2020-12-05 12:00:00,ev_C,C,3,
20201205042900,2020-12-05 04:29:00,2020-12-05 12:00:00,ev_N,K,4,
20201205042910,2020-12-05 04:29:10,2020-12-05 12:00:00,ev_C,C,4,
20201205042920,2020-12-05 04:29:20,2020-12-05 12:00:00,ev_C,C,1,
20201205042930,2020-12-05 04:29:30,2020-12-05 12:00:00,ev_C,C,6,
20201205042940,2020-12-05 04:29:40,2020-12-05 12:00:00,ev_N,K,1,
20201205042950,2020-12-05 04:29:50,2020-12-05 12:00:00,ev_C,C,3,
20201205043000,2020-12-05 04:30:00,2020-12-05 12:00:00,ev_K,K,3,
20201205043010,2020-12-05 04:30:10,2020-12-05 12:00:00,ev_C,C,7,
20201205043020,2020-12-05 04:30:20,2020-12-05 12:00:00,ev_C,C,4,
20201205043030,2020-12-05 04:30:30,2020-12-05 12:00:00,ev_C,C,21,
20201205043040,2020-12-05 04:30:40,2020-12-05 12:00:00,ev_C,C,24,
20201205043050,2020-12-05 04:30:50,2020-12-05 12:00:00,ev_C,C,21,
20201205043100,2020-12-05 04:31:00,2020-12-05 12:00:00,ev_C,C,12,
20201205043110,2020-12-05 04:31:10,2020-12-05 12:00:00,ev_K,K,3,
20201205043120,2020-12-05 04:31:20,2020-12-05 12:00:00,ev_C,C,8,
20201205043130,2020-12-05 04:31:30,2020-12-05 12:00:00,ev_C,C,1,
20201205043140,2020-12-05 04:31:40,2020-12-05 12:00:00,ev_N,K,2,
20201205043150,2020-12-05 04:31:50,2020-12-05 12:00:00,ev_N,K,2,
20201205043200,2020-12-05 04:32:00,2020-12-05 12:00:00,ev_K,K,1,
20201205043210,2020-12-05 04:32:10,2020-12-05 12:00:00,ev_K,K,4,
20201205043220,2020-12-05 04:32:20,2020-12-05 12:00:00,ev_K,K,5,
20201205043230,2020-12-05 04:32:30,2020-12-05 12:00:00,ev_C,C,8,
20201205043240,2020-12-05 04:32:40,2020-12-05 12:00:00,ev_K,K,1,
20201205043250,2020-12-05 04:32:50,2020-12-05 12:00:00,ev_C,C,7,
20201205043300,2020-12-05 04:33:00,2020-12-05 12:00:00,ev_C,C,2,
20201205043310,2020-12-05 04:33:10,2020-12-05 12:00:00,ev_C,C,11,
20201205043320,2020-12-05 04:33:20,2020-12-05 12:00:00,ev_C,C,2,
20201205043330,2020-12-05 04:33:30,2020-12-05 12:00:00,ev_K,K,1,
20201205043340,2020-12-05 04:33:40,2020-12-05 12:00:00,ev_C,C,14,
20201205043350,2020-12-05 04:33:50,2020-12-05 12:00:00,ev_C,C,21,
20201205043400,2020-12-05 04:34:00,2020-12-05 12:00:00,ev_K,K,1,
20201205043410,2020-12-05 04:34:10,2020-12-05 12:00:00,ev_N,K,2,
20201205043420,2020-12-05 04:34:20,2020-12-05 12:00:00,ev_C,C,6,
20201205043430,2020-12-05 04:34:30,2020-12-05 12:00:00,ev_N,K,2,
20201205043440,2020-12-05 04:34:40,2020-12-05 12:00:00,ev_C,C,15,
20201205043450,2020-12-05 04:34:50,2020-12-05 12:00:00,ev_K,K,4,
20201205043500,2020-12-05 04:35:00,2020-12-05 12:00:00,ev_C,C,22,
20201205043510,2020-12-05 04:35:10,2020-12-05 12:00:00,ev_K,K,3,
20201205043520,2020-12-05 04:35:20,2020-12-05 12:00:00,ev_K,K,3,
20201205043530,2020-12-05 04:35:30,2020-12-05 12:00:00,ev_K,K,2,
20201205043540,2020-12-05 04:35:40,2020-12-05 12:00:00,ev_C,C,9,
20201205043550,2020-12-05 04:35:50,2020-12-05 12:00:00,ev_C,C,9,
20201205043600,2020-12-05 04:36:00,2020-12-05 12:00:00,ev_C,C,6,
20201205043610,2020-12-05 04:36:10,2020-12-05 12:00:00,ev_K,K,2,
20201205043620,2020-12-05 04:36:20,2020-12-05 12:00:00,ev_C,C,10,
20201205043630,2020-12-05 04:36:30,2020-12-05 12:00:00,ev_C,C,1,
20201205043640,2020-12-05 04:36:40,2020-12-05 12:00:00,ev_C,C,8,
20201205043650,2020-12-05 04:36:50,2020-12-05 12:00:00,ev_K,K,2,
20201205043700,2020-12-05 04:37:00,2020-12-05 12:00:00,ev_C,C,11,
20201205043710,2020-12-05 04:37:10,2020-12-05 12:00:00,ev_C,C,5,
20201205043720,2020-12-05 04:37:20,2020-12-05 12:00:00,ev_C,C,2,
20201205043730,2020-12-05 04:37:30,2020-12-05 12:00:00,ev_N,K,3,
20201205043740,2020-12-05 04:37:40,2020-12-05 12:00:00,ev_C,C,7,
20201205043750,2020-12-05 04:37:50,2020-12-05 12:00:00,ev_C,C,11,
20201205043800,2020-12-05 04:38:00,2020-12-05 12:00:00,ev_C,C,22,
20201205043810,2020-12-05 04:38:10,2020-12-05 12:00:00,ev_K,K,1,
20201205043820,2020-12-05 04:38:20,2020-12-05 12:00:00,ev_C,C,9,
20201205043830,2020-12-05 04:38:30,2020-12-05 12:00:00,ev_C,C,13,
20201205043840,2020-12-05 04:38:40,2020-12-05 12:00:00,ev_C,C,24,
20201205043850,2020-12-05 04:38:50,2020-12-05 12:00:00,ev_C,C,25,
20201205043900,2020-12-05 04:39:00,2020-12-05 12:00:00,ev_C,C,9,
20201205043910,2020-12-05 04:39:10,2020-12-05 12:00:00,ev_C,C,1,
20201205043920,2020-12-05 04:39:20,2020-12-05 12:00:00,ev_C,C,23,
20201205043930,2020-12-05 04:39:30,2020-12-05 12:00:00,ev_C,C,15,
20201205043940,2020-12-05 04:39:40,2020-12-05 12:00:00,ev_C,C,13,
20201205043950,2020-12-05 04:39:50,2020-12-05 12:00:00,ev_C,C,25,
20201205044000,2020-12-05 04:40:00,2020-12-05 12:00:00,ev_C,C,8,
20201205044010,2020-12-05 04:40:10,2020-12-05 12:00:00,ev_C,C,23,
20201205044020,2020-12-05 04:40:20,2020-12-05 12:00:00,ev_C,C,22,
20201205044030,2020-12-05 04:40:30,2020-12-05 12:00:00,ev_C,C,2,
20201205044040,2020-12-05 04:40:40,2020-12-05 12:00:00,ev_C,C,2,
20201205044050,2020-12-05 04:40:50,2020-12-05 12:00:00,ev_C,C,23,
20201205044100,2020-12-05 04:41:00,2020-12-05 12:00:00,ev_C,C,8,
20201205044110,2020-12-05 04:41:10,2020-12-05 12:00:00,ev_K,K,4,
20201205044120,2020-12-05 04:41:20,2020-12-05 12:00:00,ev_C,C,12,
20201205044130,2020-12-05 04:41:30,2020-12-05 12:00:00,ev_C,C,10,
20201205044140,2020-12-05 04:41:40,2020-12-05 12:00:00,ev_N,K,3,
20201205044150,2020-12-05 04:41:50,2020-12-05 12:00:00,ev_C,C,13,
20201205044200,2020-12-05 04:42:00,2020-12-05 12:00:00,ev_N,K,5,
20201205044210,2020-12-05 04:42:10,2020-12-05 12:00:00,ev_C,C,13,
20201205044220,2020-12-05 04:42:20,2020-12-05 12:00:00,ev_C,C,7,
20201205044230,2020-12-05 04:42:30,2020-12-05 12:00:00,ev_N,K,5,
20201205044240,2020-12-05 04:42:40,2020-12-05 12:00:00,ev_C,C,15,
20201205044250,2020-12-05 04:42:50,2020-12-05 12:00:00,ev_C,C,12,
20201205044300,2020-12-05 04:43:00,2020-12-05 12:00:00,ev_C,C,6,
20201205044310,2020-12-05 04:43:10,2020-12-05 12:00:00,ev_C,C,1,
20201205044320,2020-12-05 04:43:20,2020-12-05 12:00:00,ev_K,K,4,
20201205044330,2020-12-05 04:43:30,2020-12-05 12:00:00,ev_C,C,22,
20201205044340,2020-12-05 04:43:40,2020-12-05 12:00:00,ev_C,C,15,
20201205044350,2020-12-05 04:43:50,2020-12-05 12:00:00,ev_C,C,8,
20201205044400,2020-12-05 04:44:00,2020-12-05 12:00:00,ev_K,K,5,
20201205044410,2020-12-05 04:44:10,2020-12-05 12:00:00,ev_N,K,4,
20201205044420,2020-12-05 04:44:20,2020-12-05 12:00:00,ev_C,C,2,
20201205044430,2020-12-05 04:44:30,2020-12-05 12:00:00,ev_C,C,24,
20201205044440,2020-12-05 04:44:40,2020-12-05 12:00:00,ev_C,C,4,
20201205044450,2020-12-05 04:44:50,2020-12-05 12:00:00,ev_C,C,3,
20201205044500,2020-12-05 04:45:00,2020-12-05 12:00:00,ev_C,C,24,
20201205044510,2020-12-05 04:45:10,2020-12-05 12:00:00,ev_C,C,9,
20201205044520,2020-12-05 04:45:20,2020-12-05 12:00:00,ev_K,K,4,
20201205044530,2020-12-05 04:45:30,2020-12-05 12:00:00,ev_N,K,3,
20201205044540,2020-12-05 04:45:40,2020-12-05 12:00:00,ev_C,C,7,
20201205044550,2020-12-05 04:45:50,2020-12-05 12:00:00,ev_C,C,7,
20201205044600,2020-12-05 04:46:00,2020-12-05 12:00:00,ev_C,C,15,
20201205044610,2020-12-05 04:46:10,2020-12-05 12:00:00,ev_C,C,24,
20201205044620,2020-12-05 04:46:20,2020-12-05 12:00:00,ev_K,K,1,
20201205044630,2020-12-05 04:46:30,2020-12-05 12:00:00,ev_C,C,6,
20201205044640,2020-12-05 04:46:40,2020-12-05 12:00:00,ev_C,C,10,
20201205044650,2020-12-05 04:46:50,2020-12-05 12:00:00,ev_K,K,2,
20201205044700,2020-12-05 04:47:00,2020-12-05 12:00:00,ev_C,C,23,
20201205044710,2020-12-05 04:47:10,2020-12-05 12:00:00,ev_C,C,15,
20201205044720,2020-12-05 04:47:20,2020-12-05 12:00:00,ev_C,C,11,
20201205044730,2020-12-05 04:47:30,2020-12-05 12:00:00,ev_C,C,14,
20201205044740,2020-12-05 04:47:40,2020-12-05 12:00:00,ev_C,C,25,
20201205044750,2020-12-05 04:47:50,2020-12-05 12:00:00,ev_C,C,2,
20201205044800,2020-12-05 04:48:00,2020-12-05 12:00:00,ev_K,K,5,
20201205044810,2020-12-05 04:48:10,2020-12-05 12:00:00,ev_C,C,23,
20201205044820,2020-12-05 04:48:20,2020-12-05 12:00:00,ev_K,K,3,
20201205044830,2020-12-05 04:48:30,2020-12-05 12:00:00,ev_C,C,23,
20201205044840,2020-12-05 04:48:40,2020-12-05 12:00:00,ev_K,K,4,
20201205044850,2020-12-05 04:48:50,2020-12-05 12:00:00,ev_C,C,9,
20201205044900,2020-12-05 04:49:00,2020-12-05 12:00:00,ev_C,C,6,
20201205044910,2020-12-05 04:49:10,2020-12-05 12:00:00,ev_K,K,1,
20201205044920,2020-12-05 04:49:20,2020-12-05 12:00:00,ev_C,C,11,
20201205044930,2020-12-05 04:49:30,2020-12-05 12:00:00,ev_C,C,7,
20201205044940,2020-12-05 04:49:40,2020-12-05 12:00:00,ev_C,C,3,
20201205044950,2020-12-05 04:49:50,2020-12-05 12:00:00,ev_C,C,11,
20201205045000,2020-12-05 04:50:00,2020-12-05 12:00:00,ev_C,C,22,
20201205045010,2020-12-05 04:50:10,2020-12-05 12:00:00,ev_C,C,1,
20201205045020,2020-12-05 04:50:20,2020-12-05 12:00:00,ev_C,C,22,
20201205045030,2020-12-05 04:50:30,2020-12-05 12:00:00,ev_K,K,1,
20201205045040,2020-12-05 04:50:40,2020-12-05 12:00:00,ev_C,C,21,
20201205045050,2020-12-05 04:50:50,2020-12-05 12:00:00,ev_C,C,22,
20201205045100,2020-12-05 04:51:00,2020-12-05 12:00:00,ev_C,C,4,
20201205045110,2020-12-05 04:51:10,2020-12-05 12:00:00,ev_C,C,1,
20201205045120,2020-12-05 04:51:20,2020-12-05 12:00:00,ev_C,C,12,
20201205045130,2020-12-05 04:51:30,2020-12-05 12:00:00,ev_C,C,1,
20201205045140,2020-12-05 04:51:40,2020-12-05 12:00:00,ev_C,C,10,
20201205045150,2020-12-05 04:51:50,2020-12-05 12:00:00,ev_K,K,2,
20201205045200,2020-12-05 04:52:00,2020-12-05 12:00:00,ev_C,C,8,
20201205045210,2020-12-05 04:52:10,2020-12-05 12:00:00,ev_C,C,24,
20201205045220,2020-12-05 04:52:20,2020-12-05 12:00:00,ev_C,C,14,
20201205045230,2020-12-05 04:52:30,2020-12-05 12:00:00,ev_C,C,21,
20201205045240,2020-12-05 04:52:40,2020-12-05 12:00:00,ev_K,K,4,
20201205045250,2020-12-05 04:52:50,2020-12-05 12:00:00,ev_C,C,21,
20201205045300,2020-12-05 04:53:00,2020-12-05 12:00:00,ev_K,K,2,
20201205045310,2020-12-05 04:53:10,2020-12-05 12:00:00,ev_C,C,24,
20201205045320,2020-12-05 04:53:20,2020-12-05 12:00:00,ev_K,K,4,
20201205045330,2020-12-05 04:53:30,2020-12-05 12:00:00,ev_C,C,12,
20201205045340,2020-12-05 04:53:40,2020-12-05 12:00:00,ev_C,C,22,
20201205045350,2020-12-05 04:53:50,2020-12-05 12:00:00,ev_C,C,5,
20201205045400,2020-12-05 04:54:00,2020-12-05 12:00:00,ev_C,C,25,
20201205045410,2020-12-05 04:54:10,2020-12-05 12:00:00,ev_C,C,11,
20201205045420,2020-12-05 04:54:20,2020-12-05 12:00:00,ev_K,K,2,
20201205045430,2020-12-05 04:54:30,2020-12-05 12:00:00,ev_K,K,1,
20201205045440,2020-12-05 04:54:40,2020-12-05 12:00:00,ev_C,C,23,
20201205045450,2020-12-05 04:54:50,2020-12-05 12:00:00,ev_C,C,14,
20201205045500,2020-12-05 04:55:00,2020-12-05 12:00:00,ev_C,C,21,
20201205045510,2020-12-05 04:55:10,2020-12-05 12:00:00,ev_C,C,4,
20201205045520,2020-12-05 04:55:20,2020-12-05 12:00:00,ev_C,C,3,
20201205045530,2020-12-05 04:55:30,2020-12-05 12:00:00,ev_C,C,23,
20201205045540,2020-12-05 04:55:40,2020-12-05 12:00:00,ev_C,C,8,
20201205045550,2020-12-05 04:55:50,2020-12-05 12:00:00,ev_C,C,10,
20201205045600,2020-12-05 04:56:00,2020-12-05 12:00:00,ev_C,C,3,
20201205045610,2020-12-05 04:56:10,2020-12-05 12:00:00,ev_C,C,8,
20201205045620,2020-12-05 04:56:20,2020-12-05 12:00:00,ev_K,K,4,
20201205045630,2020-12-05 04:56:30,2020-12-05 12:00:00,ev_C,C,24,
20201205045640,2020-12-05 04:56:40,2020-12-05 12:00:00,ev_C,C,21,
20201205045650,2020-12-05 04:56:50,2020-12-05 12:00:00,ev_C,C,3,
20201205045700,2020-12-05 04:57:00,2020-12-05 12:00:00,ev_C,C,8,
20201205045710,2020-12-05 04:57:10,2020-12-05 12:00:00,ev_N,K,2,
20201205045720,2020-12-05 04:57:20,2020-12-05 12:00:00,ev_C,C,9,
20201205045730,2020-12-05 04:57:30,2020-12-05 12:00:00,ev_C,C,21,
20201205045740,2020-12-05 04:57:40,2020-12-05 12:00:00,ev_K,K,4,
20201205045750,2020-12-05 04:57:50,2020-12-05 12:00:00,ev_K,K,1,
20201205045800,2020-12-05 04:58:00,2020-12-05 12:00:00,ev_K,K,3,
20201205045810,2020-12-05 04:58:10,2020-12-05 12:00:00,ev_K,K,1,
20201205045820,2020-12-05 04:58:20,2020-12-05 12:00:00,ev_C,C,12,
20201205045830,2020-12-05 04:58:30,2020-12-05 12:00:00,ev_C,C,12,
20201205045840,2020-12-05 04:58:40,2020-12-05 12:00:00,ev_C,C,5,
20201205045850,2020-12-05 04:58:50,2020-12-05 12:00:00,ev_C,C,23,
20201205045900,2020-12-05 04:59:00,2020-12-05 12:00:00,ev_C,C,8,
20201205045910,2020-12-05 04:59:10,2020-12-05 12:00:00,ev_C,C,6,
20201205045920,2020-12-05 04:59:20,2020-12-05 12:00:00,ev_C,C,1,
20201205045930,2020-12-05 04:59:30,2020-12-05 12:00:00,ev_C,C,15,
20201205045940,2020-12-05 04:59:40,2020-12-05 12:00:00,ev_N,K,4,
20201205045950,2020-12-05 04:59:50,2020-12-05 12:00:00,ev_C,C,2,
20201205050000,2020-12-05 05:00:00,2020-12-05 12:00:00,ev_C,C,7,
20201205050010,2020-12-05 05:00:10,2020-12-05 12:00:00,ev_C,C,5,
20201205050020,2020-12-05 05:00:20,2020-12-05 12:00:00,ev_N,K,2,
20201205050030,2020-12-05 05:00:30,2020-12-05 12:00:00,ev_C,C,10,
20201205050040,2020-12-05 05:00:40,2020-12-05 12:00:00,ev_C,C,23,
20201205050050,2020-12-05 05:00:50,2020-12-05 12:00:00,ev_N,K,4,
20201205050100,2020-12-05 05:01:00,2020-12-05 12:00:00,ev_C,C,6,
20201205050110,2020-12-05 05:01:10,2020-12-05 12:00:00,ev_C,C,23,
20201205050120,2020-12-05 05:01:20,2020-12-05 12:00:00,ev_K,K,1,
20201205050130,2020-12-05 05:01:30,2020-12-05 12:00:00,ev_C,C,14,
20201205050140,2020-12-05 05:01:40,2020-12-05 12:00:00,ev_K,K,1,
20201205050150,2020-12-05 05:01:50,2020-12-05 12:00:00,ev_K,K,2,
20201205050200,2020-12-05 05:02:00,2020-12-05 12:00:00,ev_K,K,3,
20201205050210,2020-12-05 05:02:10,2020-12-05 12:00:00,ev_C,C,24,
20201205050220,2020-12-05 05:02:20,2020-12-05 12:00:00,ev_C,C,3,
20201205050230,2020-12-05 05:02:30,2020-12-05 12:00:00,ev_C,C,5,
20201205050240,2020-12-05 05:02:40,2020-12-05 12:00:00,ev_K,K,2,
20201205050250,2020-12-05 05:02:50,2020-12-05 12:00:00,ev_C,C,23,
20201205050300,2020-12-05 05:03:00,2020-12-05 12:00:00,ev_C,C,6,
20201205050310,2020-12-05 05:03:10,2020-12-05 12:00:00,ev_C,C,4,
20201205050320,2020-12-05 05:03:20,2020-12-05 12:00:00,ev_C,C,6,
20201205050330,2020-12-05 05:03:30,2020-12-05 12:00:00,ev_C,C,5,
20201205050340,2020-12-05 05:03:40,2020-12-05 12:00:00,ev_K,K,4,
20201205050350,2020-12-05 05:03:50,2020-12-05 12:00:00,ev_C,C,11,
20201205050400,2020-12-05 05:04:00,2020-12-05 12:00:00,ev_C,C,1,
20201205050410,2020-12-05 05:04:10,2020-12-05 12:00:00,ev_K,K,5,
20201205050420,2020-12-05 05:04:20,2020-12-05 12:00:00,ev_C,C,5,
20201205050430,2020-12-05 05:04:30,2020-12-05 12:00:00,ev_C,C,21,
20201205050440,2020-12-05 05:04:40,2020-12-05 12:00:00,ev_C,C,21,
20201205050450,2020-12-05 05:04:50,2020-12-05 12:00:00,ev_C,C,2,
20201205050500,2020-12-05 05:05:00,2020-12-05 12:00:00,ev_K,K,3,
20201205050510,2020-12-05 05:05:10,2020-12-05 12:00:00,ev_C,C,11,
20201205050520,2020-12-05 05:05:20,2020-12-05 12:00:00,ev_C,C,13,
20201205050530,2020-12-05 05:05:30,2020-12-05 12:00:00,ev_C,C,6,
20201205050540,2020-12-05 05:05:40,2020-12-05 12:00:00,ev_N,K,1,
20201205050550,2020-12-05 05:05:50,2020-12-05 12:00:00,ev_C,C,22,
20201205050600,2020-12-05 05:06:00,2020-12-05 12:00:00,ev_C,C,25,
20201205050610,2020-12-05 05:06:10,2020-12-05 12:00:00,ev_C,C,14,
20201205050620,2020-12-05 05:06:20,2020-12-05 12:00:00,ev_C,C,10,
20201205050630,2020-12-05 05:06:30,2020-12-05 12:00:00,ev_C,C,22,
20201205050640,2020-12-05 05:06:40,2020-12-05 12:00:00,ev_K,K,2,
20201205050650,2020-12-05 05:06:50,2020-12-05 12:00:00,ev_N,K,3,
20201205050700,2020-12-05 05:07:00,2020-12-05 12:00:00,ev_N,K,1,
20201205050710,2020-12-05 05:07:10,2020-12-05 12:00:00,ev_C,C,15,
20201205050720,2020-12-05 05:07:20,2020-12-05 12:00:00,ev_C,C,22,
20201205050730,2020-12-05 05:07:30,2020-12-05 12:00:00,ev_C,C,22,
20201205050740,2020-12-05 05:07:40,2020-12-05 12:00:00,ev_C,C,1,
20201205050750,2020-12-05 05:07:50,2020-12-05 12:00:00,ev_C,C,23,
20201205050800,2020-12-05 05:08:00,2020-12-05 12:00:00,ev_C,C,3,
20201205050810,2020-12-05 05:08:10,2020-12-05 12:00:00,ev_C,C,2,
20201205050820,2020-12-05 05:08:20,2020-12-05 12:00:00,ev_C,C,25,
20201205050830,2020-12-05 05:08:30,2020-12-05 12:00:00,ev_N,K,5,
20201205050840,2020-12-05 05:08:40,2020-12-05 12:00:00,ev_N,K,3,
20201205050850,2020-12-05 05:08:50,2020-12-05 12:00:00,ev_C,C,10,
20201205050900,2020-12-05 05:09:00,2020-12-05 12:00:00,ev_C,C,10,
20201205050910,2020-12-05 05:09:10,2020-12-05 12:00:00,ev_C,C,10,
20201205050920,2020-12-05 05:09:20,2020-12-05 12:00:00,ev_C,C,15,
20201205050930,2020-12-05 05:09:30,2020-12-05 12:00:00,ev_C,C,1,
20201205050940,2020-12-05 05:09:40,2020-12-05 12:00:00,ev_C,C,22,
20201205050950,2020-12-05 05:09:50,2020-12-05 12:00:00,ev_C,C,8,
20201205051000,2020-12-05 05:10:00,2020-12-05 12:00:00,ev_C,C,1,
20201205051010,2020-12-05 05:10:10,2020-12-05 12:00:00,ev_N,K,5,
20201205051020,2020-12-05 05:10:20,2020-12-05 12:00:00,ev_C,C,5,
20201205051030,2020-12-05 05:10:30,2020-12-05 12:00:00,ev_C,C,23,
20201205051040,2020-12-05 05:10:40,2020-12-05 12:00:00,ev_C,C,9,
20201205051050,2020-12-05 05:10:50,2020-12-05 12:00:00,ev_C,C,10,
20201205051100,2020-12-05 05:11:00,2020-12-05 12:00:00,ev_K,K,5,
20201205051110,2020-12-05 05:11:10,2020-12-05 12:00:00,ev_C,C,25,
20201205051120,2020-12-05 05:11:20,2020-12-05 12:00:00,ev_C,C,10,
20201205051130,2020-12-05 05:11:30,2020-12-05 12:00:00,ev_C,C,4,
20201205051140,2020-12-05 05:11:40,2020-12-05 12:00:00,ev_C,C,11,
20201205051150,2020-12-05 05:11:50,2020-12-05 12:00:00,ev_K,K,5,
20201205051200,2020-12-05 05:12:00,2020-12-05 12:00:00,ev_C,C,21,
20201205051210,2020-12-05 05:12:10,2020-12-05 12:00:00,ev_C,C,8,
20201205051220,2020-12-05 05:12:20,2020-12-05 12:00:00,ev_C,C,10,
20201205051230,2020-12-05 05:12:30,2020-12-05 12:00:00,ev_K,K,2,
20201205051240,2020-12-05 05:12:40,2020-12-05 12:00:00,ev_C,C,4,
20201205051250,2020-12-05 05:12:50,2020-12-05 12:00:00,ev_C,C,24,
20201205051300,2020-12-05 05:13:00,2020-12-05 12:00:00,ev_C,C,4,
20201205051310,2020-12-05 05:13:10,2020-12-05 12:00:00,ev_C,C,22,
20201205051320,2020-12-05 05:13:20,2020-12-05 12:00:00,ev_C,C,6,
20201205051330,2020-12-05 05:13:30,2020-12-05 12:00:00,ev_C,C,1,
20201205051340,2020-12-05 05:13:40,2020-12-05 12:00:00,ev_C,C,8,
20201205051350,2020-12-05 05:13:50,2020-12-05 12:00:00,ev_K,K,3,
20201205051400,2020-12-05 05:14:00,2020-12-05 12:00:00,ev_N,K,1,
20201205051410,2020-12-05 05:14:10,2020-12-05 12:00:00,ev_C,C,22,
20201205051420,2020-12-05 05:14:20,2020-12-05 12:00:00,ev_C,C,7,
20201205051430,2020-12-05 05:14:30,2020-12-05 12:00:00,ev_C,C,24,
20201205051440,2020-12-05 05:14:40,2020-12-05 12:00:00,ev_C,C,23,
20201205051450,2020-12-05 05:14:50,2020-12-05 12:00:00,ev_N,K,1,
20201205051500,2020-12-05 05:15:00,2020-12-05 12:00:00,ev_C,C,1,
20201205051510,2020-12-05 05:15:10,2020-12-05 12:00:00,ev_C,C,12,
20201205051520,2020-12-05 05:15:20,2020-12-05 12:00:00,ev_C,C,13,
20201205051530,2020-12-05 05:15:30,2020-12-05 12:00:00,ev_C,C,11,
20201205051540,2020-12-05 05:15:40,2020-12-05 12:00:00,ev_K,K,4,
20201205051550,2020-12-05 05:15:50,2020-12-05 12:00:00,ev_K,K,1,
20201205051600,2020-12-05 05:16:00,2020-12-05 12:00:00,ev_K,K,1,
20201205051610,2020-12-05 05:16:10,2020-12-05 12:00:00,ev_C,C,11,
20201205051620,2020-12-05 05:16:20,2020-12-05 12:00:00,ev_C,C,14,
20201205051630,2020-12-05 05:16:30,2020-12-05 12:00:00,ev_C,C,4,
20201205051640,2020-12-05 05:16:40,2020-12-05 12:00:00,ev_C,C,13,
20201205051650,2020-12-05 05:16:50,2020-12-05 12:00:00,ev_C,C,15,
20201205051700,2020-12-05 05:17:00,2020-12-05 12:00:00,ev_K,K,3,
20201205051710,2020-12-05 05:17:10,2020-12-05 12:00:00,ev_K,K,5,
20201205051720,2020-12-05 05:17:20,2020-12-05 12:00:00,ev_C,C,3,
20201205051730,2020-12-05 05:17:30,2020-12-05 12:00:00,ev_C,C,10,
20201205051740,2020-12-05 05:17:40,2020-12-05 12:00:00,ev_C,C,3,
20201205051750,2020-12-05 05:17:50,2020-12-05 12:00:00,ev_C,C,8,
20201205051800,2020-12-05 05:18:00,2020-12-05 12:00:00,ev_K,K,1,
20201205051810,2020-12-05 05:18:10,2020-12-05 12:00:00,ev_C,C,21,
20201205051820,2020-12-05 05:18:20,2020-12-05 12:00:00,ev_C,C,14,
20201205051830,2020-12-05 05:18:30,2020-12-05 12:00:00,ev_C,C,10,
20201205051840,2020-12-05 05:18:40,2020-12-05 12:00:00,ev_N,K,4,
20201205051850,2020-12-05 05:18:50,2020-12-05 12:00:00,ev_C,C,13,
20201205051900,2020-12-05 05:19:00,2020-12-05 12:00:00,ev_C,C,5,
20201205051910,2020-12-05 05:19:10,2020-12-05 12:00:00,ev_C,C,21,
20201205051920,2020-12-05 05:19:20,2020-12-05 12:00:00,ev_C,C,13,
20201205051930,2020-12-05 05:19:30,2020-12-05 12:00:00,ev_C,C,21,
20201205051940,2020-12-05 05:19:40,2020-12-05 12:00:00,ev_C,C,23,
20201205051950,2020-12-05 05:19:50,2020-12-05 12:00:00,ev_C,C,14,
20201205052000,2020-12-05 05:20:00,2020-12-05 12:00:00,ev_K,K,1,
20201205052010,2020-12-05 05:20:10,2020-12-05 12:00:00,ev_C,C,23,
20201205052020,2020-12-05 05:20:20,2020-12-05 12:00:00,ev_K,K,1,
20201205052030,2020-12-05 05:20:30,2020-12-05 12:00:00,ev_C,C,10,
20201205052040,2020-12-05 05:20:40,2020-12-05 12:00:00,ev_N,K,4,
20201205052050,2020-12-05 05:20:50,2020-12-05 12:00:00,ev_C,C,2,
20201205052100,2020-12-05 05:21:00,2020-12-05 12:00:00,ev_C,C,15,
20201205052110,2020-12-05 05:21:10,2020-12-05 12:00:00,ev_C,C,10,
20201205052120,2020-12-05 05:21:20,2020-12-05 12:00:00,ev_C,C,21,
20201205052130,2020-12-05 05:21:30,2020-12-05 12:00:00,ev_N,K,1,
20201205052140,2020-12-05 05:21:40,2020-12-05 12:00:00,ev_K,K,5,
20201205052150,2020-12-05 05:21:50,2020-12-05 12:00:00,ev_C,C,21,
20201205052200,2020-12-05 05:22:00,2020-12-05 12:00:00,ev_C,C,6,
20201205052210,2020-12-05 05:22:10,2020-12-05 12:00:00,ev_C,C,23,
20201205052220,2020-12-05 05:22:20,2020-12-05 12:00:00,ev_C,C,5,
20201205052230,2020-12-05 05:22:30,2020-12-05 12:00:00,ev_C,C,13,
20201205052240,2020-12-05 05:22:40,2020-12-05 12:00:00,ev_K,K,4,
20201205052250,2020-12-05 05:22:50,2020-12-05 12:00:00,ev_C,C,1,
20201205052300,2020-12-05 05:23:00,2020-12-05 12:00:00,ev_N,K,4,
20201205052310,2020-12-05 05:23:10,2020-12-05 12:00:00,ev_C,C,10,
20201205052320,2020-12-05 05:23:20,2020-12-05 12:00:00,ev_K,K,4,
20201205052330,2020-12-05 05:23:30,2020-12-05 12:00:00,ev_K,K,4,
20201205052340,2020-12-05 05:23:40,2020-12-05 12:00:00,ev_C,C,12,
20201205052350,2020-12-05 05:23:50,2020-12-05 12:00:00,ev_K,K,2,
20201205052400,2020-12-05 05:24:00,2020-12-05 12:00:00,ev_C,C,22,
20201205052410,2020-12-05 05:24:10,2020-12-05 12:00:00,ev_C,C,4,
20201205052420,2020-12-05 05:24:20,2020-12-05 12:00:00,ev_C,C,13,
20201205052430,2020-12-05 05:24:30,2020-12-05 12:00:00,ev_C,C,11,
20201205052440,2020-12-05 05:24:40,2020-12-05 12:00:00,ev_C,C,5,
20201205052450,2020-12-05 05:24:50,2020-12-05 12:00:00,ev_C,C,3,
20201205052500,2020-12-05 05:25:00,2020-12-05 12:00:00,ev_C,C,5,
20201205052510,2020-12-05 05:25:10,2020-12-05 12:00:00,ev_K,K,3,
20201205052520,2020-12-05 05:25:20,2020-12-05 12:00:00,ev_C,C,7,
20201205052530,2020-12-05 05:25:30,2020-12-05 12:00:00,ev_K,K,5,
20201205052540,2020-12-05 05:25:40,2020-12-05 12:00:00,ev_C,C,3,
20201205052550,2020-12-05 05:25:50,2020-12-05 12:00:00,ev_N,K,1,
20201205052600,2020-12-05 05:26:00,2020-12-05 12:00:00,ev_C,C,25,
20201205052610,2020-12-05 05:26:10,2020-12-05 12:00:00,ev_C,C,23,
20201205052620,2020-12-05 05:26:20,2020-12-05 12:00:00,ev_C,C,21,
20201205052630,2020-12-05 05:26:30,2020-12-05 12:00:00,ev_C,C,24,
20201205052640,2020-12-05 05:26:40,2020-12-05 12:00:00,ev_K,K,2,
20201205052650,2020-12-05 05:26:50,2020-12-05 12:00:00,ev_C,C,13,
20201205052700,2020-12-05 05:27:00,2020-12-05 12:00:00,ev_K,K,3,
20201205052710,2020-12-05 05:27:10,2020-12-05 12:00:00,ev_N,K,2,
20201205052720,2020-12-05 05:27:20,2020-12-05 12:00:00,ev_C,C,25,
20201205052730,2020-12-05 05:27:30,2020-12-05 12:00:00,ev_C,C,14,
20201205052740,2020-12-05 05:27:40,2020-12-05 12:00:00,ev_C,C,24,
20201205052750,2020-12-05 05:27:50,2020-12-05 12:00:00,ev_C,C,8,
20201205052800,2020-12-05 05:28:00,2020-12-05 12:00:00,ev_K,K,5,
20201205052810,2020-12-05 05:28:10,2020-12-05 12:00:00,ev_C,C,24,
20201205052820,2020-12-05 05:28:20,2020-12-05 12:00:00,ev_C,C,23,
20201205052830,2020-12-05 05:28:30,2020-12-05 12:00:00,ev_K,K,2,
20201205052840,2020-12-05 05:28:40,2020-12-05 12:00:00,ev_C,C,25,
20201205052850,2020-12-05 05:28:50,2020-12-05 12:00:00,ev_C,C,25,
20201205052900,2020-12-05 05:29:00,2020-12-05 12:00:00,ev_C,C,12,
20201205052910,2020-12-05 05:29:10,2020-12-05 12:00:00,ev_K,K,5,
20201205052920,2020-12-05 05:29:20,2020-12-05 12:00:00,ev_C,C,3,
20201205052930,2020-12-05 05:29:30,2020-12-05 12:00:00,ev_C,C,5,
20201205052940,2020-12-05 05:29:40,2020-12-05 12:00:00,ev_C,C,6,
20201205052950,2020-12-05 05:29:50,2020-12-05 12:00:00,ev_C,C,5,
20201205053000,2020-12-05 05:30:00,2020-12-05 12:00:00,ev_C,C,2,
20201205053010,2020-12-05 05:30:10,2020-12-05 12:00:00,ev_C,C,14,
20201205053020,2020-12-05 05:30:20,2020-12-05 12:00:00,ev_C,C,6,
20201205053030,2020-12-05 05:30:30,2020-12-05 12:00:00,ev_C,C,6,
20201205053040,2020-12-05 05:30:40,2020-12-05 12:00:00,ev_C,C,25,
20201205053050,2020-12-05 05:30:50,2020-12-05 12:00:00,ev_N,K,4,
20201205053100,2020-12-05 05:31:00,2020-12-05 12:00:00,ev_C,C,5,
20201205053110,2020-12-05 05:31:10,2020-12-05 12:00:00,ev_K,K,4,
20201205053120,2020-12-05 05:31:20,2020-12-05 12:00:00,ev_C,C,6,
20201205053130,2020-12-05 05:31:30,2020-12-05 12:00:00,ev_C,C,7,
20201205053140,2020-12-05 05:31:40,2020-12-05 12:00:00,ev_C,C,13,
20201205053150,2020-12-05 05:31:50,2020-12-05 12:00:00,ev_N,K,4,
20201205053200,2020-12-05 05:32:00,2020-12-05 12:00:00,ev_C,C,15,
20201205053210,2020-12-05 05:32:10,2020-12-05 12:00:00,ev_C,C,23,
20201205053220,2020-12-05 05:32:20,2020-12-05 12:00:00,ev_C,C,10,
20201205053230,2020-12-05 05:32:30,2020-12-05 12:00:00,ev_C,C,13,
20201205053240,2020-12-05 05:32:40,2020-12-05 12:00:00,ev_C,C,13,
20201205053250,2020-12-05 05:32:50,2020-12-05 12:00:00,ev_C,C,23,
20201205053300,2020-12-05 05:33:00,2020-12-05 12:00:00,ev_K,K,3,
20201205053310,2020-12-05 05:33:10,2020-12-05 12:00:00,ev_C,C,13,
20201205053320,2020-12-05 05:33:20,2020-12-05 12:00:00,ev_C,C,24,
20201205053330,2020-12-05 05:33:30,2020-12-05 12:00:00,ev_C,C,1,
20201205053340,2020-12-05 05:33:40,2020-12-05 12:00:00,ev_C,C,10,
20201205053350,2020-12-05 05:33:50,2020-12-05 12:00:00,ev_C,C,1,
20201205053400,2020-12-05 05:34:00,2020-12-05 12:00:00,ev_C,C,3,
20201205053410,2020-12-05 05:34:10,2020-12-05 12:00:00,ev_C,C,1,
20201205053420,2020-12-05 05:34:20,2020-12-05 12:00:00,ev_K,K,2,
20201205053430,2020-12-05 05:34:30,2020-12-05 12:00:00,ev_C,C,25,
20201205053440,2020-12-05 05:34:40,2020-12-05 12:00:00,ev_C,C,23,
20201205053450,2020-12-05 05:34:50,2020-12-05 12:00:00,ev_C,C,5,
20201205053500,2020-12-05 05:35:00,2020-12-05 12:00:00,ev_C,C,23,
20201205053510,2020-12-05 05:35:10,2020-12-05 12:00:00,ev_C,C,22,
20201205053520,2020-12-05 05:35:20,2020-12-05 12:00:00,ev_C,C,4,
20201205053530,2020-12-05 05:35:30,2020-12-05 12:00:00,ev_C,C,7,
20201205053540,2020-12-05 05:35:40,2020-12-05 12:00:00,ev_C,C,13,
20201205053550,2020-12-05 05:35:50,2020-12-05 12:00:00,ev_C,C,23,
20201205053600,2020-12-05 05:36:00,2020-12-05 12:00:00,ev_C,C,24,
20201205053610,2020-12-05 05:36:10,2020-12-05 12:00:00,ev_K,K,3,
20201205053620,2020-12-05 05:36:20,2020-12-05 12:00:00,ev_K,K,3,
20201205053630,2020-12-05 05:36:30,2020-12-05 12:00:00,ev_K,K,2,
20201205053640,2020-12-05 05:36:40,2020-12-05 12:00:00,ev_N,K,5,
20201205053650,2020-12-05 05:36:50,2020-12-05 12:00:00,ev_K,K,5,
20201205053700,2020-12-05 05:37:00,2020-12-05 12:00:00,ev_C,C,23,
20201205053710,2020-12-05 05:37:10,2020-12-05 12:00:00,ev_K,K,2,
20201205053720,2020-12-05 05:37:20,2020-12-05 12:00:00,ev_C,C,11,
20201205053730,2020-12-05 05:37:30,2020-12-05 12:00:00,ev_C,C,21,
20201205053740,2020-12-05 05:37:40,2020-12-05 12:00:00,ev_C,C,7,
20201205053750,2020-12-05 05:37:50,2020-12-05 12:00:00,ev_C,C,7,
20201205053800,2020-12-05 05:38:00,2020-12-05 12:00:00,ev_C,C,1,
20201205053810,2020-12-05 05:38:10,2020-12-05 12:00:00,ev_C,C,15,
20201205053820,2020-12-05 05:38:20,2020-12-05 12:00:00,ev_K,K,4,
20201205053830,2020-12-05 05:38:30,2020-12-05 12:00:00,ev_C,C,24,
20201205053840,2020-12-05 05:38:40,2020-12-05 12:00:00,ev_C,C,6,
20201205053850,2020-12-05 05:38:50,2020-12-05 12:00:00,ev_C,C,22,
20201205053900,2020-12-05 05:39:00,2020-12-05 12:00:00,ev_C,C,21,
20201205053910,2020-12-05 05:39:10,2020-12-05 12:00:00,ev_C,C,25,
20201205053920,2020-12-05 05:39:20,2020-12-05 12:00:00,ev_C,C,12,
20201205053930,2020-12-05 05:39:30,2020-12-05 12:00:00,ev_C,C,7,
20201205053940,2020-12-05 05:39:40,2020-12-05 12:00:00,ev_K,K,1,
20201205053950,2020-12-05 05:39:50,2020-12-05 12:00:00,ev_N,K,5,
20201205054000,2020-12-05 05:40:00,2020-12-05 12:00:00,ev_C,C,8,
20201205054010,2020-12-05 05:40:10,2020-12-05 12:00:00,ev_C,C,12,
20201205054020,2020-12-05 05:40:20,2020-12-05 12:00:00,ev_C,C,21,
20201205054030,2020-12-05 05:40:30,2020-12-05 12:00:00,ev_N,K,2,
20201205054040,2020-12-05 05:40:40,2020-12-05 12:00:00,ev_C,C,12,
20201205054050,2020-12-05 05:40:50,2020-12-05 12:00:00,ev_C,C,13,
20201205054100,2020-12-05 05:41:00,2020-12-05 12:00:00,ev_C,C,23,
20201205054110,2020-12-05 05:41:10,2020-12-05 12:00:00,ev_C,C,1,
20201205054120,2020-12-05 05:41:20,2020-12-05 12:00:00,ev_C,C,2,
20201205054130,2020-12-05 05:41:30,2020-12-05 12:00:00,ev_N,K,2,
20201205054140,2020-12-05 05:41:40,2020-12-05 12:00:00,ev_C,C,10,
20201205054150,2020-12-05 05:41:50,2020-12-05 12:00:00,ev_K,K,1,
20201205054200,2020-12-05 05:42:00,2020-12-05 12:00:00,ev_C,C,6,
20201205054210,2020-12-05 05:42:10,2020-12-05 12:00:00,ev_C,C,1,
20201205054220,2020-12-05 05:42:20,2020-12-05 12:00:00,ev_N,K,1,
20201205054230,2020-12-05 05:42:30,2020-12-05 12:00:00,ev_K,K,3,
20201205054240,2020-12-05 05:42:40,2020-12-05 12:00:00,ev_C,C,24,
20201205054250,2020-12-05 05:42:50,2020-12-05 12:00:00,ev_K,K,3,
20201205054300,2020-12-05 05:43:00,2020-12-05 12:00:00,ev_N,K,2,
20201205054310,2020-12-05 05:43:10,2020-12-05 12:00:00,ev_C,C,6,
20201205054320,2020-12-05 05:43:20,2020-12-05 12:00:00,ev_C,C,14,
20201205054330,2020-12-05 05:43:30,2020-12-05 12:00:00,ev_C,C,15,
20201205054340,2020-12-05 05:43:40,2020-12-05 12:00:00,ev_C,C,14,
20201205054350,2020-12-05 05:43:50,2020-12-05 12:00:00,ev_K,K,4,
20201205054400,2020-12-05 05:44:00,2020-12-05 12:00:00,ev_N,K,5,
20201205054410,2020-12-05 05:44:10,2020-12-05 12:00:00,ev_N,K,2,
20201205054420,2020-12-05 05:44:20,2020-12-05 12:00:00,ev_C,C,2,
20201205054430,2020-12-05 05:44:30,2020-12-05 12:00:00,ev_C,C,4,
20201205054440,2020-12-05 05:44:40,2020-12-05 12:00:00,ev_C,C,10,
20201205054450,2020-12-05 05:44:50,2020-12-05 12:00:00,ev_C,C,4,
20201205054500,2020-12-05 05:45:00,2020-12-05 12:00:00,ev_C,C,13,
20201205054510,2020-12-05 05:45:10,2020-12-05 12:00:00,ev_C,C,11,
20201205054520,2020-12-05 05:45:20,2020-12-05 12:00:00,ev_C,C,3,
20201205054530,2020-12-05 05:45:30,2020-12-05 12:00:00,ev_K,K,3,
20201205054540,2020-12-05 05:45:40,2020-12-05 12:00:00,ev_C,C,25,
20201205054550,2020-12-05 05:45:50,2020-12-05 12:00:00,ev_C,C,8,
20201205054600,2020-12-05 05:46:00,2020-12-05 12:00:00,ev_C,C,5,
20201205054610,2020-12-05 05:46:10,2020-12-05 12:00:00,ev_C,C,24,
20201205054620,2020-12-05 05:46:20,2020-12-05 12:00:00,ev_K,K,1,
20201205054630,2020-12-05 05:46:30,2020-12-05 12:00:00,ev_C,C,9,
20201205054640,2020-12-05 05:46:40,2020-12-05 12:00:00,ev_C,C,6,
20201205054650,2020-12-05 05:46:50,2020-12-05 12:00:00,ev_C,C,6,
20201205054700,2020-12-05 05:47:00,2020-12-05 12:00:00,ev_C,C,11,
20201205054710,2020-12-05 05:47:10,2020-12-05 12:00:00,ev_C,C,4,
20201205054720,2020-12-05 05:47:20,2020-12-05 12:00:00,ev_C,C,11,
20201205054730,2020-12-05 05:47:30,2020-12-05 12:00:00,ev_K,K,4,
20201205054740,2020-12-05 05:47:40,2020-12-05 12:00:00,ev_C,C,23,
20201205054750,2020-12-05 05:47:50,2020-12-05 12:00:00,ev_C,C,7,
20201205054800,2020-12-05 05:48:00,2020-12-05 12:00:00,ev_C,C,21,
20201205054810,2020-12-05 05:48:10,2020-12-05 12:00:00,ev_K,K,3,
20201205054820,2020-12-05 05:48:20,2020-12-05 12:00:00,ev_C,C,11,
20201205054830,2020-12-05 05:48:30,2020-12-05 12:00:00,ev_C,C,1,
20201205054840,2020-12-05 05:48:40,2020-12-05 12:00:00,ev_C,C,21,
20201205054850,2020-12-05 05:48:50,2020-12-05 12:00:00,ev_C,C,2,
20201205054900,2020-12-05 05:49:00,2020-12-05 12:00:00,ev_C,C,22,
20201205054910,2020-12-05 05:49:10,2020-12-05 12:00:00,ev_C,C,23,
20201205054920,2020-12-05 05:49:20,2020-12-05 12:00:00,ev_C,C,21,
20201205054930,2020-12-05 05:49:30,2020-12-05 12:00:00,ev_K,K,2,
20201205054940,2020-12-05 05:49:40,2020-12-05 12:00:00,ev_C,C,5,
20201205054950,2020-12-05 05:49:50,2020-12-05 12:00:00,ev_C,C,25,
20201205055000,2020-12-05 05:50:00,2020-12-05 12:00:00,ev_N,K,2,
20201205055010,2020-12-05 05:50:10,2020-12-05 12:00:00,ev_K,K,3,
20201205055020,2020-12-05 05:50:20,2020-12-05 12:00:00,ev_C,C,21,
20201205055030,2020-12-05 05:50:30,2020-12-05 12:00:00,ev_C,C,25,
20201205055040,2020-12-05 05:50:40,2020-12-05 12:00:00,ev_N,K,5,
20201205055050,2020-12-05 05:50:50,2020-12-05 12:00:00,ev_C,C,11,
20201205055100,2020-12-05 05:51:00,2020-12-05 12:00:00,ev_K,K,2,
20201205055110,2020-12-05 05:51:10,2020-12-05 12:00:00,ev_C,C,1,
20201205055120,2020-12-05 05:51:20,2020-12-05 12:00:00,ev_C,C,9,
20201205055130,2020-12-05 05:51:30,2020-12-05 12:00:00,ev_C,C,10,
20201205055140,2020-12-05 05:51:40,2020-12-05 12:00:00,ev_C,C,15,
20201205055150,2020-12-05 05:51:50,2020-12-05 12:00:00,ev_C,C,24,
20201205055200,2020-12-05 05:52:00,2020-12-05 12:00:00,ev_C,C,15,
20201205055210,2020-12-05 05:52:10,2020-12-05 12:00:00,ev_C,C,6,
20201205055220,2020-12-05 05:52:20,2020-12-05 12:00:00,ev_C,C,2,
20201205055230,2020-12-05 05:52:30,2020-12-05 12:00:00,ev_C,C,5,
20201205055240,2020-12-05 05:52:40,2020-12-05 12:00:00,ev_C,C,14,
20201205055250,2020-12-05 05:52:50,2020-12-05 12:00:00,ev_K,K,4,
20201205055300,2020-12-05 05:53:00,2020-12-05 12:00:00,ev_N,K,4,
20201205055310,2020-12-05 05:53:10,2020-12-05 12:00:00,ev_N,K,4,
20201205055320,2020-12-05 05:53:20,2020-12-05 12:00:00,ev_C,C,2,
20201205055330,2020-12-05 05:53:30,2020-12-05 12:00:00,ev_C,C,25,
20201205055340,2020-12-05 05:53:40,2020-12-05 12:00:00,ev_N,K,5,
20201205055350,2020-12-05 05:53:50,2020-12-05 12:00:00,ev_C,C,5,
20201205055400,2020-12-05 05:54:00,2020-12-05 12:00:00,ev_C,C,8,
20201205055410,2020-12-05 05:54:10,2020-12-05 12:00:00,ev_C,C,14,
20201205055420,2020-12-05 05:54:20,2020-12-05 12:00:00,ev_K,K,1,
20201205055430,2020-12-05 05:54:30,2020-12-05 12:00:00,ev_K,K,3,
20201205055440,2020-12-05 05:54:40,2020-12-05 12:00:00,ev_C,C,21,
20201205055450,2020-12-05 05:54:50,2020-12-05 12:00:00,ev_C,C,3,
20201205055500,2020-12-05 05:55:00,2020-12-05 12:00:00,ev_C,C,8,
20201205055510,2020-12-05 05:55:10,2020-12-05 12:00:00,ev_C,C,8,
20201205055520,2020-12-05 05:55:20,2020-12-05 12:00:00,ev_N,K,1,
20201205055530,2020-12-05 05:55:30,2020-12-05 12:00:00,ev_C,C,25,
20201205055540,2020-12-05 05:55:40,2020-12-05 12:00:00,ev_C,C,9,
20201205055550,2020-12-05 05:55:50,2020-12-05 12:00:00,ev_C,C,5,
20201205055600,2020-12-05 05:56:00,2020-12-05 12:00:00,ev_C,C,12,
20201205055610,2020-12-05 05:56:10,2020-12-05 12:00:00,ev_C,C,4,
20201205055620,2020-12-05 05:56:20,2020-12-05 12:00:00,ev_C,C,25,
20201205055630,2020-12-05 05:56:30,2020-12-05 12:00:00,ev_K,K,2,
20201205055640,2020-12-05 05:56:40,2020-12-05 12:00:00,ev_C,C,11,
20201205055650,2020-12-05 05:56:50,2020-12-05 12:00:00,ev_K,K,4,
20201205055700,2020-12-05 05:57:00,2020-12-05 12:00:00,ev_C,C,2,
20201205055710,2020-12-05 05:57:10,2020-12-05 12:00:00,ev_K,K,3,
20201205055720,2020-12-05 05:57:20,2020-12-05 12:00:00,ev_C,C,14,
20201205055730,2020-12-05 05:57:30,2020-12-05 12:00:00,ev_K,K,2,
20201205055740,2020-12-05 05:57:40,2020-12-05 12:00:00,ev_C,C,13,
20201205055750,2020-12-05 05:57:50,2020-12-05 12:00:00,ev_C,C,22,
20201205055800,2020-12-05 05:58:00,2020-12-05 12:00:00,ev_C,C,6,
20201205055810,2020-12-05 05:58:10,2020-12-05 12:00:00,ev_C,C,5,
20201205055820,2020-12-05 05:58:20,2020-12-05 12:00:00,ev_C,C,14,
20201205055830,2020-12-05 05:58:30,2020-12-05 12:00:00,ev_C,C,12,
20201205055840,2020-12-05 05:58:40,2020-12-05 12:00:00,ev_C,C,15,
20201205055850,2020-12-05 05:58:50,2020-12-05 12:00:00,ev_C,C,14,
20201205055900,2020-12-05 05:59:00,2020-12-05 12:00:00,ev_C,C,14,
20201205055910,2020-12-05 05:59:10,2020-12-05 12:00:00,ev_C,C,13,
20201205055920,2020-12-05 05:59:20,2020-12-05 12:00:00,ev_C,C,22,
20201205055930,2020-12-05 05:59:30,2020-12-05 12:00:00,ev_C,C,8,
20201205055940,2020-12-05 05:59:40,2020-12-05 12:00:00,ev_K,K,5,
20201205055950,2020-12-05 05:59:50,2020-12-05 12:00:00,ev_C,C,7,
20201205060000,2020-12-05 06:00:00,2020-12-05 12:00:00,ev_C,C,9,
20201205060010,2020-12-05 06:00:10,2020-12-05 12:00:00,ev_K,K,2,
20201205060020,2020-12-05 06:00:20,2020-12-05 12:00:00,ev_C,C,9,
20201205060030,2020-12-05 06:00:30,2020-12-05 12:00:00,ev_K,K,4,
20201205060040,2020-12-05 06:00:40,2020-12-05 12:00:00,ev_C,C,22,
20201205060050,2020-12-05 06:00:50,2020-12-05 12:00:00,ev_C,C,2,
20201205060100,2020-12-05 06:01:00,2020-12-05 12:00:00,ev_C,C,1,
20201205060110,2020-12-05 06:01:10,2020-12-05 12:00:00,ev_N,K,1,
20201205060120,2020-12-05 06:01:20,2020-12-05 12:00:00,ev_C,C,9,
20201205060130,2020-12-05 06:01:30,2020-12-05 12:00:00,ev_C,C,10,
20201205060140,2020-12-05 06:01:40,2020-12-05 12:00:00,ev_C,C,11,
20201205060150,2020-12-05 06:01:50,2020-12-05 12:00:00,ev_K,K,2,
20201205060200,2020-12-05 06:02:00,2020-12-05 12:00:00,ev_K,K,2,
20201205060210,2020-12-05 06:02:10,2020-12-05 12:00:00,ev_C,C,7,
20201205060220,2020-12-05 06:02:20,2020-12-05 12:00:00,ev_C,C,7,
20201205060230,2020-12-05 06:02:30,2020-12-05 12:00:00,ev_C,C,12,
20201205060240,2020-12-05 06:02:40,2020-12-05 12:00:00,ev_C,C,3,
20201205060250,2020-12-05 06:02:50,2020-12-05 12:00:00,ev_C,C,3,
20201205060300,2020-12-05 06:03:00,2020-12-05 12:00:00,ev_C,C,11,
20201205060310,2020-12-05 06:03:10,2020-12-05 12:00:00,ev_K,K,2,
20201205060320,2020-12-05 06:03:20,2020-12-05 12:00:00,ev_C,C,23,
20201205060330,2020-12-05 06:03:30,2020-12-05 12:00:00,ev_K,K,3,
20201205060340,2020-12-05 06:03:40,2020-12-05 12:00:00,ev_C,C,14,
20201205060350,2020-12-05 06:03:50,2020-12-05 12:00:00,ev_N,K,4,
20201205060400,2020-12-05 06:04:00,2020-12-05 12:00:00,ev_C,C,14,
20201205060410,2020-12-05 06:04:10,2020-12-05 12:00:00,ev_C,C,23,
20201205060420,2020-12-05 06:04:20,2020-12-05 12:00:00,ev_C,C,7,
20201205060430,2020-12-05 06:04:30,2020-12-05 12:00:00,ev_C,C,21,
20201205060440,2020-12-05 06:04:40,2020-12-05 12:00:00,ev_C,C,4,
20201205060450,2020-12-05 06:04:50,2020-12-05 12:00:00,ev_C,C,2,
20201205060500,2020-12-05 06:05:00,2020-12-05 12:00:00,ev_C,C,10,
20201205060510,2020-12-05 06:05:10,2020-12-05 12:00:00,ev_C,C,10,
20201205060520,2020-12-05 06:05:20,2020-12-05 12:00:00,ev_C,C,22,
20201205060530,2020-12-05 06:05:30,2020-12-05 12:00:00,ev_C,C,25,
20201205060540,2020-12-05 06:05:40,2020-12-05 12:00:00,ev_C,C,3,
20201205060550,2020-12-05 06:05:50,2020-12-05 12:00:00,ev_C,C,11,
20201205060600,2020-12-05 06:06:00,2020-12-05 12:00:00,ev_N,K,5,
20201205060610,2020-12-05 06:06:10,2020-12-05 12:00:00,ev_C,C,13,
20201205060620,2020-12-05 06:06:20,2020-12-05 12:00:00,ev_C,C,1,
20201205060630,2020-12-05 06:06:30,2020-12-05 12:00:00,ev_C,C,22,
20201205060640,2020-12-05 06:06:40,2020-12-05 12:00:00,ev_C,C,3,
20201205060650,2020-12-05 06:06:50,2020-12-05 12:00:00,ev_K,K,2,
20201205060700,2020-12-05 06:07:00,2020-12-05 12:00:00,ev_C,C,12,
20201205060710,2020-12-05 06:07:10,2020-12-05 12:00:00,ev_C,C,5,
20201205060720,2020-12-05 06:07:20,2020-12-05 12:00:00,ev_K,K,2,
20201205060730,2020-12-05 06:07:30,2020-12-05 12:00:00,ev_C,C,12,
20201205060740,2020-12-05 06:07:40,2020-12-05 12:00:00,ev_C,C,25,
20201205060750,2020-12-05 06:07:50,2020-12-05 12:00:00,ev_C,C,25,
20201205060800,2020-12-05 06:08:00,2020-12-05 12:00:00,ev_C,C,22,
20201205060810,2020-12-05 06:08:10,2020-12-05 12:00:00,ev_C,C,5,
20201205060820,2020-12-05 06:08:20,2020-12-05 12:00:00,ev_C,C,6,
20201205060830,2020-12-05 06:08:30,2020-12-05 12:00:00,ev_C,C,9,
20201205060840,2020-12-05 06:08:40,2020-12-05 12:00:00,ev_C,C,22,
20201205060850,2020-12-05 06:08:50,2020-12-05 12:00:00,ev_C,C,4,
20201205060900,2020-12-05 06:09:00,2020-12-05 12:00:00,ev_K,K,2,
20201205060910,2020-12-05 06:09:10,2020-12-05 12:00:00,ev_C,C,25,
20201205060920,2020-12-05 06:09:20,2020-12-05 12:00:00,ev_C,C,23,
20201205060930,2020-12-05 06:09:30,2020-12-05 12:00:00,ev_K,K,1,
20201205060940,2020-12-05 06:09:40,2020-12-05 12:00:00,ev_C,C,3,
20201205060950,2020-12-05 06:09:50,2020-12-05 12:00:00,ev_C,C,23,
20201205061000,2020-12-05 06:10:00,2020-12-05 12:00:00,ev_K,K,5,
20201205061010,2020-12-05 06:10:10,2020-12-05 12:00:00,ev_C,C,1,
20201205061020,2020-12-05 06:10:20,2020-12-05 12:00:00,ev_C,C,9,
20201205061030,2020-12-05 06:10:30,2020-12-05 12:00:00,ev_K,K,2,
20201205061040,2020-12-05 06:10:40,2020-12-05 12:00:00,ev_N,K,2,
20201205061050,2020-12-05 06:10:50,2020-12-05 12:00:00,ev_C,C,9,
20201205061100,2020-12-05 06:11:00,2020-12-05 12:00:00,ev_C,C,12,
20201205061110,2020-12-05 06:11:10,2020-12-05 12:00:00,ev_C,C,13,
20201205061120,2020-12-05 06:11:20,2020-12-05 12:00:00,ev_C,C,9,
20201205061130,2020-12-05 06:11:30,2020-12-05 12:00:00,ev_C,C,8,
20201205061140,2020-12-05 06:11:40,2020-12-05 12:00:00,ev_C,C,4,
20201205061150,2020-12-05 06:11:50,2020-12-05 12:00:00,ev_C,C,23,
20201205061200,2020-12-05 06:12:00,2020-12-05 12:00:00,ev_C,C,12,
20201205061210,2020-12-05 06:12:10,2020-12-05 12:00:00,ev_C,C,12,
20201205061220,2020-12-05 06:12:20,2020-12-05 12:00:00,ev_K,K,3,
20201205061230,2020-12-05 06:12:30,2020-12-05 12:00:00,ev_C,C,11,
20201205061240,2020-12-05 06:12:40,2020-12-05 12:00:00,ev_C,C,10,
20201205061250,2020-12-05 06:12:50,2020-12-05 12:00:00,ev_C,C,8,
20201205061300,2020-12-05 06:13:00,2020-12-05 12:00:00,ev_C,C,10,
20201205061310,2020-12-05 06:13:10,2020-12-05 12:00:00,ev_C,C,10,
20201205061320,2020-12-05 06:13:20,2020-12-05 12:00:00,ev_K,K,4,
20201205061330,2020-12-05 06:13:30,2020-12-05 12:00:00,ev_C,C,13,
20201205061340,2020-12-05 06:13:40,2020-12-05 12:00:00,ev_C,C,21,
20201205061350,2020-12-05 06:13:50,2020-12-05 12:00:00,ev_C,C,3,
20201205061400,2020-12-05 06:14:00,2020-12-05 12:00:00,ev_C,C,7,
20201205061410,2020-12-05 06:14:10,2020-12-05 12:00:00,ev_C,C,1,
20201205061420,2020-12-05 06:14:20,2020-12-05 12:00:00,ev_C,C,23,
20201205061430,2020-12-05 06:14:30,2020-12-05 12:00:00,ev_K,K,5,
20201205061440,2020-12-05 06:14:40,2020-12-05 12:00:00,ev_C,C,10,
20201205061450,2020-12-05 06:14:50,2020-12-05 12:00:00,ev_N,K,4,
20201205061500,2020-12-05 06:15:00,2020-12-05 12:00:00,ev_C,C,10,
20201205061510,2020-12-05 06:15:10,2020-12-05 12:00:00,ev_C,C,23,
20201205061520,2020-12-05 06:15:20,2020-12-05 12:00:00,ev_C,C,8,
20201205061530,2020-12-05 06:15:30,2020-12-05 12:00:00,ev_K,K,3,
20201205061540,2020-12-05 06:15:40,2020-12-05 12:00:00,ev_N,K,3,
20201205061550,2020-12-05 06:15:50,2020-12-05 12:00:00,ev_C,C,23,
20201205061600,2020-12-05 06:16:00,2020-12-05 12:00:00,ev_C,C,1,
20201205061610,2020-12-05 06:16:10,2020-12-05 12:00:00,ev_K,K,5,
20201205061620,2020-12-05 06:16:20,2020-12-05 12:00:00,ev_C,C,25,
20201205061630,2020-12-05 06:16:30,2020-12-05 12:00:00,ev_K,K,1,
20201205061640,2020-12-05 06:16:40,2020-12-05 12:00:00,ev_K,K,2,
20201205061650,2020-12-05 06:16:50,2020-12-05 12:00:00,ev_C,C,12,
20201205061700,2020-12-05 06:17:00,2020-12-05 12:00:00,ev_C,C,12,
20201205061710,2020-12-05 06:17:10,2020-12-05 12:00:00,ev_K,K,4,
20201205061720,2020-12-05 06:17:20,2020-12-05 12:00:00,ev_N,K,1,
20201205061730,2020-12-05 06:17:30,2020-12-05 12:00:00,ev_K,K,3,
20201205061740,2020-12-05 06:17:40,2020-12-05 12:00:00,ev_C,C,25,
20201205061750,2020-12-05 06:17:50,2020-12-05 12:00:00,ev_C,C,23,
20201205061800,2020-12-05 06:18:00,2020-12-05 12:00:00,ev_C,C,10,
20201205061810,2020-12-05 06:18:10,2020-12-05 12:00:00,ev_C,C,10,
20201205061820,2020-12-05 06:18:20,2020-12-05 12:00:00,ev_C,C,13,
20201205061830,2020-12-05 06:18:30,2020-12-05 12:00:00,ev_C,C,4,
20201205061840,2020-12-05 06:18:40,2020-12-05 12:00:00,ev_C,C,21,
20201205061850,2020-12-05 06:18:50,2020-12-05 12:00:00,ev_N,K,2,
20201205061900,2020-12-05 06:19:00,2020-12-05 12:00:00,ev_K,K,1,
20201205061910,2020-12-05 06:19:10,2020-12-05 12:00:00,ev_K,K,3,
20201205061920,2020-12-05 06:19:20,2020-12-05 12:00:00,ev_K,K,2,
20201205061930,2020-12-05 06:19:30,2020-12-05 12:00:00,ev_K,K,4,
20201205061940,2020-12-05 06:19:40,2020-12-05 12:00:00,ev_C,C,5,
20201205061950,2020-12-05 06:19:50,2020-12-05 12:00:00,ev_C,C,1,
20201205062000,2020-12-05 06:20:00,2020-12-05 12:00:00,ev_K,K,4,
20201205062010,2020-12-05 06:20:10,2020-12-05 12:00:00,ev_C,C,3,
20201205062020,2020-12-05 06:20:20,2020-12-05 12:00:00,ev_C,C,23,
20201205062030,2020-12-05 06:20:30,2020-12-05 12:00:00,ev_C,C,15,
20201205062040,2020-12-05 06:20:40,2020-12-05 12:00:00,ev_C,C,1,
20201205062050,2020-12-05 06:20:50,2020-12-05 12:00:00,ev_C,C,15,
20201205062100,2020-12-05 06:21:00,2020-12-05 12:00:00,ev_C,C,14,
20201205062110,2020-12-05 06:21:10,2020-12-05 12:00:00,ev_C,C,24,
20201205062120,2020-12-05 06:21:20,2020-12-05 12:00:00,ev_K,K,1,
20201205062130,2020-12-05 06:21:30,2020-12-05 12:00:00,ev_C,C,23,
20201205062140,2020-12-05 06:21:40,2020-12-05 12:00:00,ev_C,C,5,
20201205062150,2020-12-05 06:21:50,2020-12-05 12:00:00,ev_C,C,11,
20201205062200,2020-12-05 06:22:00,2020-12-05 12:00:00,ev_K,K,4,
20201205062210,2020-12-05 06:22:10,2020-12-05 12:00:00,ev_K,K,3,
20201205062220,2020-12-05 06:22:20,2020-12-05 12:00:00,ev_K,K,3,
20201205062230,2020-12-05 06:22:30,2020-12-05 12:00:00,ev_K,K,4,
20201205062240,2020-12-05 06:22:40,2020-12-05 12:00:00,ev_C,C,12,
20201205062250,2020-12-05 06:22:50,2020-12-05 12:00:00,ev_C,C,25,
20201205062300,2020-12-05 06:23:00,2020-12-05 12:00:00,ev_K,K,4,
20201205062310,2020-12-05 06:23:10,2020-12-05 12:00:00,ev_K,K,4,
20201205062320,2020-12-05 06:23:20,2020-12-05 12:00:00,ev_K,K,1,
20201205062330,2020-12-05 06:23:30,2020-12-05 12:00:00,ev_C,C,23,
20201205062340,2020-12-05 06:23:40,2020-12-05 12:00:00,ev_C,C,13,
20201205062350,2020-12-05 06:23:50,2020-12-05 12:00:00,ev_C,C,22,
20201205062400,2020-12-05 06:24:00,2020-12-05 12:00:00,ev_C,C,24,
20201205062410,2020-12-05 06:24:10,2020-12-05 12:00:00,ev_C,C,10,
20201205062420,2020-12-05 06:24:20,2020-12-05 12:00:00,ev_C,C,11,
20201205062430,2020-12-05 06:24:30,2020-12-05 12:00:00,ev_K,K,4,
20201205062440,2020-12-05 06:24:40,2020-12-05 12:00:00,ev_C,C,15,
20201205062450,2020-12-05 06:24:50,2020-12-05 12:00:00,ev_C,C,1,
20201205062500,2020-12-05 06:25:00,2020-12-05 12:00:00,ev_K,K,1,
20201205062510,2020-12-05 06:25:10,2020-12-05 12:00:00,ev_C,C,2,
20201205062520,2020-12-05 06:25:20,2020-12-05 12:00:00,ev_C,C,25,
20201205062530,2020-12-05 06:25:30,2020-12-05 12:00:00,ev_C,C,2,
20201205062540,2020-12-05 06:25:40,2020-12-05 12:00:00,ev_C,C,23,
20201205062550,2020-12-05 06:25:50,2020-12-05 12:00:00,ev_C,C,9,
20201205062600,2020-12-05 06:26:00,2020-12-05 12:00:00,ev_C,C,10,
20201205062610,2020-12-05 06:26:10,2020-12-05 12:00:00,ev_C,C,10,
20201205062620,2020-12-05 06:26:20,2020-12-05 12:00:00,ev_C,C,13,
20201205062630,2020-12-05 06:26:30,2020-12-05 12:00:00,ev_C,C,6,
20201205062640,2020-12-05 06:26:40,2020-12-05 12:00:00,ev_C,C,5,
20201205062650,2020-12-05 06:26:50,2020-12-05 12:00:00,ev_K,K,3,
20201205062700,2020-12-05 06:27:00,2020-12-05 12:00:00,ev_C,C,21,
20201205062710,2020-12-05 06:27:10,2020-12-05 12:00:00,ev_C,C,1,
20201205062720,2020-12-05 06:27:20,2020-12-05 12:00:00,ev_C,C,22,
20201205062730,2020-12-05 06:27:30,2020-12-05 12:00:00,ev_C,C,2,
20201205062740,2020-12-05 06:27:40,2020-12-05 12:00:00,ev_C,C,12,
20201205062750,2020-12-05 06:27:50,2020-12-05 12:00:00,ev_C,C,8,
20201205062800,2020-12-05 06:28:00,2020-12-05 12:00:00,ev_C,C,14,
20201205062810,2020-12-05 06:28:10,2020-12-05 12:00:00,ev_C,C,21,
20201205062820,2020-12-05 06:28:20,2020-12-05 12:00:00,ev_C,C,14,
20201205062830,2020-12-05 06:28:30,2020-12-05 12:00:00,ev_K,K,4,
20201205062840,2020-12-05 06:28:40,2020-12-05 12:00:00,ev_C,C,9,
20201205062850,2020-12-05 06:28:50,2020-12-05 12:00:00,ev_C,C,25,
20201205062900,2020-12-05 06:29:00,2020-12-05 12:00:00,ev_C,C,15,
20201205062910,2020-12-05 06:29:10,2020-12-05 12:00:00,ev_C,C,14,
20201205062920,2020-12-05 06:29:20,2020-12-05 12:00:00,ev_C,C,6,
20201205062930,2020-12-05 06:29:30,2020-12-05 12:00:00,ev_C,C,8,
20201205062940,2020-12-05 06:29:40,2020-12-05 12:00:00,ev_C,C,4,
20201205062950,2020-12-05 06:29:50,2020-12-05 12:00:00,ev_C,C,5,
20201205063000,2020-12-05 06:30:00,2020-12-05 12:00:00,ev_C,C,12,
20201205063010,2020-12-05 06:30:10,2020-12-05 12:00:00,ev_K,K,3,
20201205063020,2020-12-05 06:30:20,2020-12-05 12:00:00,ev_C,C,5,
20201205063030,2020-12-05 06:30:30,2020-12-05 12:00:00,ev_K,K,5,
20201205063040,2020-12-05 06:30:40,2020-12-05 12:00:00,ev_C,C,6,
20201205063050,2020-12-05 06:30:50,2020-12-05 12:00:00,ev_K,K,4,
20201205063100,2020-12-05 06:31:00,2020-12-05 12:00:00,ev_K,K,3,
20201205063110,2020-12-05 06:31:10,2020-12-05 12:00:00,ev_K,K,2,
20201205063120,2020-12-05 06:31:20,2020-12-05 12:00:00,ev_C,C,12,
20201205063130,2020-12-05 06:31:30,2020-12-05 12:00:00,ev_C,C,15,
20201205063140,2020-12-05 06:31:40,2020-12-05 12:00:00,ev_C,C,14,
20201205063150,2020-12-05 06:31:50,2020-12-05 12:00:00,ev_C,C,7,
20201205063200,2020-12-05 06:32:00,2020-12-05 12:00:00,ev_C,C,4,
20201205063210,2020-12-05 06:32:10,2020-12-05 12:00:00,ev_C,C,12,
20201205063220,2020-12-05 06:32:20,2020-12-05 12:00:00,ev_C,C,1,
20201205063230,2020-12-05 06:32:30,2020-12-05 12:00:00,ev_C,C,22,
20201205063240,2020-12-05 06:32:40,2020-12-05 12:00:00,ev_C,C,3,
20201205063250,2020-12-05 06:32:50,2020-12-05 12:00:00,ev_C,C,9,
20201205063300,2020-12-05 06:33:00,2020-12-05 12:00:00,ev_C,C,25,
20201205063310,2020-12-05 06:33:10,2020-12-05 12:00:00,ev_N,K,4,
20201205063320,2020-12-05 06:33:20,2020-12-05 12:00:00,ev_C,C,15,
20201205063330,2020-12-05 06:33:30,2020-12-05 12:00:00,ev_K,K,4,
20201205063340,2020-12-05 06:33:40,2020-12-05 12:00:00,ev_C,C,21,
20201205063350,2020-12-05 06:33:50,2020-12-05 12:00:00,ev_C,C,15,
20201205063400,2020-12-05 06:34:00,2020-12-05 12:00:00,ev_N,K,5,
20201205063410,2020-12-05 06:34:10,2020-12-05 12:00:00,ev_C,C,21,
20201205063420,2020-12-05 06:34:20,2020-12-05 12:00:00,ev_C,C,7,
20201205063430,2020-12-05 06:34:30,2020-12-05 12:00:00,ev_C,C,14,
20201205063440,2020-12-05 06:34:40,2020-12-05 12:00:00,ev_C,C,1,
20201205063450,2020-12-05 06:34:50,2020-12-05 12:00:00,ev_C,C,10,
20201205063500,2020-12-05 06:35:00,2020-12-05 12:00:00,ev_C,C,2,
20201205063510,2020-12-05 06:35:10,2020-12-05 12:00:00,ev_C,C,24,
20201205063520,2020-12-05 06:35:20,2020-12-05 12:00:00,ev_C,C,11,
20201205063530,2020-12-05 06:35:30,2020-12-05 12:00:00,ev_C,C,10,
20201205063540,2020-12-05 06:35:40,2020-12-05 12:00:00,ev_C,C,5,
20201205063550,2020-12-05 06:35:50,2020-12-05 12:00:00,ev_C,C,12,
20201205063600,2020-12-05 06:36:00,2020-12-05 12:00:00,ev_C,C,4,
20201205063610,2020-12-05 06:36:10,2020-12-05 12:00:00,ev_K,K,4,
20201205063620,2020-12-05 06:36:20,2020-12-05 12:00:00,ev_C,C,5,
20201205063630,2020-12-05 06:36:30,2020-12-05 12:00:00,ev_N,K,3,
20201205063640,2020-12-05 06:36:40,2020-12-05 12:00:00,ev_K,K,5,
20201205063650,2020-12-05 06:36:50,2020-12-05 12:00:00,ev_C,C,23,
20201205063700,2020-12-05 06:37:00,2020-12-05 12:00:00,ev_C,C,21,
20201205063710,2020-12-05 06:37:10,2020-12-05 12:00:00,ev_C,C,7,
20201205063720,2020-12-05 06:37:20,2020-12-05 12:00:00,ev_N,K,4,
20201205063730,2020-12-05 06:37:30,2020-12-05 12:00:00,ev_K,K,1,
20201205063740,2020-12-05 06:37:40,2020-12-05 12:00:00,ev_C,C,6,
20201205063750,2020-12-05 06:37:50,2020-12-05 12:00:00,ev_C,C,12,
20201205063800,2020-12-05 06:38:00,2020-12-05 12:00:00,ev_C,C,14,
20201205063810,2020-12-05 06:38:10,2020-12-05 12:00:00,ev_C,C,5,
20201205063820,2020-12-05 06:38:20,2020-12-05 12:00:00,ev_K,K,2,
20201205063830,2020-12-05 06:38:30,2020-12-05 12:00:00,ev_C,C,9,
20201205063840,2020-12-05 06:38:40,2020-12-05 12:00:00,ev_C,C,21,
20201205063850,2020-12-05 06:38:50,2020-12-05 12:00:00,ev_C,C,1,
20201205063900,2020-12-05 06:39:00,2020-12-05 12:00:00,ev_C,C,15,
20201205063910,2020-12-05 06:39:10,2020-12-05 12:00:00,ev_C,C,5,
20201205063920,2020-12-05 06:39:20,2020-12-05 12:00:00,ev_C,C,2,
20201205063930,2020-12-05 06:39:30,2020-12-05 12:00:00,ev_C,C,9,
20201205063940,2020-12-05 06:39:40,2020-12-05 12:00:00,ev_K,K,3,
20201205063950,2020-12-05 06:39:50,2020-12-05 12:00:00,ev_C,C,12,
20201205064000,2020-12-05 06:40:00,2020-12-05 12:00:00,ev_C,C,1,
20201205064010,2020-12-05 06:40:10,2020-12-05 12:00:00,ev_C,C,15,
20201205064020,2020-12-05 06:40:20,2020-12-05 12:00:00,ev_C,C,4,
20201205064030,2020-12-05 06:40:30,2020-12-05 12:00:00,ev_C,C,11,
20201205064040,2020-12-05 06:40:40,2020-12-05 12:00:00,ev_C,C,25,
20201205064050,2020-12-05 06:40:50,2020-12-05 12:00:00,ev_K,K,2,
20201205064100,2020-12-05 06:41:00,2020-12-05 12:00:00,ev_C,C,21,
20201205064110,2020-12-05 06:41:10,2020-12-05 12:00:00,ev_C,C,11,
20201205064120,2020-12-05 06:41:20,2020-12-05 12:00:00,ev_C,C,21,
20201205064130,2020-12-05 06:41:30,2020-12-05 12:00:00,ev_K,K,2,
20201205064140,2020-12-05 06:41:40,2020-12-05 12:00:00,ev_C,C,14,
20201205064150,2020-12-05 06:41:50,2020-12-05 12:00:00,ev_N,K,2,
20201205064200,2020-12-05 06:42:00,2020-12-05 12:00:00,ev_C,C,14,
20201205064210,2020-12-05 06:42:10,2020-12-05 12:00:00,ev_C,C,12,
20201205064220,2020-12-05 06:42:20,2020-12-05 12:00:00,ev_C,C,10,
20201205064230,2020-12-05 06:42:30,2020-12-05 12:00:00,ev_C,C,10,
20201205064240,2020-12-05 06:42:40,2020-12-05 12:00:00,ev_C,C,25,
20201205064250,2020-12-05 06:42:50,2020-12-05 12:00:00,ev_N,K,2,
20201205064300,2020-12-05 06:43:00,2020-12-05 12:00:00,ev_K,K,3,
20201205064310,2020-12-05 06:43:10,2020-12-05 12:00:00,ev_K,K,2,
20201205064320,2020-12-05 06:43:20,2020-12-05 12:00:00,ev_C,C,4,
20201205064330,2020-12-05 06:43:30,2020-12-05 12:00:00,ev_C,C,14,
20201205064340,2020-12-05 06:43:40,2020-12-05 12:00:00,ev_C,C,7,
20201205064350,2020-12-05 06:43:50,2020-12-05 12:00:00,ev_C,C,9,
20201205064400,2020-12-05 06:44:00,2020-12-05 12:00:00,ev_C,C,2,
20201205064410,2020-12-05 06:44:10,2020-12-05 12:00:00,ev_C,C,2,
20201205064420,2020-12-05 06:44:20,2020-12-05 12:00:00,ev_C,C,7,
20201205064430,2020-12-05 06:44:30,2020-12-05 12:00:00,ev_C,C,9,
20201205064440,2020-12-05 06:44:40,2020-12-05 12:00:00,ev_K,K,1,
20201205064450,2020-12-05 06:44:50,2020-12-05 12:00:00,ev_K,K,4,
20201205064500,2020-12-05 06:45:00,2020-12-05 12:00:00,ev_C,C,11,
20201205064510,2020-12-05 06:45:10,2020-12-05 12:00:00,ev_C,C,4,
20201205064520,2020-12-05 06:45:20,2020-12-05 12:00:00,ev_C,C,24,
20201205064530,2020-12-05 06:45:30,2020-12-05 12:00:00,ev_C,C,13,
20201205064540,2020-12-05 06:45:40,2020-12-05 12:00:00,ev_K,K,3,
20201205064550,2020-12-05 06:45:50,2020-12-05 12:00:00,ev_C,C,11,
20201205064600,2020-12-05 06:46:00,2020-12-05 12:00:00,ev_C,C,24,
20201205064610,2020-12-05 06:46:10,2020-12-05 12:00:00,ev_C,C,23,
20201205064620,2020-12-05 06:46:20,2020-12-05 12:00:00,ev_C,C,24,
20201205064630,2020-12-05 06:46:30,2020-12-05 12:00:00,ev_C,C,1,
20201205064640,2020-12-05 06:46:40,2020-12-05 12:00:00,ev_C,C,3,
20201205064650,2020-12-05 06:46:50,2020-12-05 12:00:00,ev_K,K,4,
20201205064700,2020-12-05 06:47:00,2020-12-05 12:00:00,ev_K,K,2,
20201205064710,2020-12-05 06:47:10,2020-12-05 12:00:00,ev_K,K,3,
20201205064720,2020-12-05 06:47:20,2020-12-05 12:00:00,ev_C,C,15,
20201205064730,2020-12-05 06:47:30,2020-12-05 12:00:00,ev_K,K,2,
20201205064740,2020-12-05 06:47:40,2020-12-05 12:00:00,ev_C,C,25,
20201205064750,2020-12-05 06:47:50,2020-12-05 12:00:00,ev_C,C,5,
20201205064800,2020-12-05 06:48:00,2020-12-05 12:00:00,ev_C,C,23,
20201205064810,2020-12-05 06:48:10,2020-12-05 12:00:00,ev_K,K,3,
20201205064820,2020-12-05 06:48:20,2020-12-05 12:00:00,ev_K,K,5,
20201205064830,2020-12-05 06:48:30,2020-12-05 12:00:00,ev_C,C,10,
20201205064840,2020-12-05 06:48:40,2020-12-05 12:00:00,ev_C,C,10,
20201205064850,2020-12-05 06:48:50,2020-12-05 12:00:00,ev_C,C,25,
20201205064900,2020-12-05 06:49:00,2020-12-05 12:00:00,ev_C,C,15,
20201205064910,2020-12-05 06:49:10,2020-12-05 12:00:00,ev_C,C,22,
20201205064920,2020-12-05 06:49:20,2020-12-05 12:00:00,ev_C,C,11,
20201205064930,2020-12-05 06:49:30,2020-12-05 12:00:00,ev_C,C,15,
20201205064940,2020-12-05 06:49:40,2020-12-05 12:00:00,ev_C,C,1,
20201205064950,2020-12-05 06:49:50,2020-12-05 12:00:00,ev_C,C,14,
20201205065000,2020-12-05 06:50:00,2020-12-05 12:00:00,ev_C,C,21,
20201205065010,2020-12-05 06:50:10,2020-12-05 12:00:00,ev_C,C,4,
20201205065020,2020-12-05 06:50:20,2020-12-05 12:00:00,ev_C,C,21,
20201205065030,2020-12-05 06:50:30,2020-12-05 12:00:00,ev_C,C,10,
20201205065040,2020-12-05 06:50:40,2020-12-05 12:00:00,ev_C,C,14,
20201205065050,2020-12-05 06:50:50,2020-12-05 12:00:00,ev_C,C,24,
20201205065100,2020-12-05 06:51:00,2020-12-05 12:00:00,ev_C,C,13,
20201205065110,2020-12-05 06:51:10,2020-12-05 12:00:00,ev_K,K,3,
20201205065120,2020-12-05 06:51:20,2020-12-05 12:00:00,ev_K,K,3,
20201205065130,2020-12-05 06:51:30,2020-12-05 12:00:00,ev_K,K,5,
20201205065140,2020-12-05 06:51:40,2020-12-05 12:00:00,ev_C,C,23,
20201205065150,2020-12-05 06:51:50,2020-12-05 12:00:00,ev_C,C,8,
20201205065200,2020-12-05 06:52:00,2020-12-05 12:00:00,ev_C,C,4,
20201205065210,2020-12-05 06:52:10,2020-12-05 12:00:00,ev_C,C,7,
20201205065220,2020-12-05 06:52:20,2020-12-05 12:00:00,ev_C,C,2,
20201205065230,2020-12-05 06:52:30,2020-12-05 12:00:00,ev_C,C,14,
20201205065240,2020-12-05 06:52:40,2020-12-05 12:00:00,ev_C,C,22,
20201205065250,2020-12-05 06:52:50,2020-12-05 12:00:00,ev_C,C,3,
20201205065300,2020-12-05 06:53:00,2020-12-05 12:00:00,ev_K,K,3,
20201205065310,2020-12-05 06:53:10,2020-12-05 12:00:00,ev_K,K,2,
20201205065320,2020-12-05 06:53:20,2020-12-05 12:00:00,ev_C,C,10,
20201205065330,2020-12-05 06:53:30,2020-12-05 12:00:00,ev_C,C,13,
20201205065340,2020-12-05 06:53:40,2020-12-05 12:00:00,ev_C,C,5,
20201205065350,2020-12-05 06:53:50,2020-12-05 12:00:00,ev_C,C,7,
20201205065400,2020-12-05 06:54:00,2020-12-05 12:00:00,ev_C,C,3,
20201205065410,2020-12-05 06:54:10,2020-12-05 12:00:00,ev_C,C,3,
20201205065420,2020-12-05 06:54:20,2020-12-05 12:00:00,ev_C,C,9,
20201205065430,2020-12-05 06:54:30,2020-12-05 12:00:00,ev_K,K,3,
20201205065440,2020-12-05 06:54:40,2020-12-05 12:00:00,ev_N,K,2,
20201205065450,2020-12-05 06:54:50,2020-12-05 12:00:00,ev_C,C,8,
20201205065500,2020-12-05 06:55:00,2020-12-05 12:00:00,ev_K,K,1,
20201205065510,2020-12-05 06:55:10,2020-12-05 12:00:00,ev_K,K,1,
20201205065520,2020-12-05 06:55:20,2020-12-05 12:00:00,ev_K,K,3,
20201205065530,2020-12-05 06:55:30,2020-12-05 12:00:00,ev_C,C,13,
20201205065540,2020-12-05 06:55:40,2020-12-05 12:00:00,ev_N,K,5,
20201205065550,2020-12-05 06:55:50,2020-12-05 12:00:00,ev_C,C,24,
20201205065600,2020-12-05 06:56:00,2020-12-05 12:00:00,ev_C,C,25,
20201205065610,2020-12-05 06:56:10,2020-12-05 12:00:00,ev_C,C,14,
20201205065620,2020-12-05 06:56:20,2020-12-05 12:00:00,ev_C,C,15,
20201205065630,2020-12-05 06:56:30,2020-12-05 12:00:00,ev_C,C,10,
20201205065640,2020-12-05 06:56:40,2020-12-05 12:00:00,ev_K,K,1,
20201205065650,2020-12-05 06:56:50,2020-12-05 12:00:00,ev_C,C,5,
20201205065700,2020-12-05 06:57:00,2020-12-05 12:00:00,ev_C,C,22,
20201205065710,2020-12-05 06:57:10,2020-12-05 12:00:00,ev_K,K,4,
20201205065720,2020-12-05 06:57:20,2020-12-05 12:00:00,ev_C,C,1,
20201205065730,2020-12-05 06:57:30,2020-12-05 12:00:00,ev_C,C,13,
20201205065740,2020-12-05 06:57:40,2020-12-05 12:00:00,ev_C,C,8,
20201205065750,2020-12-05 06:57:50,2020-12-05 12:00:00,ev_N,K,3,
20201205065800,2020-12-05 06:58:00,2020-12-05 12:00:00,ev_C,C,13,
20201205065810,2020-12-05 06:58:10,2020-12-05 12:00:00,ev_C,C,5,
20201205065820,2020-12-05 06:58:20,2020-12-05 12:00:00,ev_K,K,3,
20201205065830,2020-12-05 06:58:30,2020-12-05 12:00:00,ev_C,C,4,
20201205065840,2020-12-05 06:58:40,2020-12-05 12:00:00,ev_N,K,2,
20201205065850,2020-12-05 06:58:50,2020-12-05 12:00:00,ev_C,C,21,
20201205065900,2020-12-05 06:59:00,2020-12-05 12:00:00,ev_C,C,14,
20201205065910,2020-12-05 06:59:10,2020-12-05 12:00:00,ev_C,C,1,
20201205065920,2020-12-05 06:59:20,2020-12-05 12:00:00,ev_K,K,5,
20201205065930,2020-12-05 06:59:30,2020-12-05 12:00:00,ev_C,C,25,
20201205065940,2020-12-05 06:59:40,2020-12-05 12:00:00,ev_C,C,21,
20201205065950,2020-12-05 06:59:50,2020-12-05 12:00:00,ev_C,C,12,
20201205070000,2020-12-05 07:00:00,2020-12-05 12:00:00,ev_C,C,11,
20201205070010,2020-12-05 07:00:10,2020-12-05 12:00:00,ev_C,C,7,
20201205070020,2020-12-05 07:00:20,2020-12-05 12:00:00,ev_C,C,5,
20201205070030,2020-12-05 07:00:30,2020-12-05 12:00:00,ev_N,K,5,
20201205070040,2020-12-05 07:00:40,2020-12-05 12:00:00,ev_C,C,21,
20201205070050,2020-12-05 07:00:50,2020-12-05 12:00:00,ev_N,K,3,
20201205070100,2020-12-05 07:01:00,2020-12-05 12:00:00,ev_C,C,1,
20201205070110,2020-12-05 07:01:10,2020-12-05 12:00:00,ev_C,C,21,
20201205070120,2020-12-05 07:01:20,2020-12-05 12:00:00,ev_C,C,5,
20201205070130,2020-12-05 07:01:30,2020-12-05 12:00:00,ev_C,C,11,
20201205070140,2020-12-05 07:01:40,2020-12-05 12:00:00,ev_C,C,13,
20201205070150,2020-12-05 07:01:50,2020-12-05 12:00:00,ev_C,C,7,
20201205070200,2020-12-05 07:02:00,2020-12-05 12:00:00,ev_C,C,15,
20201205070210,2020-12-05 07:02:10,2020-12-05 12:00:00,ev_N,K,3,
20201205070220,2020-12-05 07:02:20,2020-12-05 12:00:00,ev_C,C,3,
20201205070230,2020-12-05 07:02:30,2020-12-05 12:00:00,ev_C,C,23,
20201205070240,2020-12-05 07:02:40,2020-12-05 12:00:00,ev_C,C,11,
20201205070250,2020-12-05 07:02:50,2020-12-05 12:00:00,ev_C,C,5,
20201205070300,2020-12-05 07:03:00,2020-12-05 12:00:00,ev_C,C,7,
20201205070310,2020-12-05 07:03:10,2020-12-05 12:00:00,ev_C,C,13,
20201205070320,2020-12-05 07:03:20,2020-12-05 12:00:00,ev_C,C,25,
20201205070330,2020-12-05 07:03:30,2020-12-05 12:00:00,ev_C,C,13,
20201205070340,2020-12-05 07:03:40,2020-12-05 12:00:00,ev_C,C,24,
20201205070350,2020-12-05 07:03:50,2020-12-05 12:00:00,ev_N,K,2,
20201205070400,2020-12-05 07:04:00,2020-12-05 12:00:00,ev_C,C,9,
20201205070410,2020-12-05 07:04:10,2020-12-05 12:00:00,ev_C,C,14,
20201205070420,2020-12-05 07:04:20,2020-12-05 12:00:00,ev_C,C,11,
20201205070430,2020-12-05 07:04:30,2020-12-05 12:00:00,ev_C,C,13,
20201205070440,2020-12-05 07:04:40,2020-12-05 12:00:00,ev_C,C,2,
20201205070450,2020-12-05 07:04:50,2020-12-05 12:00:00,ev_K,K,5,
20201205070500,2020-12-05 07:05:00,2020-12-05 12:00:00,ev_C,C,7,
20201205070510,2020-12-05 07:05:10,2020-12-05 12:00:00,ev_C,C,23,
20201205070520,2020-12-05 07:05:20,2020-12-05 12:00:00,ev_C,C,13,
20201205070530,2020-12-05 07:05:30,2020-12-05 12:00:00,ev_K,K,4,
20201205070540,2020-12-05 07:05:40,2020-12-05 12:00:00,ev_C,C,4,
20201205070550,2020-12-05 07:05:50,2020-12-05 12:00:00,ev_C,C,2,
20201205070600,2020-12-05 07:06:00,2020-12-05 12:00:00,ev_C,C,7,
20201205070610,2020-12-05 07:06:10,2020-12-05 12:00:00,ev_C,C,10,
20201205070620,2020-12-05 07:06:20,2020-12-05 12:00:00,ev_C,C,2,
20201205070630,2020-12-05 07:06:30,2020-12-05 12:00:00,ev_C,C,23,
20201205070640,2020-12-05 07:06:40,2020-12-05 12:00:00,ev_K,K,5,
20201205070650,2020-12-05 07:06:50,2020-12-05 12:00:00,ev_N,K,1,
20201205070700,2020-12-05 07:07:00,2020-12-05 12:00:00,ev_C,C,14,
20201205070710,2020-12-05 07:07:10,2020-12-05 12:00:00,ev_C,C,2,
20201205070720,2020-12-05 07:07:20,2020-12-05 12:00:00,ev_K,K,3,
20201205070730,2020-12-05 07:07:30,2020-12-05 12:00:00,ev_C,C,7,
20201205070740,2020-12-05 07:07:40,2020-12-05 12:00:00,ev_K,K,1,
20201205070750,2020-12-05 07:07:50,2020-12-05 12:00:00,ev_C,C,13,
20201205070800,2020-12-05 07:08:00,2020-12-05 12:00:00,ev_K,K,1,
20201205070810,2020-12-05 07:08:10,2020-12-05 12:00:00,ev_C,C,22,
20201205070820,2020-12-05 07:08:20,2020-12-05 12:00:00,ev_C,C,6,
20201205070830,2020-12-05 07:08:30,2020-12-05 12:00:00,ev_C,C,11,
20201205070840,2020-12-05 07:08:40,2020-12-05 12:00:00,ev_K,K,1,
20201205070850,2020-12-05 07:08:50,2020-12-05 12:00:00,ev_C,C,10,
20201205070900,2020-12-05 07:09:00,2020-12-05 12:00:00,ev_C,C,22,
20201205070910,2020-12-05 07:09:10,2020-12-05 12:00:00,ev_C,C,10,
20201205070920,2020-12-05 07:09:20,2020-12-05 12:00:00,ev_N,K,4,
20201205070930,2020-12-05 07:09:30,2020-12-05 12:00:00,ev_C,C,21,
20201205070940,2020-12-05 07:09:40,2020-12-05 12:00:00,ev_C,C,11,
20201205070950,2020-12-05 07:09:50,2020-12-05 12:00:00,ev_C,C,11,
20201205071000,2020-12-05 07:10:00,2020-12-05 12:00:00,ev_C,C,11,
20201205071010,2020-12-05 07:10:10,2020-12-05 12:00:00,ev_C,C,1,
20201205071020,2020-12-05 07:10:20,2020-12-05 12:00:00,ev_N,K,2,
20201205071030,2020-12-05 07:10:30,2020-12-05 12:00:00,ev_K,K,3,
20201205071040,2020-12-05 07:10:40,2020-12-05 12:00:00,ev_K,K,4,
20201205071050,2020-12-05 07:10:50,2020-12-05 12:00:00,ev_C,C,10,
20201205071100,2020-12-05 07:11:00,2020-12-05 12:00:00,ev_N,K,3,
20201205071110,2020-12-05 07:11:10,2020-12-05 12:00:00,ev_C,C,14,
20201205071120,2020-12-05 07:11:20,2020-12-05 12:00:00,ev_C,C,24,
20201205071130,2020-12-05 07:11:30,2020-12-05 12:00:00,ev_C,C,22,
20201205071140,2020-12-05 07:11:40,2020-12-05 12:00:00,ev_N,K,5,
20201205071150,2020-12-05 07:11:50,2020-12-05 12:00:00,ev_C,C,12,
20201205071200,2020-12-05 07:12:00,2020-12-05 12:00:00,ev_C,C,4,
20201205071210,2020-12-05 07:12:10,2020-12-05 12:00:00,ev_C,C,7,
20201205071220,2020-12-05 07:12:20,2020-12-05 12:00:00,ev_C,C,21,
20201205071230,2020-12-05 07:12:30,2020-12-05 12:00:00,ev_K,K,2,
20201205071240,2020-12-05 07:12:40,2020-12-05 12:00:00,ev_C,C,13,
20201205071250,2020-12-05 07:12:50,2020-12-05 12:00:00,ev_K,K,5,
20201205071300,2020-12-05 07:13:00,2020-12-05 12:00:00,ev_C,C,5,
20201205071310,2020-12-05 07:13:10,2020-12-05 12:00:00,ev_K,K,5,
20201205071320,2020-12-05 07:13:20,2020-12-05 12:00:00,ev_K,K,2,
20201205071330,2020-12-05 07:13:30,2020-12-05 12:00:00,ev_C,C,8,
20201205071340,2020-12-05 07:13:40,2020-12-05 12:00:00,ev_C,C,11,
20201205071350,2020-12-05 07:13:50,2020-12-05 12:00:00,ev_C,C,11,
20201205071400,2020-12-05 07:14:00,2020-12-05 12:00:00,ev_C,C,9,
20201205071410,2020-12-05 07:14:10,2020-12-05 12:00:00,ev_K,K,3,
20201205071420,2020-12-05 07:14:20,2020-12-05 12:00:00,ev_K,K,3,
20201205071430,2020-12-05 07:14:30,2020-12-05 12:00:00,ev_K,K,3,
20201205071440,2020-12-05 07:14:40,2020-12-05 12:00:00,ev_C,C,9,
20201205071450,2020-12-05 07:14:50,2020-12-05 12:00:00,ev_C,C,14,
20201205071500,2020-12-05 07:15:00,2020-12-05 12:00:00,ev_C,C,9,
20201205071510,2020-12-05 07:15:10,2020-12-05 12:00:00,ev_C,C,14,
20201205071520,2020-12-05 07:15:20,2020-12-05 12:00:00,ev_C,C,12,
20201205071530,2020-12-05 07:15:30,2020-12-05 12:00:00,ev_K,K,1,
20201205071540,2020-12-05 07:15:40,2020-12-05 12:00:00,ev_C,C,9,
20201205071550,2020-12-05 07:15:50,2020-12-05 12:00:00,ev_C,C,3,
20201205071600,2020-12-05 07:16:00,2020-12-05 12:00:00,ev_N,K,1,
20201205071610,2020-12-05 07:16:10,2020-12-05 12:00:00,ev_K,K,3,
20201205071620,2020-12-05 07:16:20,2020-12-05 12:00:00,ev_K,K,4,
20201205071630,2020-12-05 07:16:30,2020-12-05 12:00:00,ev_C,C,22,
20201205071640,2020-12-05 07:16:40,2020-12-05 12:00:00,ev_C,C,9,
20201205071650,2020-12-05 07:16:50,2020-12-05 12:00:00,ev_C,C,14,
20201205071700,2020-12-05 07:17:00,2020-12-05 12:00:00,ev_C,C,6,
20201205071710,2020-12-05 07:17:10,2020-12-05 12:00:00,ev_C,C,7,
20201205071720,2020-12-05 07:17:20,2020-12-05 12:00:00,ev_C,C,23,
20201205071730,2020-12-05 07:17:30,2020-12-05 12:00:00,ev_C,C,10,
20201205071740,2020-12-05 07:17:40,2020-12-05 12:00:00,ev_C,C,21,
20201205071750,2020-12-05 07:17:50,2020-12-05 12:00:00,ev_C,C,10,
20201205071800,2020-12-05 07:18:00,2020-12-05 12:00:00,ev_K,K,4,
20201205071810,2020-12-05 07:18:10,2020-12-05 12:00:00,ev_C,C,2,
20201205071820,2020-12-05 07:18:20,2020-12-05 12:00:00,ev_N,K,2,
20201205071830,2020-12-05 07:18:30,2020-12-05 12:00:00,ev_C,C,10,
20201205071840,2020-12-05 07:18:40,2020-12-05 12:00:00,ev_N,K,4,
20201205071850,2020-12-05 07:18:50,2020-12-05 12:00:00,ev_C,C,8,
20201205071900,2020-12-05 07:19:00,2020-12-05 12:00:00,ev_K,K,5,
20201205071910,2020-12-05 07:19:10,2020-12-05 12:00:00,ev_C,C,21,
20201205071920,2020-12-05 07:19:20,2020-12-05 12:00:00,ev_C,C,6,
20201205071930,2020-12-05 07:19:30,2020-12-05 12:00:00,ev_C,C,13,
20201205071940,2020-12-05 07:19:40,2020-12-05 12:00:00,ev_K,K,2,
20201205071950,2020-12-05 07:19:50,2020-12-05 12:00:00,ev_C,C,25,
20201205072000,2020-12-05 07:20:00,2020-12-05 12:00:00,ev_C,C,25,
20201205072010,2020-12-05 07:20:10,2020-12-05 12:00:00,ev_C,C,6,
20201205072020,2020-12-05 07:20:20,2020-12-05 12:00:00,ev_C,C,24,
20201205072030,2020-12-05 07:20:30,2020-12-05 12:00:00,ev_C,C,14,
20201205072040,2020-12-05 07:20:40,2020-12-05 12:00:00,ev_C,C,9,
20201205072050,2020-12-05 07:20:50,2020-12-05 12:00:00,ev_C,C,21,
20201205072100,2020-12-05 07:21:00,2020-12-05 12:00:00,ev_C,C,14,
20201205072110,2020-12-05 07:21:10,2020-12-05 12:00:00,ev_N,K,4,
20201205072120,2020-12-05 07:21:20,2020-12-05 12:00:00,ev_C,C,12,
20201205072130,2020-12-05 07:21:30,2020-12-05 12:00:00,ev_K,K,3,
20201205072140,2020-12-05 07:21:40,2020-12-05 12:00:00,ev_K,K,4,
20201205072150,2020-12-05 07:21:50,2020-12-05 12:00:00,ev_C,C,13,
20201205072200,2020-12-05 07:22:00,2020-12-05 12:00:00,ev_N,K,2,
20201205072210,2020-12-05 07:22:10,2020-12-05 12:00:00,ev_C,C,12,
20201205072220,2020-12-05 07:22:20,2020-12-05 12:00:00,ev_K,K,4,
20201205072230,2020-12-05 07:22:30,2020-12-05 12:00:00,ev_C,C,12,
20201205072240,2020-12-05 07:22:40,2020-12-05 12:00:00,ev_C,C,21,
20201205072250,2020-12-05 07:22:50,2020-12-05 12:00:00,ev_C,C,24,
20201205072300,2020-12-05 07:23:00,2020-12-05 12:00:00,ev_C,C,1,
20201205072310,2020-12-05 07:23:10,2020-12-05 12:00:00,ev_C,C,15,
20201205072320,2020-12-05 07:23:20,2020-12-05 12:00:00,ev_N,K,5,
20201205072330,2020-12-05 07:23:30,2020-12-05 12:00:00,ev_C,C,15,
20201205072340,2020-12-05 07:23:40,2020-12-05 12:00:00,ev_C,C,12,
20201205072350,2020-12-05 07:23:50,2020-12-05 12:00:00,ev_C,C,23,
20201205072400,2020-12-05 07:24:00,2020-12-05 12:00:00,ev_K,K,5,
20201205072410,2020-12-05 07:24:10,2020-12-05 12:00:00,ev_C,C,25,
20201205072420,2020-12-05 07:24:20,2020-12-05 12:00:00,ev_C,C,25,
20201205072430,2020-12-05 07:24:30,2020-12-05 12:00:00,ev_C,C,10,
20201205072440,2020-12-05 07:24:40,2020-12-05 12:00:00,ev_C,C,9,
20201205072450,2020-12-05 07:24:50,2020-12-05 12:00:00,ev_C,C,14,
20201205072500,2020-12-05 07:25:00,2020-12-05 12:00:00,ev_K,K,2,
20201205072510,2020-12-05 07:25:10,2020-12-05 12:00:00,ev_C,C,5,
20201205072520,2020-12-05 07:25:20,2020-12-05 12:00:00,ev_C,C,21,
20201205072530,2020-12-05 07:25:30,2020-12-05 12:00:00,ev_K,K,1,
20201205072540,2020-12-05 07:25:40,2020-12-05 12:00:00,ev_C,C,3,
20201205072550,2020-12-05 07:25:50,2020-12-05 12:00:00,ev_C,C,13,
20201205072600,2020-12-05 07:26:00,2020-12-05 12:00:00,ev_C,C,23,
20201205072610,2020-12-05 07:26:10,2020-12-05 12:00:00,ev_C,C,14,
20201205072620,2020-12-05 07:26:20,2020-12-05 12:00:00,ev_C,C,21,
20201205072630,2020-12-05 07:26:30,2020-12-05 12:00:00,ev_N,K,3,
20201205072640,2020-12-05 07:26:40,2020-12-05 12:00:00,ev_C,C,13,
20201205072650,2020-12-05 07:26:50,2020-12-05 12:00:00,ev_C,C,11,
20201205072700,2020-12-05 07:27:00,2020-12-05 12:00:00,ev_C,C,4,
20201205072710,2020-12-05 07:27:10,2020-12-05 12:00:00,ev_C,C,3,
20201205072720,2020-12-05 07:27:20,2020-12-05 12:00:00,ev_C,C,3,
20201205072730,2020-12-05 07:27:30,2020-12-05 12:00:00,ev_K,K,4,
20201205072740,2020-12-05 07:27:40,2020-12-05 12:00:00,ev_C,C,4,
20201205072750,2020-12-05 07:27:50,2020-12-05 12:00:00,ev_K,K,4,
20201205072800,2020-12-05 07:28:00,2020-12-05 12:00:00,ev_C,C,24,
20201205072810,2020-12-05 07:28:10,2020-12-05 12:00:00,ev_C,C,12,
20201205072820,2020-12-05 07:28:20,2020-12-05 12:00:00,ev_C,C,21,
20201205072830,2020-12-05 07:28:30,2020-12-05 12:00:00,ev_C,C,8,
20201205072840,2020-12-05 07:28:40,2020-12-05 12:00:00,ev_K,K,4,
20201205072850,2020-12-05 07:28:50,2020-12-05 12:00:00,ev_C,C,25,
20201205072900,2020-12-05 07:29:00,2020-12-05 12:00:00,ev_C,C,12,
20201205072910,2020-12-05 07:29:10,2020-12-05 12:00:00,ev_K,K,2,
20201205072920,2020-12-05 07:29:20,2020-12-05 12:00:00,ev_C,C,3,
20201205072930,2020-12-05 07:29:30,2020-12-05 12:00:00,ev_K,K,3,
20201205072940,2020-12-05 07:29:40,2020-12-05 12:00:00,ev_K,K,4,
20201205072950,2020-12-05 07:29:50,2020-12-05 12:00:00,ev_C,C,12,
20201205073000,2020-12-05 07:30:00,2020-12-05 12:00:00,ev_C,C,9,
20201205073010,2020-12-05 07:30:10,2020-12-05 12:00:00,ev_K,K,2,
20201205073020,2020-12-05 07:30:20,2020-12-05 12:00:00,ev_C,C,10,
20201205073030,2020-12-05 07:30:30,2020-12-05 12:00:00,ev_C,C,10,
20201205073040,2020-12-05 07:30:40,2020-12-05 12:00:00,ev_C,C,13,
20201205073050,2020-12-05 07:30:50,2020-12-05 12:00:00,ev_C,C,8,
20201205073100,2020-12-05 07:31:00,2020-12-05 12:00:00,ev_C,C,15,
20201205073110,2020-12-05 07:31:10,2020-12-05 12:00:00,ev_C,C,21,
20201205073120,2020-12-05 07:31:20,2020-12-05 12:00:00,ev_C,C,5,
20201205073130,2020-12-05 07:31:30,2020-12-05 12:00:00,ev_C,C,21,
20201205073140,2020-12-05 07:31:40,2020-12-05 12:00:00,ev_K,K,5,
20201205073150,2020-12-05 07:31:50,2020-12-05 12:00:00,ev_C,C,10,
20201205073200,2020-12-05 07:32:00,2020-12-05 12:00:00,ev_C,C,14,
20201205073210,2020-12-05 07:32:10,2020-12-05 12:00:00,ev_C,C,4,
20201205073220,2020-12-05 07:32:20,2020-12-05 12:00:00,ev_C,C,11,
20201205073230,2020-12-05 07:32:30,2020-12-05 12:00:00,ev_C,C,22,
20201205073240,2020-12-05 07:32:40,2020-12-05 12:00:00,ev_K,K,5,
20201205073250,2020-12-05 07:32:50,2020-12-05 12:00:00,ev_C,C,25,
20201205073300,2020-12-05 07:33:00,2020-12-05 12:00:00,ev_K,K,3,
20201205073310,2020-12-05 07:33:10,2020-12-05 12:00:00,ev_C,C,8,
20201205073320,2020-12-05 07:33:20,2020-12-05 12:00:00,ev_C,C,12,
20201205073330,2020-12-05 07:33:30,2020-12-05 12:00:00,ev_C,C,3,
20201205073340,2020-12-05 07:33:40,2020-12-05 12:00:00,ev_C,C,22,
20201205073350,2020-12-05 07:33:50,2020-12-05 12:00:00,ev_C,C,3,
20201205073400,2020-12-05 07:34:00,2020-12-05 12:00:00,ev_C,C,3,
20201205073410,2020-12-05 07:34:10,2020-12-05 12:00:00,ev_C,C,21,
20201205073420,2020-12-05 07:34:20,2020-12-05 12:00:00,ev_C,C,5,
20201205073430,2020-12-05 07:34:30,2020-12-05 12:00:00,ev_C,C,12,
20201205073440,2020-12-05 07:34:40,2020-12-05 12:00:00,ev_C,C,9,
20201205073450,2020-12-05 07:34:50,2020-12-05 12:00:00,ev_K,K,5,
20201205073500,2020-12-05 07:35:00,2020-12-05 12:00:00,ev_C,C,13,
20201205073510,2020-12-05 07:35:10,2020-12-05 12:00:00,ev_K,K,4,
20201205073520,2020-12-05 07:35:20,2020-12-05 12:00:00,ev_N,K,4,
20201205073530,2020-12-05 07:35:30,2020-12-05 12:00:00,ev_C,C,22,
20201205073540,2020-12-05 07:35:40,2020-12-05 12:00:00,ev_K,K,4,
20201205073550,2020-12-05 07:35:50,2020-12-05 12:00:00,ev_C,C,22,
20201205073600,2020-12-05 07:36:00,2020-12-05 12:00:00,ev_C,C,5,
20201205073610,2020-12-05 07:36:10,2020-12-05 12:00:00,ev_C,C,2,
20201205073620,2020-12-05 07:36:20,2020-12-05 12:00:00,ev_K,K,4,
20201205073630,2020-12-05 07:36:30,2020-12-05 12:00:00,ev_C,C,21,
20201205073640,2020-12-05 07:36:40,2020-12-05 12:00:00,ev_C,C,9,
20201205073650,2020-12-05 07:36:50,2020-12-05 12:00:00,ev_C,C,12,
20201205073700,2020-12-05 07:37:00,2020-12-05 12:00:00,ev_C,C,10,
20201205073710,2020-12-05 07:37:10,2020-12-05 12:00:00,ev_C,C,24,
20201205073720,2020-12-05 07:37:20,2020-12-05 12:00:00,ev_K,K,3,
20201205073730,2020-12-05 07:37:30,2020-12-05 12:00:00,ev_C,C,13,
20201205073740,2020-12-05 07:37:40,2020-12-05 12:00:00,ev_K,K,1,
20201205073750,2020-12-05 07:37:50,2020-12-05 12:00:00,ev_K,K,4,
20201205073800,2020-12-05 07:38:00,2020-12-05 12:00:00,ev_C,C,5,
20201205073810,2020-12-05 07:38:10,2020-12-05 12:00:00,ev_K,K,4,
20201205073820,2020-12-05 07:38:20,2020-12-05 12:00:00,ev_C,C,3,
20201205073830,2020-12-05 07:38:30,2020-12-05 12:00:00,ev_K,K,4,
20201205073840,2020-12-05 07:38:40,2020-12-05 12:00:00,ev_K,K,1,
20201205073850,2020-12-05 07:38:50,2020-12-05 12:00:00,ev_C,C,8,
20201205073900,2020-12-05 07:39:00,2020-12-05 12:00:00,ev_C,C,3,
20201205073910,2020-12-05 07:39:10,2020-12-05 12:00:00,ev_K,K,2,
20201205073920,2020-12-05 07:39:20,2020-12-05 12:00:00,ev_K,K,1,
20201205073930,2020-12-05 07:39:30,2020-12-05 12:00:00,ev_C,C,9,
20201205073940,2020-12-05 07:39:40,2020-12-05 12:00:00,ev_C,C,24,
20201205073950,2020-12-05 07:39:50,2020-12-05 12:00:00,ev_C,C,11,
20201205074000,2020-12-05 07:40:00,2020-12-05 12:00:00,ev_K,K,4,
20201205074010,2020-12-05 07:40:10,2020-12-05 12:00:00,ev_C,C,3,
20201205074020,2020-12-05 07:40:20,2020-12-05 12:00:00,ev_C,C,25,
20201205074030,2020-12-05 07:40:30,2020-12-05 12:00:00,ev_C,C,9,
20201205074040,2020-12-05 07:40:40,2020-12-05 12:00:00,ev_C,C,9,
20201205074050,2020-12-05 07:40:50,2020-12-05 12:00:00,ev_C,C,5,
20201205074100,2020-12-05 07:41:00,2020-12-05 12:00:00,ev_C,C,13,
20201205074110,2020-12-05 07:41:10,2020-12-05 12:00:00,ev_C,C,6,
20201205074120,2020-12-05 07:41:20,2020-12-05 12:00:00,ev_C,C,2,
20201205074130,2020-12-05 07:41:30,2020-12-05 12:00:00,ev_N,K,3,
20201205074140,2020-12-05 07:41:40,2020-12-05 12:00:00,ev_C,C,14,
20201205074150,2020-12-05 07:41:50,2020-12-05 12:00:00,ev_K,K,4,
20201205074200,2020-12-05 07:42:00,2020-12-05 12:00:00,ev_C,C,21,
20201205074210,2020-12-05 07:42:10,2020-12-05 12:00:00,ev_K,K,2,
20201205074220,2020-12-05 07:42:20,2020-12-05 12:00:00,ev_C,C,7,
20201205074230,2020-12-05 07:42:30,2020-12-05 12:00:00,ev_C,C,11,
20201205074240,2020-12-05 07:42:40,2020-12-05 12:00:00,ev_C,C,12,
20201205074250,2020-12-05 07:42:50,2020-12-05 12:00:00,ev_C,C,23,
20201205074300,2020-12-05 07:43:00,2020-12-05 12:00:00,ev_C,C,2,
20201205074310,2020-12-05 07:43:10,2020-12-05 12:00:00,ev_C,C,25,
20201205074320,2020-12-05 07:43:20,2020-12-05 12:00:00,ev_C,C,13,
20201205074330,2020-12-05 07:43:30,2020-12-05 12:00:00,ev_C,C,22,
20201205074340,2020-12-05 07:43:40,2020-12-05 12:00:00,ev_C,C,10,
20201205074350,2020-12-05 07:43:50,2020-12-05 12:00:00,ev_C,C,12,
20201205074400,2020-12-05 07:44:00,2020-12-05 12:00:00,ev_C,C,9,
20201205074410,2020-12-05 07:44:10,2020-12-05 12:00:00,ev_C,C,10,
20201205074420,2020-12-05 07:44:20,2020-12-05 12:00:00,ev_C,C,22,
20201205074430,2020-12-05 07:44:30,2020-12-05 12:00:00,ev_N,K,3,
20201205074440,2020-12-05 07:44:40,2020-12-05 12:00:00,ev_C,C,13,
20201205074450,2020-12-05 07:44:50,2020-12-05 12:00:00,ev_C,C,3,
20201205074500,2020-12-05 07:45:00,2020-12-05 12:00:00,ev_C,C,4,
20201205074510,2020-12-05 07:45:10,2020-12-05 12:00:00,ev_C,C,14,
20201205074520,2020-12-05 07:45:20,2020-12-05 12:00:00,ev_K,K,5,
20201205074530,2020-12-05 07:45:30,2020-12-05 12:00:00,ev_C,C,8,
20201205074540,2020-12-05 07:45:40,2020-12-05 12:00:00,ev_N,K,5,
20201205074550,2020-12-05 07:45:50,2020-12-05 12:00:00,ev_C,C,1,
20201205074600,2020-12-05 07:46:00,2020-12-05 12:00:00,ev_C,C,22,
20201205074610,2020-12-05 07:46:10,2020-12-05 12:00:00,ev_C,C,15,
20201205074620,2020-12-05 07:46:20,2020-12-05 12:00:00,ev_C,C,1,
20201205074630,2020-12-05 07:46:30,2020-12-05 12:00:00,ev_C,C,23,
20201205074640,2020-12-05 07:46:40,2020-12-05 12:00:00,ev_C,C,2,
20201205074650,2020-12-05 07:46:50,2020-12-05 12:00:00,ev_C,C,8,
20201205074700,2020-12-05 07:47:00,2020-12-05 12:00:00,ev_C,C,14,
20201205074710,2020-12-05 07:47:10,2020-12-05 12:00:00,ev_C,C,5,
20201205074720,2020-12-05 07:47:20,2020-12-05 12:00:00,ev_K,K,3,
20201205074730,2020-12-05 07:47:30,2020-12-05 12:00:00,ev_N,K,2,
20201205074740,2020-12-05 07:47:40,2020-12-05 12:00:00,ev_C,C,9,
20201205074750,2020-12-05 07:47:50,2020-12-05 12:00:00,ev_C,C,21,
20201205074800,2020-12-05 07:48:00,2020-12-05 12:00:00,ev_C,C,23,
20201205074810,2020-12-05 07:48:10,2020-12-05 12:00:00,ev_C,C,14,
20201205074820,2020-12-05 07:48:20,2020-12-05 12:00:00,ev_C,C,21,
20201205074830,2020-12-05 07:48:30,2020-12-05 12:00:00,ev_K,K,3,
20201205074840,2020-12-05 07:48:40,2020-12-05 12:00:00,ev_N,K,1,
20201205074850,2020-12-05 07:48:50,2020-12-05 12:00:00,ev_C,C,22,
20201205074900,2020-12-05 07:49:00,2020-12-05 12:00:00,ev_C,C,4,
20201205074910,2020-12-05 07:49:10,2020-12-05 12:00:00,ev_C,C,10,
20201205074920,2020-12-05 07:49:20,2020-12-05 12:00:00,ev_C,C,12,
20201205074930,2020-12-05 07:49:30,2020-12-05 12:00:00,ev_C,C,24,
20201205074940,2020-12-05 07:49:40,2020-12-05 12:00:00,ev_C,C,14,
20201205074950,2020-12-05 07:49:50,2020-12-05 12:00:00,ev_C,C,5,
20201205075000,2020-12-05 07:50:00,2020-12-05 12:00:00,ev_N,K,5,
20201205075010,2020-12-05 07:50:10,2020-12-05 12:00:00,ev_C,C,3,
20201205075020,2020-12-05 07:50:20,2020-12-05 12:00:00,ev_C,C,21,
20201205075030,2020-12-05 07:50:30,2020-12-05 12:00:00,ev_K,K,4,
20201205075040,2020-12-05 07:50:40,2020-12-05 12:00:00,ev_C,C,21,
20201205075050,2020-12-05 07:50:50,2020-12-05 12:00:00,ev_C,C,8,
20201205075100,2020-12-05 07:51:00,2020-12-05 12:00:00,ev_K,K,4,
20201205075110,2020-12-05 07:51:10,2020-12-05 12:00:00,ev_C,C,10,
20201205075120,2020-12-05 07:51:20,2020-12-05 12:00:00,ev_K,K,2,
20201205075130,2020-12-05 07:51:30,2020-12-05 12:00:00,ev_C,C,21,
20201205075140,2020-12-05 07:51:40,2020-12-05 12:00:00,ev_K,K,1,
20201205075150,2020-12-05 07:51:50,2020-12-05 12:00:00,ev_C,C,15,
20201205075200,2020-12-05 07:52:00,2020-12-05 12:00:00,ev_C,C,2,
20201205075210,2020-12-05 07:52:10,2020-12-05 12:00:00,ev_C,C,8,
20201205075220,2020-12-05 07:52:20,2020-12-05 12:00:00,ev_C,C,25,
20201205075230,2020-12-05 07:52:30,2020-12-05 12:00:00,ev_C,C,15,
20201205075240,2020-12-05 07:52:40,2020-12-05 12:00:00,ev_C,C,15,
20201205075250,2020-12-05 07:52:50,2020-12-05 12:00:00,ev_C,C,3,
20201205075300,2020-12-05 07:53:00,2020-12-05 12:00:00,ev_C,C,1,
20201205075310,2020-12-05 07:53:10,2020-12-05 12:00:00,ev_K,K,1,
20201205075320,2020-12-05 07:53:20,2020-12-05 12:00:00,ev_C,C,24,
20201205075330,2020-12-05 07:53:30,2020-12-05 12:00:00,ev_C,C,24,
20201205075340,2020-12-05 07:53:40,2020-12-05 12:00:00,ev_K,K,5,
20201205075350,2020-12-05 07:53:50,2020-12-05 12:00:00,ev_N,K,5,
20201205075400,2020-12-05 07:54:00,2020-12-05 12:00:00,ev_K,K,2,
20201205075410,2020-12-05 07:54:10,2020-12-05 12:00:00,ev_C,C,10,
20201205075420,2020-12-05 07:54:20,2020-12-05 12:00:00,ev_C,C,9,
20201205075430,2020-12-05 07:54:30,2020-12-05 12:00:00,ev_K,K,3,
20201205075440,2020-12-05 07:54:40,2020-12-05 12:00:00,ev_K,K,5,
20201205075450,2020-12-05 07:54:50,2020-12-05 12:00:00,ev_C,C,1,
20201205075500,2020-12-05 07:55:00,2020-12-05 12:00:00,ev_C,C,6,
20201205075510,2020-12-05 07:55:10,2020-12-05 12:00:00,ev_C,C,10,
20201205075520,2020-12-05 07:55:20,2020-12-05 12:00:00,ev_C,C,14,
20201205075530,2020-12-05 07:55:30,2020-12-05 12:00:00,ev_C,C,9,
20201205075540,2020-12-05 07:55:40,2020-12-05 12:00:00,ev_C,C,5,
20201205075550,2020-12-05 07:55:50,2020-12-05 12:00:00,ev_C,C,2,
20201205075600,2020-12-05 07:56:00,2020-12-05 12:00:00,ev_K,K,5,
20201205075610,2020-12-05 07:56:10,2020-12-05 12:00:00,ev_C,C,10,
20201205075620,2020-12-05 07:56:20,2020-12-05 12:00:00,ev_C,C,4,
20201205075630,2020-12-05 07:56:30,2020-12-05 12:00:00,ev_C,C,13,
20201205075640,2020-12-05 07:56:40,2020-12-05 12:00:00,ev_C,C,5,
20201205075650,2020-12-05 07:56:50,2020-12-05 12:00:00,ev_K,K,5,
20201205075700,2020-12-05 07:57:00,2020-12-05 12:00:00,ev_C,C,21,
20201205075710,2020-12-05 07:57:10,2020-12-05 12:00:00,ev_C,C,12,
20201205075720,2020-12-05 07:57:20,2020-12-05 12:00:00,ev_C,C,25,
20201205075730,2020-12-05 07:57:30,2020-12-05 12:00:00,ev_K,K,3,
20201205075740,2020-12-05 07:57:40,2020-12-05 12:00:00,ev_K,K,5,
20201205075750,2020-12-05 07:57:50,2020-12-05 12:00:00,ev_C,C,6,
20201205075800,2020-12-05 07:58:00,2020-12-05 12:00:00,ev_C,C,23,
20201205075810,2020-12-05 07:58:10,2020-12-05 12:00:00,ev_C,C,21,
20201205075820,2020-12-05 07:58:20,2020-12-05 12:00:00,ev_C,C,22,
20201205075830,2020-12-05 07:58:30,2020-12-05 12:00:00,ev_K,K,2,
20201205075840,2020-12-05 07:58:40,2020-12-05 12:00:00,ev_C,C,1,
20201205075850,2020-12-05 07:58:50,2020-12-05 12:00:00,ev_C,C,11,
20201205075900,2020-12-05 07:59:00,2020-12-05 12:00:00,ev_C,C,23,
20201205075910,2020-12-05 07:59:10,2020-12-05 12:00:00,ev_C,C,7,
20201205075920,2020-12-05 07:59:20,2020-12-05 12:00:00,ev_C,C,13,
20201205075930,2020-12-05 07:59:30,2020-12-05 12:00:00,ev_C,C,15,
20201205075940,2020-12-05 07:59:40,2020-12-05 12:00:00,ev_C,C,24,
20201205075950,2020-12-05 07:59:50,2020-12-05 12:00:00,ev_C,C,10,
20201205080000,2020-12-05 08:00:00,2020-12-05 12:00:00,ev_C,C,22,
20201205080010,2020-12-05 08:00:10,2020-12-05 12:00:00,ev_C,C,9,
20201205080020,2020-12-05 08:00:20,2020-12-05 12:00:00,ev_C,C,15,
20201205080030,2020-12-05 08:00:30,2020-12-05 12:00:00,ev_C,C,21,
20201205080040,2020-12-05 08:00:40,2020-12-05 12:00:00,ev_K,K,2,
20201205080050,2020-12-05 08:00:50,2020-12-05 12:00:00,ev_C,C,8,
20201205080100,2020-12-05 08:01:00,2020-12-05 12:00:00,ev_C,C,21,
20201205080110,2020-12-05 08:01:10,2020-12-05 12:00:00,ev_C,C,25,
20201205080120,2020-12-05 08:01:20,2020-12-05 12:00:00,ev_C,C,3,
20201205080130,2020-12-05 08:01:30,2020-12-05 12:00:00,ev_C,C,10,
20201205080140,2020-12-05 08:01:40,2020-12-05 12:00:00,ev_C,C,24,
20201205080150,2020-12-05 08:01:50,2020-12-05 12:00:00,ev_C,C,8,
20201205080200,2020-12-05 08:02:00,2020-12-05 12:00:00,ev_C,C,5,
20201205080210,2020-12-05 08:02:10,2020-12-05 12:00:00,ev_C,C,24,
20201205080220,2020-12-05 08:02:20,2020-12-05 12:00:00,ev_C,C,25,
20201205080230,2020-12-05 08:02:30,2020-12-05 12:00:00,ev_C,C,4,
20201205080240,2020-12-05 08:02:40,2020-12-05 12:00:00,ev_C,C,6,
20201205080250,2020-12-05 08:02:50,2020-12-05 12:00:00,ev_C,C,3,
20201205080300,2020-12-05 08:03:00,2020-12-05 12:00:00,ev_C,C,13,
20201205080310,2020-12-05 08:03:10,2020-12-05 12:00:00,ev_C,C,24,
20201205080320,2020-12-05 08:03:20,2020-12-05 12:00:00,ev_C,C,22,
20201205080330,2020-12-05 08:03:30,2020-12-05 12:00:00,ev_C,C,12,
20201205080340,2020-12-05 08:03:40,2020-12-05 12:00:00,ev_C,C,23,
20201205080350,2020-12-05 08:03:50,2020-12-05 12:00:00,ev_C,C,22,
20201205080400,2020-12-05 08:04:00,2020-12-05 12:00:00,ev_K,K,5,
20201205080410,2020-12-05 08:04:10,2020-12-05 12:00:00,ev_C,C,15,
20201205080420,2020-12-05 08:04:20,2020-12-05 12:00:00,ev_N,K,3,
20201205080430,2020-12-05 08:04:30,2020-12-05 12:00:00,ev_K,K,2,
20201205080440,2020-12-05 08:04:40,2020-12-05 12:00:00,ev_C,C,8,
20201205080450,2020-12-05 08:04:50,2020-12-05 12:00:00,ev_C,C,11,
20201205080500,2020-12-05 08:05:00,2020-12-05 12:00:00,ev_C,C,3,
20201205080510,2020-12-05 08:05:10,2020-12-05 12:00:00,ev_N,K,5,
20201205080520,2020-12-05 08:05:20,2020-12-05 12:00:00,ev_C,C,11,
20201205080530,2020-12-05 08:05:30,2020-12-05 12:00:00,ev_C,C,1,
20201205080540,2020-12-05 08:05:40,2020-12-05 12:00:00,ev_C,C,24,
20201205080550,2020-12-05 08:05:50,2020-12-05 12:00:00,ev_C,C,14,
20201205080600,2020-12-05 08:06:00,2020-12-05 12:00:00,ev_C,C,1,
20201205080610,2020-12-05 08:06:10,2020-12-05 12:00:00,ev_C,C,21,
20201205080620,2020-12-05 08:06:20,2020-12-05 12:00:00,ev_C,C,3,
20201205080630,2020-12-05 08:06:30,2020-12-05 12:00:00,ev_C,C,22,
20201205080640,2020-12-05 08:06:40,2020-12-05 12:00:00,ev_C,C,10,
20201205080650,2020-12-05 08:06:50,2020-12-05 12:00:00,ev_C,C,8,
20201205080700,2020-12-05 08:07:00,2020-12-05 12:00:00,ev_C,C,15,
20201205080710,2020-12-05 08:07:10,2020-12-05 12:00:00,ev_C,C,8,
20201205080720,2020-12-05 08:07:20,2020-12-05 12:00:00,ev_K,K,2,
20201205080730,2020-12-05 08:07:30,2020-12-05 12:00:00,ev_C,C,21,
20201205080740,2020-12-05 08:07:40,2020-12-05 12:00:00,ev_C,C,9,
20201205080750,2020-12-05 08:07:50,2020-12-05 12:00:00,ev_K,K,3,
20201205080800,2020-12-05 08:08:00,2020-12-05 12:00:00,ev_C,C,8,
20201205080810,2020-12-05 08:08:10,2020-12-05 12:00:00,ev_C,C,25,
20201205080820,2020-12-05 08:08:20,2020-12-05 12:00:00,ev_C,C,13,
20201205080830,2020-12-05 08:08:30,2020-12-05 12:00:00,ev_N,K,3,
20201205080840,2020-12-05 08:08:40,2020-12-05 12:00:00,ev_C,C,2,
20201205080850,2020-12-05 08:08:50,2020-12-05 12:00:00,ev_C,C,21,
20201205080900,2020-12-05 08:09:00,2020-12-05 12:00:00,ev_C,C,25,
20201205080910,2020-12-05 08:09:10,2020-12-05 12:00:00,ev_C,C,25,
20201205080920,2020-12-05 08:09:20,2020-12-05 12:00:00,ev_C,C,5,
20201205080930,2020-12-05 08:09:30,2020-12-05 12:00:00,ev_C,C,23,
20201205080940,2020-12-05 08:09:40,2020-12-05 12:00:00,ev_C,C,14,
20201205080950,2020-12-05 08:09:50,2020-12-05 12:00:00,ev_C,C,4,
20201205081000,2020-12-05 08:10:00,2020-12-05 12:00:00,ev_C,C,2,
20201205081010,2020-12-05 08:10:10,2020-12-05 12:00:00,ev_N,K,1,
20201205081020,2020-12-05 08:10:20,2020-12-05 12:00:00,ev_C,C,5,
20201205081030,2020-12-05 08:10:30,2020-12-05 12:00:00,ev_C,C,25,
20201205081040,2020-12-05 08:10:40,2020-12-05 12:00:00,ev_C,C,2,
20201205081050,2020-12-05 08:10:50,2020-12-05 12:00:00,ev_K,K,3,
20201205081100,2020-12-05 08:11:00,2020-12-05 12:00:00,ev_C,C,22,
20201205081110,2020-12-05 08:11:10,2020-12-05 12:00:00,ev_C,C,10,
20201205081120,2020-12-05 08:11:20,2020-12-05 12:00:00,ev_N,K,2,
20201205081130,2020-12-05 08:11:30,2020-12-05 12:00:00,ev_C,C,25,
20201205081140,2020-12-05 08:11:40,2020-12-05 12:00:00,ev_C,C,12,
20201205081150,2020-12-05 08:11:50,2020-12-05 12:00:00,ev_K,K,1,
20201205081200,2020-12-05 08:12:00,2020-12-05 12:00:00,ev_K,K,3,
20201205081210,2020-12-05 08:12:10,2020-12-05 12:00:00,ev_C,C,24,
20201205081220,2020-12-05 08:12:20,2020-12-05 12:00:00,ev_C,C,3,
20201205081230,2020-12-05 08:12:30,2020-12-05 12:00:00,ev_C,C,9,
20201205081240,2020-12-05 08:12:40,2020-12-05 12:00:00,ev_N,K,4,
20201205081250,2020-12-05 08:12:50,2020-12-05 12:00:00,ev_C,C,3,
20201205081300,2020-12-05 08:13:00,2020-12-05 12:00:00,ev_C,C,6,
20201205081310,2020-12-05 08:13:10,2020-12-05 12:00:00,ev_C,C,6,
20201205081320,2020-12-05 08:13:20,2020-12-05 12:00:00,ev_K,K,3,
20201205081330,2020-12-05 08:13:30,2020-12-05 12:00:00,ev_K,K,4,
20201205081340,2020-12-05 08:13:40,2020-12-05 12:00:00,ev_C,C,14,
20201205081350,2020-12-05 08:13:50,2020-12-05 12:00:00,ev_N,K,1,
20201205081400,2020-12-05 08:14:00,2020-12-05 12:00:00,ev_C,C,13,
20201205081410,2020-12-05 08:14:10,2020-12-05 12:00:00,ev_K,K,1,
20201205081420,2020-12-05 08:14:20,2020-12-05 12:00:00,ev_C,C,1,
20201205081430,2020-12-05 08:14:30,2020-12-05 12:00:00,ev_K,K,2,
20201205081440,2020-12-05 08:14:40,2020-12-05 12:00:00,ev_C,C,13,
20201205081450,2020-12-05 08:14:50,2020-12-05 12:00:00,ev_N,K,5,
20201205081500,2020-12-05 08:15:00,2020-12-05 12:00:00,ev_K,K,1,
20201205081510,2020-12-05 08:15:10,2020-12-05 12:00:00,ev_C,C,6,
20201205081520,2020-12-05 08:15:20,2020-12-05 12:00:00,ev_C,C,8,
20201205081530,2020-12-05 08:15:30,2020-12-05 12:00:00,ev_C,C,11,
20201205081540,2020-12-05 08:15:40,2020-12-05 12:00:00,ev_C,C,7,
20201205081550,2020-12-05 08:15:50,2020-12-05 12:00:00,ev_C,C,22,
20201205081600,2020-12-05 08:16:00,2020-12-05 12:00:00,ev_C,C,21,
20201205081610,2020-12-05 08:16:10,2020-12-05 12:00:00,ev_C,C,4,
20201205081620,2020-12-05 08:16:20,2020-12-05 12:00:00,ev_C,C,3,
20201205081630,2020-12-05 08:16:30,2020-12-05 12:00:00,ev_C,C,3,
20201205081640,2020-12-05 08:16:40,2020-12-05 12:00:00,ev_C,C,22,
20201205081650,2020-12-05 08:16:50,2020-12-05 12:00:00,ev_C,C,8,
20201205081700,2020-12-05 08:17:00,2020-12-05 12:00:00,ev_C,C,1,
20201205081710,2020-12-05 08:17:10,2020-12-05 12:00:00,ev_K,K,3,
20201205081720,2020-12-05 08:17:20,2020-12-05 12:00:00,ev_C,C,21,
20201205081730,2020-12-05 08:17:30,2020-12-05 12:00:00,ev_C,C,24,
20201205081740,2020-12-05 08:17:40,2020-12-05 12:00:00,ev_C,C,5,
20201205081750,2020-12-05 08:17:50,2020-12-05 12:00:00,ev_C,C,3,
20201205081800,2020-12-05 08:18:00,2020-12-05 12:00:00,ev_C,C,12,
20201205081810,2020-12-05 08:18:10,2020-12-05 12:00:00,ev_C,C,24,
20201205081820,2020-12-05 08:18:20,2020-12-05 12:00:00,ev_C,C,10,
20201205081830,2020-12-05 08:18:30,2020-12-05 12:00:00,ev_C,C,7,
20201205081840,2020-12-05 08:18:40,2020-12-05 12:00:00,ev_C,C,8,
20201205081850,2020-12-05 08:18:50,2020-12-05 12:00:00,ev_C,C,1,
20201205081900,2020-12-05 08:19:00,2020-12-05 12:00:00,ev_K,K,5,
20201205081910,2020-12-05 08:19:10,2020-12-05 12:00:00,ev_C,C,9,
20201205081920,2020-12-05 08:19:20,2020-12-05 12:00:00,ev_K,K,2,
20201205081930,2020-12-05 08:19:30,2020-12-05 12:00:00,ev_C,C,14,
20201205081940,2020-12-05 08:19:40,2020-12-05 12:00:00,ev_C,C,23,
20201205081950,2020-12-05 08:19:50,2020-12-05 12:00:00,ev_C,C,8,
20201205082000,2020-12-05 08:20:00,2020-12-05 12:00:00,ev_N,K,1,
20201205082010,2020-12-05 08:20:10,2020-12-05 12:00:00,ev_K,K,4,
20201205082020,2020-12-05 08:20:20,2020-12-05 12:00:00,ev_N,K,5,
20201205082030,2020-12-05 08:20:30,2020-12-05 12:00:00,ev_C,C,23,
20201205082040,2020-12-05 08:20:40,2020-12-05 12:00:00,ev_C,C,12,
20201205082050,2020-12-05 08:20:50,2020-12-05 12:00:00,ev_C,C,21,
20201205082100,2020-12-05 08:21:00,2020-12-05 12:00:00,ev_C,C,5,
20201205082110,2020-12-05 08:21:10,2020-12-05 12:00:00,ev_C,C,8,
20201205082120,2020-12-05 08:21:20,2020-12-05 12:00:00,ev_C,C,25,
20201205082130,2020-12-05 08:21:30,2020-12-05 12:00:00,ev_C,C,24,
20201205082140,2020-12-05 08:21:40,2020-12-05 12:00:00,ev_K,K,4,
20201205082150,2020-12-05 08:21:50,2020-12-05 12:00:00,ev_C,C,1,
20201205082200,2020-12-05 08:22:00,2020-12-05 12:00:00,ev_C,C,8,
20201205082210,2020-12-05 08:22:10,2020-12-05 12:00:00,ev_C,C,8,
20201205082220,2020-12-05 08:22:20,2020-12-05 12:00:00,ev_C,C,23,
20201205082230,2020-12-05 08:22:30,2020-12-05 12:00:00,ev_C,C,5,
20201205082240,2020-12-05 08:22:40,2020-12-05 12:00:00,ev_K,K,1,
20201205082250,2020-12-05 08:22:50,2020-12-05 12:00:00,ev_N,K,3,
20201205082300,2020-12-05 08:23:00,2020-12-05 12:00:00,ev_N,K,4,
20201205082310,2020-12-05 08:23:10,2020-12-05 12:00:00,ev_C,C,6,
20201205082320,2020-12-05 08:23:20,2020-12-05 12:00:00,ev_C,C,22,
20201205082330,2020-12-05 08:23:30,2020-12-05 12:00:00,ev_C,C,2,
20201205082340,2020-12-05 08:23:40,2020-12-05 12:00:00,ev_C,C,21,
20201205082350,2020-12-05 08:23:50,2020-12-05 12:00:00,ev_C,C,3,
20201205082400,2020-12-05 08:24:00,2020-12-05 12:00:00,ev_K,K,2,
20201205082410,2020-12-05 08:24:10,2020-12-05 12:00:00,ev_C,C,12,
20201205082420,2020-12-05 08:24:20,2020-12-05 12:00:00,ev_K,K,2,
20201205082430,2020-12-05 08:24:30,2020-12-05 12:00:00,ev_C,C,2,
20201205082440,2020-12-05 08:24:40,2020-12-05 12:00:00,ev_C,C,8,
20201205082450,2020-12-05 08:24:50,2020-12-05 12:00:00,ev_C,C,6,
20201205082500,2020-12-05 08:25:00,2020-12-05 12:00:00,ev_C,C,23,
20201205082510,2020-12-05 08:25:10,2020-12-05 12:00:00,ev_K,K,3,
20201205082520,2020-12-05 08:25:20,2020-12-05 12:00:00,ev_C,C,25,
20201205082530,2020-12-05 08:25:30,2020-12-05 12:00:00,ev_C,C,10,
20201205082540,2020-12-05 08:25:40,2020-12-05 12:00:00,ev_C,C,7,
20201205082550,2020-12-05 08:25:50,2020-12-05 12:00:00,ev_C,C,12,
20201205082600,2020-12-05 08:26:00,2020-12-05 12:00:00,ev_K,K,4,
20201205082610,2020-12-05 08:26:10,2020-12-05 12:00:00,ev_C,C,2,
20201205082620,2020-12-05 08:26:20,2020-12-05 12:00:00,ev_C,C,8,
20201205082630,2020-12-05 08:26:30,2020-12-05 12:00:00,ev_C,C,10,
20201205082640,2020-12-05 08:26:40,2020-12-05 12:00:00,ev_K,K,2,
20201205082650,2020-12-05 08:26:50,2020-12-05 12:00:00,ev_C,C,21,
20201205082700,2020-12-05 08:27:00,2020-12-05 12:00:00,ev_K,K,3,
20201205082710,2020-12-05 08:27:10,2020-12-05 12:00:00,ev_C,C,13,
20201205082720,2020-12-05 08:27:20,2020-12-05 12:00:00,ev_C,C,2,
20201205082730,2020-12-05 08:27:30,2020-12-05 12:00:00,ev_C,C,9,
20201205082740,2020-12-05 08:27:40,2020-12-05 12:00:00,ev_C,C,7,
20201205082750,2020-12-05 08:27:50,2020-12-05 12:00:00,ev_C,C,1,
20201205082800,2020-12-05 08:28:00,2020-12-05 12:00:00,ev_C,C,24,
20201205082810,2020-12-05 08:28:10,2020-12-05 12:00:00,ev_C,C,8,
20201205082820,2020-12-05 08:28:20,2020-12-05 12:00:00,ev_C,C,15,
20201205082830,2020-12-05 08:28:30,2020-12-05 12:00:00,ev_C,C,23,
20201205082840,2020-12-05 08:28:40,2020-12-05 12:00:00,ev_K,K,3,
20201205082850,2020-12-05 08:28:50,2020-12-05 12:00:00,ev_C,C,3,
20201205082900,2020-12-05 08:29:00,2020-12-05 12:00:00,ev_C,C,10,
20201205082910,2020-12-05 08:29:10,2020-12-05 12:00:00,ev_C,C,13,
20201205082920,2020-12-05 08:29:20,2020-12-05 12:00:00,ev_N,K,5,
20201205082930,2020-12-05 08:29:30,2020-12-05 12:00:00,ev_C,C,6,
20201205082940,2020-12-05 08:29:40,2020-12-05 12:00:00,ev_C,C,12,
20201205082950,2020-12-05 08:29:50,2020-12-05 12:00:00,ev_C,C,14,
20201205083000,2020-12-05 08:30:00,2020-12-05 12:00:00,ev_C,C,8,
20201205083010,2020-12-05 08:30:10,2020-12-05 12:00:00,ev_C,C,23,
20201205083020,2020-12-05 08:30:20,2020-12-05 12:00:00,ev_C,C,1,
20201205083030,2020-12-05 08:30:30,2020-12-05 12:00:00,ev_C,C,9,
20201205083040,2020-12-05 08:30:40,2020-12-05 12:00:00,ev_K,K,4,
20201205083050,2020-12-05 08:30:50,2020-12-05 12:00:00,ev_C,C,13,
20201205083100,2020-12-05 08:31:00,2020-12-05 12:00:00,ev_K,K,5,
20201205083110,2020-12-05 08:31:10,2020-12-05 12:00:00,ev_C,C,13,
20201205083120,2020-12-05 08:31:20,2020-12-05 12:00:00,ev_C,C,13,
20201205083130,2020-12-05 08:31:30,2020-12-05 12:00:00,ev_C,C,21,
20201205083140,2020-12-05 08:31:40,2020-12-05 12:00:00,ev_N,K,5,
20201205083150,2020-12-05 08:31:50,2020-12-05 12:00:00,ev_K,K,5,
20201205083200,2020-12-05 08:32:00,2020-12-05 12:00:00,ev_K,K,5,
20201205083210,2020-12-05 08:32:10,2020-12-05 12:00:00,ev_K,K,1,
20201205083220,2020-12-05 08:32:20,2020-12-05 12:00:00,ev_C,C,10,
20201205083230,2020-12-05 08:32:30,2020-12-05 12:00:00,ev_C,C,22,
20201205083240,2020-12-05 08:32:40,2020-12-05 12:00:00,ev_C,C,25,
20201205083250,2020-12-05 08:32:50,2020-12-05 12:00:00,ev_K,K,4,
20201205083300,2020-12-05 08:33:00,2020-12-05 12:00:00,ev_C,C,2,
20201205083310,2020-12-05 08:33:10,2020-12-05 12:00:00,ev_K,K,1,
20201205083320,2020-12-05 08:33:20,2020-12-05 12:00:00,ev_C,C,11,
20201205083330,2020-12-05 08:33:30,2020-12-05 12:00:00,ev_C,C,1,
20201205083340,2020-12-05 08:33:40,2020-12-05 12:00:00,ev_C,C,23,
20201205083350,2020-12-05 08:33:50,2020-12-05 12:00:00,ev_K,K,2,
20201205083400,2020-12-05 08:34:00,2020-12-05 12:00:00,ev_K,K,2,
20201205083410,2020-12-05 08:34:10,2020-12-05 12:00:00,ev_C,C,25,
20201205083420,2020-12-05 08:34:20,2020-12-05 12:00:00,ev_C,C,21,
20201205083430,2020-12-05 08:34:30,2020-12-05 12:00:00,ev_C,C,8,
20201205083440,2020-12-05 08:34:40,2020-12-05 12:00:00,ev_K,K,5,
20201205083450,2020-12-05 08:34:50,2020-12-05 12:00:00,ev_N,K,2,
20201205083500,2020-12-05 08:35:00,2020-12-05 12:00:00,ev_C,C,24,
20201205083510,2020-12-05 08:35:10,2020-12-05 12:00:00,ev_C,C,23,
20201205083520,2020-12-05 08:35:20,2020-12-05 12:00:00,ev_C,C,24,
20201205083530,2020-12-05 08:35:30,2020-12-05 12:00:00,ev_K,K,1,
20201205083540,2020-12-05 08:35:40,2020-12-05 12:00:00,ev_C,C,24,
20201205083550,2020-12-05 08:35:50,2020-12-05 12:00:00,ev_N,K,3,
20201205083600,2020-12-05 08:36:00,2020-12-05 12:00:00,ev_C,C,6,
20201205083610,2020-12-05 08:36:10,2020-12-05 12:00:00,ev_C,C,15,
20201205083620,2020-12-05 08:36:20,2020-12-05 12:00:00,ev_K,K,4,
20201205083630,2020-12-05 08:36:30,2020-12-05 12:00:00,ev_C,C,2,
20201205083640,2020-12-05 08:36:40,2020-12-05 12:00:00,ev_K,K,1,
20201205083650,2020-12-05 08:36:50,2020-12-05 12:00:00,ev_C,C,5,
20201205083700,2020-12-05 08:37:00,2020-12-05 12:00:00,ev_C,C,4,
20201205083710,2020-12-05 08:37:10,2020-12-05 12:00:00,ev_C,C,9,
20201205083720,2020-12-05 08:37:20,2020-12-05 12:00:00,ev_C,C,2,
20201205083730,2020-12-05 08:37:30,2020-12-05 12:00:00,ev_K,K,5,
20201205083740,2020-12-05 08:37:40,2020-12-05 12:00:00,ev_C,C,25,
20201205083750,2020-12-05 08:37:50,2020-12-05 12:00:00,ev_K,K,3,
20201205083800,2020-12-05 08:38:00,2020-12-05 12:00:00,ev_C,C,9,
20201205083810,2020-12-05 08:38:10,2020-12-05 12:00:00,ev_C,C,21,
20201205083820,2020-12-05 08:38:20,2020-12-05 12:00:00,ev_K,K,1,
20201205083830,2020-12-05 08:38:30,2020-12-05 12:00:00,ev_K,K,4,
20201205083840,2020-12-05 08:38:40,2020-12-05 12:00:00,ev_C,C,14,
20201205083850,2020-12-05 08:38:50,2020-12-05 12:00:00,ev_C,C,21,
20201205083900,2020-12-05 08:39:00,2020-12-05 12:00:00,ev_C,C,7,
20201205083910,2020-12-05 08:39:10,2020-12-05 12:00:00,ev_C,C,12,
20201205083920,2020-12-05 08:39:20,2020-12-05 12:00:00,ev_C,C,12,
20201205083930,2020-12-05 08:39:30,2020-12-05 12:00:00,ev_K,K,4,
20201205083940,2020-12-05 08:39:40,2020-12-05 12:00:00,ev_N,K,1,
20201205083950,2020-12-05 08:39:50,2020-12-05 12:00:00,ev_K,K,1,
20201205084000,2020-12-05 08:40:00,2020-12-05 12:00:00,ev_C,C,12,
20201205084010,2020-12-05 08:40:10,2020-12-05 12:00:00,ev_C,C,23,
20201205084020,2020-12-05 08:40:20,2020-12-05 12:00:00,ev_C,C,15,
20201205084030,2020-12-05 08:40:30,2020-12-05 12:00:00,ev_K,K,1,
20201205084040,2020-12-05 08:40:40,2020-12-05 12:00:00,ev_C,C,2,
20201205084050,2020-12-05 08:40:50,2020-12-05 12:00:00,ev_C,C,7,
20201205084100,2020-12-05 08:41:00,2020-12-05 12:00:00,ev_C,C,23,
20201205084110,2020-12-05 08:41:10,2020-12-05 12:00:00,ev_C,C,24,
20201205084120,2020-12-05 08:41:20,2020-12-05 12:00:00,ev_K,K,4,
20201205084130,2020-12-05 08:41:30,2020-12-05 12:00:00,ev_C,C,8,
20201205084140,2020-12-05 08:41:40,2020-12-05 12:00:00,ev_K,K,2,
20201205084150,2020-12-05 08:41:50,2020-12-05 12:00:00,ev_K,K,4,
20201205084200,2020-12-05 08:42:00,2020-12-05 12:00:00,ev_C,C,7,
20201205084210,2020-12-05 08:42:10,2020-12-05 12:00:00,ev_K,K,4,
20201205084220,2020-12-05 08:42:20,2020-12-05 12:00:00,ev_C,C,14,
20201205084230,2020-12-05 08:42:30,2020-12-05 12:00:00,ev_K,K,4,
20201205084240,2020-12-05 08:42:40,2020-12-05 12:00:00,ev_C,C,8,
20201205084250,2020-12-05 08:42:50,2020-12-05 12:00:00,ev_C,C,21,
20201205084300,2020-12-05 08:43:00,2020-12-05 12:00:00,ev_N,K,4,
20201205084310,2020-12-05 08:43:10,2020-12-05 12:00:00,ev_C,C,12,
20201205084320,2020-12-05 08:43:20,2020-12-05 12:00:00,ev_C,C,5,
20201205084330,2020-12-05 08:43:30,2020-12-05 12:00:00,ev_C,C,21,
20201205084340,2020-12-05 08:43:40,2020-12-05 12:00:00,ev_N,K,5,
20201205084350,2020-12-05 08:43:50,2020-12-05 12:00:00,ev_C,C,2,
20201205084400,2020-12-05 08:44:00,2020-12-05 12:00:00,ev_K,K,5,
20201205084410,2020-12-05 08:44:10,2020-12-05 12:00:00,ev_C,C,7,
20201205084420,2020-12-05 08:44:20,2020-12-05 12:00:00,ev_N,K,4,
20201205084430,2020-12-05 08:44:30,2020-12-05 12:00:00,ev_C,C,10,
20201205084440,2020-12-05 08:44:40,2020-12-05 12:00:00,ev_K,K,4,
20201205084450,2020-12-05 08:44:50,2020-12-05 12:00:00,ev_C,C,22,
20201205084500,2020-12-05 08:45:00,2020-12-05 12:00:00,ev_N,K,5,
20201205084510,2020-12-05 08:45:10,2020-12-05 12:00:00,ev_C,C,14,
20201205084520,2020-12-05 08:45:20,2020-12-05 12:00:00,ev_C,C,11,
20201205084530,2020-12-05 08:45:30,2020-12-05 12:00:00,ev_C,C,24,
20201205084540,2020-12-05 08:45:40,2020-12-05 12:00:00,ev_C,C,23,
20201205084550,2020-12-05 08:45:50,2020-12-05 12:00:00,ev_K,K,2,
20201205084600,2020-12-05 08:46:00,2020-12-05 12:00:00,ev_C,C,2,
20201205084610,2020-12-05 08:46:10,2020-12-05 12:00:00,ev_C,C,1,
20201205084620,2020-12-05 08:46:20,2020-12-05 12:00:00,ev_K,K,2,
20201205084630,2020-12-05 08:46:30,2020-12-05 12:00:00,ev_C,C,22,
20201205084640,2020-12-05 08:46:40,2020-12-05 12:00:00,ev_C,C,11,
20201205084650,2020-12-05 08:46:50,2020-12-05 12:00:00,ev_C,C,13,
20201205084700,2020-12-05 08:47:00,2020-12-05 12:00:00,ev_C,C,23,
20201205084710,2020-12-05 08:47:10,2020-12-05 12:00:00,ev_K,K,1,
20201205084720,2020-12-05 08:47:20,2020-12-05 12:00:00,ev_C,C,24,
20201205084730,2020-12-05 08:47:30,2020-12-05 12:00:00,ev_C,C,9,
20201205084740,2020-12-05 08:47:40,2020-12-05 12:00:00,ev_C,C,24,
20201205084750,2020-12-05 08:47:50,2020-12-05 12:00:00,ev_C,C,2,
20201205084800,2020-12-05 08:48:00,2020-12-05 12:00:00,ev_C,C,13,
20201205084810,2020-12-05 08:48:10,2020-12-05 12:00:00,ev_N,K,4,
20201205084820,2020-12-05 08:48:20,2020-12-05 12:00:00,ev_C,C,9,
20201205084830,2020-12-05 08:48:30,2020-12-05 12:00:00,ev_C,C,3,
20201205084840,2020-12-05 08:48:40,2020-12-05 12:00:00,ev_C,C,9,
20201205084850,2020-12-05 08:48:50,2020-12-05 12:00:00,ev_K,K,5,
20201205084900,2020-12-05 08:49:00,2020-12-05 12:00:00,ev_C,C,4,
20201205084910,2020-12-05 08:49:10,2020-12-05 12:00:00,ev_C,C,13,
20201205084920,2020-12-05 08:49:20,2020-12-05 12:00:00,ev_C,C,10,
20201205084930,2020-12-05 08:49:30,2020-12-05 12:00:00,ev_C,C,15,
20201205084940,2020-12-05 08:49:40,2020-12-05 12:00:00,ev_C,C,9,
20201205084950,2020-12-05 08:49:50,2020-12-05 12:00:00,ev_N,K,1,
20201205085000,2020-12-05 08:50:00,2020-12-05 12:00:00,ev_C,C,22,
20201205085010,2020-12-05 08:50:10,2020-12-05 12:00:00,ev_C,C,7,
20201205085020,2020-12-05 08:50:20,2020-12-05 12:00:00,ev_C,C,1,
20201205085030,2020-12-05 08:50:30,2020-12-05 12:00:00,ev_C,C,23,
20201205085040,2020-12-05 08:50:40,2020-12-05 12:00:00,ev_C,C,13,
20201205085050,2020-12-05 08:50:50,2020-12-05 12:00:00,ev_C,C,14,
20201205085100,2020-12-05 08:51:00,2020-12-05 12:00:00,ev_C,C,2,
20201205085110,2020-12-05 08:51:10,2020-12-05 12:00:00,ev_C,C,22,
20201205085120,2020-12-05 08:51:20,2020-12-05 12:00:00,ev_N,K,1,
20201205085130,2020-12-05 08:51:30,2020-12-05 12:00:00,ev_C,C,6,
20201205085140,2020-12-05 08:51:40,2020-12-05 12:00:00,ev_C,C,9,
20201205085150,2020-12-05 08:51:50,2020-12-05 12:00:00,ev_C,C,25,
20201205085200,2020-12-05 08:52:00,2020-12-05 12:00:00,ev_C,C,14,
20201205085210,2020-12-05 08:52:10,2020-12-05 12:00:00,ev_C,C,7,
20201205085220,2020-12-05 08:52:20,2020-12-05 12:00:00,ev_C,C,5,
20201205085230,2020-12-05 08:52:30,2020-12-05 12:00:00,ev_N,K,4,
20201205085240,2020-12-05 08:52:40,2020-12-05 12:00:00,ev_C,C,4,
20201205085250,2020-12-05 08:52:50,2020-12-05 12:00:00,ev_C,C,22,
20201205085300,2020-12-05 08:53:00,2020-12-05 12:00:00,ev_C,C,6,
20201205085310,2020-12-05 08:53:10,2020-12-05 12:00:00,ev_C,C,7,
20201205085320,2020-12-05 08:53:20,2020-12-05 12:00:00,ev_N,K,3,
20201205085330,2020-12-05 08:53:30,2020-12-05 12:00:00,ev_C,C,6,
20201205085340,2020-12-05 08:53:40,2020-12-05 12:00:00,ev_K,K,2,
20201205085350,2020-12-05 08:53:50,2020-12-05 12:00:00,ev_C,C,7,
20201205085400,2020-12-05 08:54:00,2020-12-05 12:00:00,ev_C,C,8,
20201205085410,2020-12-05 08:54:10,2020-12-05 12:00:00,ev_K,K,2,
20201205085420,2020-12-05 08:54:20,2020-12-05 12:00:00,ev_N,K,4,
20201205085430,2020-12-05 08:54:30,2020-12-05 12:00:00,ev_C,C,8,
20201205085440,2020-12-05 08:54:40,2020-12-05 12:00:00,ev_C,C,22,
20201205085450,2020-12-05 08:54:50,2020-12-05 12:00:00,ev_C,C,9,
20201205085500,2020-12-05 08:55:00,2020-12-05 12:00:00,ev_C,C,21,
20201205085510,2020-12-05 08:55:10,2020-12-05 12:00:00,ev_C,C,4,
20201205085520,2020-12-05 08:55:20,2020-12-05 12:00:00,ev_K,K,4,
20201205085530,2020-12-05 08:55:30,2020-12-05 12:00:00,ev_C,C,3,
20201205085540,2020-12-05 08:55:40,2020-12-05 12:00:00,ev_C,C,24,
20201205085550,2020-12-05 08:55:50,2020-12-05 12:00:00,ev_C,C,7,
20201205085600,2020-12-05 08:56:00,2020-12-05 12:00:00,ev_K,K,4,
20201205085610,2020-12-05 08:56:10,2020-12-05 12:00:00,ev_C,C,21,
20201205085620,2020-12-05 08:56:20,2020-12-05 12:00:00,ev_K,K,2,
20201205085630,2020-12-05 08:56:30,2020-12-05 12:00:00,ev_N,K,1,
20201205085640,2020-12-05 08:56:40,2020-12-05 12:00:00,ev_K,K,1,
20201205085650,2020-12-05 08:56:50,2020-12-05 12:00:00,ev_K,K,5,
20201205085700,2020-12-05 08:57:00,2020-12-05 12:00:00,ev_C,C,6,
20201205085710,2020-12-05 08:57:10,2020-12-05 12:00:00,ev_C,C,11,
20201205085720,2020-12-05 08:57:20,2020-12-05 12:00:00,ev_K,K,4,
20201205085730,2020-12-05 08:57:30,2020-12-05 12:00:00,ev_K,K,2,
20201205085740,2020-12-05 08:57:40,2020-12-05 12:00:00,ev_C,C,10,
20201205085750,2020-12-05 08:57:50,2020-12-05 12:00:00,ev_C,C,15,
20201205085800,2020-12-05 08:58:00,2020-12-05 12:00:00,ev_C,C,13,
20201205085810,2020-12-05 08:58:10,2020-12-05 12:00:00,ev_K,K,4,
20201205085820,2020-12-05 08:58:20,2020-12-05 12:00:00,ev_C,C,14,
20201205085830,2020-12-05 08:58:30,2020-12-05 12:00:00,ev_N,K,2,
20201205085840,2020-12-05 08:58:40,2020-12-05 12:00:00,ev_C,C,14,
20201205085850,2020-12-05 08:58:50,2020-12-05 12:00:00,ev_C,C,23,
20201205085900,2020-12-05 08:59:00,2020-12-05 12:00:00,ev_C,C,6,
20201205085910,2020-12-05 08:59:10,2020-12-05 12:00:00,ev_K,K,3,
20201205085920,2020-12-05 08:59:20,2020-12-05 12:00:00,ev_K,K,3,
20201205085930,2020-12-05 08:59:30,2020-12-05 12:00:00,ev_C,C,22,
20201205085940,2020-12-05 08:59:40,2020-12-05 12:00:00,ev_C,C,9,
20201205085950,2020-12-05 08:59:50,2020-12-05 12:00:00,ev_C,C,5,
20201205090000,2020-12-05 09:00:00,2020-12-05 12:00:00,ev_C,C,3,
20201205090010,2020-12-05 09:00:10,2020-12-05 12:00:00,ev_N,K,3,
20201205090020,2020-12-05 09:00:20,2020-12-05 12:00:00,ev_C,C,22,
20201205090030,2020-12-05 09:00:30,2020-12-05 12:00:00,ev_C,C,2,
20201205090040,2020-12-05 09:00:40,2020-12-05 12:00:00,ev_C,C,11,
20201205090050,2020-12-05 09:00:50,2020-12-05 12:00:00,ev_C,C,4,
20201205090100,2020-12-05 09:01:00,2020-12-05 12:00:00,ev_K,K,4,
20201205090110,2020-12-05 09:01:10,2020-12-05 12:00:00,ev_C,C,24,
20201205090120,2020-12-05 09:01:20,2020-12-05 12:00:00,ev_C,C,8,
20201205090130,2020-12-05 09:01:30,2020-12-05 12:00:00,ev_C,C,21,
20201205090140,2020-12-05 09:01:40,2020-12-05 12:00:00,ev_C,C,25,
20201205090150,2020-12-05 09:01:50,2020-12-05 12:00:00,ev_C,C,21,
20201205090200,2020-12-05 09:02:00,2020-12-05 12:00:00,ev_C,C,23,
20201205090210,2020-12-05 09:02:10,2020-12-05 12:00:00,ev_K,K,5,
20201205090220,2020-12-05 09:02:20,2020-12-05 12:00:00,ev_C,C,24,
20201205090230,2020-12-05 09:02:30,2020-12-05 12:00:00,ev_K,K,1,
20201205090240,2020-12-05 09:02:40,2020-12-05 12:00:00,ev_C,C,10,
20201205090250,2020-12-05 09:02:50,2020-12-05 12:00:00,ev_C,C,7,
20201205090300,2020-12-05 09:03:00,2020-12-05 12:00:00,ev_C,C,22,
20201205090310,2020-12-05 09:03:10,2020-12-05 12:00:00,ev_C,C,2,
20201205090320,2020-12-05 09:03:20,2020-12-05 12:00:00,ev_C,C,3,
20201205090330,2020-12-05 09:03:30,2020-12-05 12:00:00,ev_K,K,4,
20201205090340,2020-12-05 09:03:40,2020-12-05 12:00:00,ev_C,C,24,
20201205090350,2020-12-05 09:03:50,2020-12-05 12:00:00,ev_C,C,8,
20201205090400,2020-12-05 09:04:00,2020-12-05 12:00:00,ev_C,C,21,
20201205090410,2020-12-05 09:04:10,2020-12-05 12:00:00,ev_C,C,24,
20201205090420,2020-12-05 09:04:20,2020-12-05 12:00:00,ev_C,C,4,
20201205090430,2020-12-05 09:04:30,2020-12-05 12:00:00,ev_C,C,24,
20201205090440,2020-12-05 09:04:40,2020-12-05 12:00:00,ev_C,C,13,
20201205090450,2020-12-05 09:04:50,2020-12-05 12:00:00,ev_K,K,3,
20201205090500,2020-12-05 09:05:00,2020-12-05 12:00:00,ev_C,C,12,
20201205090510,2020-12-05 09:05:10,2020-12-05 12:00:00,ev_C,C,24,
20201205090520,2020-12-05 09:05:20,2020-12-05 12:00:00,ev_C,C,13,
20201205090530,2020-12-05 09:05:30,2020-12-05 12:00:00,ev_C,C,2,
20201205090540,2020-12-05 09:05:40,2020-12-05 12:00:00,ev_C,C,11,
20201205090550,2020-12-05 09:05:50,2020-12-05 12:00:00,ev_C,C,15,
20201205090600,2020-12-05 09:06:00,2020-12-05 12:00:00,ev_C,C,5,
20201205090610,2020-12-05 09:06:10,2020-12-05 12:00:00,ev_C,C,15,
20201205090620,2020-12-05 09:06:20,2020-12-05 12:00:00,ev_N,K,3,
20201205090630,2020-12-05 09:06:30,2020-12-05 12:00:00,ev_C,C,14,
20201205090640,2020-12-05 09:06:40,2020-12-05 12:00:00,ev_C,C,10,
20201205090650,2020-12-05 09:06:50,2020-12-05 12:00:00,ev_C,C,22,
20201205090700,2020-12-05 09:07:00,2020-12-05 12:00:00,ev_K,K,2,
20201205090710,2020-12-05 09:07:10,2020-12-05 12:00:00,ev_C,C,24,
20201205090720,2020-12-05 09:07:20,2020-12-05 12:00:00,ev_C,C,21,
20201205090730,2020-12-05 09:07:30,2020-12-05 12:00:00,ev_C,C,22,
20201205090740,2020-12-05 09:07:40,2020-12-05 12:00:00,ev_C,C,8,
20201205090750,2020-12-05 09:07:50,2020-12-05 12:00:00,ev_C,C,1,
20201205090800,2020-12-05 09:08:00,2020-12-05 12:00:00,ev_C,C,3,
20201205090810,2020-12-05 09:08:10,2020-12-05 12:00:00,ev_C,C,1,
20201205090820,2020-12-05 09:08:20,2020-12-05 12:00:00,ev_C,C,11,
20201205090830,2020-12-05 09:08:30,2020-12-05 12:00:00,ev_C,C,1,
20201205090840,2020-12-05 09:08:40,2020-12-05 12:00:00,ev_K,K,1,
20201205090850,2020-12-05 09:08:50,2020-12-05 12:00:00,ev_C,C,8,
20201205090900,2020-12-05 09:09:00,2020-12-05 12:00:00,ev_C,C,4,
20201205090910,2020-12-05 09:09:10,2020-12-05 12:00:00,ev_K,K,3,
20201205090920,2020-12-05 09:09:20,2020-12-05 12:00:00,ev_C,C,6,
20201205090930,2020-12-05 09:09:30,2020-12-05 12:00:00,ev_C,C,9,
20201205090940,2020-12-05 09:09:40,2020-12-05 12:00:00,ev_C,C,1,
20201205090950,2020-12-05 09:09:50,2020-12-05 12:00:00,ev_K,K,4,
20201205091000,2020-12-05 09:10:00,2020-12-05 12:00:00,ev_K,K,5,
20201205091010,2020-12-05 09:10:10,2020-12-05 12:00:00,ev_C,C,22,
20201205091020,2020-12-05 09:10:20,2020-12-05 12:00:00,ev_K,K,5,
20201205091030,2020-12-05 09:10:30,2020-12-05 12:00:00,ev_K,K,3,
20201205091040,2020-12-05 09:10:40,2020-12-05 12:00:00,ev_K,K,2,
20201205091050,2020-12-05 09:10:50,2020-12-05 12:00:00,ev_C,C,25,
20201205091100,2020-12-05 09:11:00,2020-12-05 12:00:00,ev_C,C,15,
20201205091110,2020-12-05 09:11:10,2020-12-05 12:00:00,ev_C,C,23,
20201205091120,2020-12-05 09:11:20,2020-12-05 12:00:00,ev_N,K,5,
20201205091130,2020-12-05 09:11:30,2020-12-05 12:00:00,ev_C,C,15,
20201205091140,2020-12-05 09:11:40,2020-12-05 12:00:00,ev_C,C,7,
20201205091150,2020-12-05 09:11:50,2020-12-05 12:00:00,ev_C,C,6,
20201205091200,2020-12-05 09:12:00,2020-12-05 12:00:00,ev_C,C,23,
20201205091210,2020-12-05 09:12:10,2020-12-05 12:00:00,ev_C,C,2,
20201205091220,2020-12-05 09:12:20,2020-12-05 12:00:00,ev_K,K,1,
20201205091230,2020-12-05 09:12:30,2020-12-05 12:00:00,ev_C,C,23,
20201205091240,2020-12-05 09:12:40,2020-12-05 12:00:00,ev_C,C,15,
20201205091250,2020-12-05 09:12:50,2020-12-05 12:00:00,ev_K,K,5,
20201205091300,2020-12-05 09:13:00,2020-12-05 12:00:00,ev_K,K,1,
20201205091310,2020-12-05 09:13:10,2020-12-05 12:00:00,ev_K,K,4,
20201205091320,2020-12-05 09:13:20,2020-12-05 12:00:00,ev_K,K,2,
20201205091330,2020-12-05 09:13:30,2020-12-05 12:00:00,ev_K,K,2,
20201205091340,2020-12-05 09:13:40,2020-12-05 12:00:00,ev_K,K,1,
20201205091350,2020-12-05 09:13:50,2020-12-05 12:00:00,ev_C,C,11,
20201205091400,2020-12-05 09:14:00,2020-12-05 12:00:00,ev_C,C,10,
20201205091410,2020-12-05 09:14:10,2020-12-05 12:00:00,ev_C,C,2,
20201205091420,2020-12-05 09:14:20,2020-12-05 12:00:00,ev_C,C,11,
20201205091430,2020-12-05 09:14:30,2020-12-05 12:00:00,ev_C,C,10,
20201205091440,2020-12-05 09:14:40,2020-12-05 12:00:00,ev_C,C,8,
20201205091450,2020-12-05 09:14:50,2020-12-05 12:00:00,ev_C,C,13,
20201205091500,2020-12-05 09:15:00,2020-12-05 12:00:00,ev_C,C,15,
20201205091510,2020-12-05 09:15:10,2020-12-05 12:00:00,ev_C,C,5,
20201205091520,2020-12-05 09:15:20,2020-12-05 12:00:00,ev_C,C,25,
20201205091530,2020-12-05 09:15:30,2020-12-05 12:00:00,ev_C,C,21,
20201205091540,2020-12-05 09:15:40,2020-12-05 12:00:00,ev_K,K,1,
20201205091550,2020-12-05 09:15:50,2020-12-05 12:00:00,ev_C,C,15,
20201205091600,2020-12-05 09:16:00,2020-12-05 12:00:00,ev_N,K,2,
20201205091610,2020-12-05 09:16:10,2020-12-05 12:00:00,ev_C,C,2,
20201205091620,2020-12-05 09:16:20,2020-12-05 12:00:00,ev_K,K,3,
20201205091630,2020-12-05 09:16:30,2020-12-05 12:00:00,ev_C,C,9,
20201205091640,2020-12-05 09:16:40,2020-12-05 12:00:00,ev_C,C,11,
20201205091650,2020-12-05 09:16:50,2020-12-05 12:00:00,ev_C,C,3,
20201205091700,2020-12-05 09:17:00,2020-12-05 12:00:00,ev_C,C,4,
20201205091710,2020-12-05 09:17:10,2020-12-05 12:00:00,ev_K,K,3,
20201205091720,2020-12-05 09:17:20,2020-12-05 12:00:00,ev_N,K,5,
20201205091730,2020-12-05 09:17:30,2020-12-05 12:00:00,ev_C,C,5,
20201205091740,2020-12-05 09:17:40,2020-12-05 12:00:00,ev_K,K,5,
20201205091750,2020-12-05 09:17:50,2020-12-05 12:00:00,ev_K,K,4,
20201205091800,2020-12-05 09:18:00,2020-12-05 12:00:00,ev_C,C,24,
20201205091810,2020-12-05 09:18:10,2020-12-05 12:00:00,ev_C,C,23,
20201205091820,2020-12-05 09:18:20,2020-12-05 12:00:00,ev_C,C,8,
20201205091830,2020-12-05 09:18:30,2020-12-05 12:00:00,ev_C,C,2,
20201205091840,2020-12-05 09:18:40,2020-12-05 12:00:00,ev_C,C,23,
20201205091850,2020-12-05 09:18:50,2020-12-05 12:00:00,ev_C,C,23,
20201205091900,2020-12-05 09:19:00,2020-12-05 12:00:00,ev_C,C,12,
20201205091910,2020-12-05 09:19:10,2020-12-05 12:00:00,ev_C,C,24,
20201205091920,2020-12-05 09:19:20,2020-12-05 12:00:00,ev_C,C,3,
20201205091930,2020-12-05 09:19:30,2020-12-05 12:00:00,ev_C,C,22,
20201205091940,2020-12-05 09:19:40,2020-12-05 12:00:00,ev_C,C,4,
20201205091950,2020-12-05 09:19:50,2020-12-05 12:00:00,ev_K,K,3,
20201205092000,2020-12-05 09:20:00,2020-12-05 12:00:00,ev_C,C,8,
20201205092010,2020-12-05 09:20:10,2020-12-05 12:00:00,ev_K,K,1,
20201205092020,2020-12-05 09:20:20,2020-12-05 12:00:00,ev_C,C,13,
20201205092030,2020-12-05 09:20:30,2020-12-05 12:00:00,ev_C,C,10,
20201205092040,2020-12-05 09:20:40,2020-12-05 12:00:00,ev_K,K,5,
20201205092050,2020-12-05 09:20:50,2020-12-05 12:00:00,ev_C,C,2,
20201205092100,2020-12-05 09:21:00,2020-12-05 12:00:00,ev_C,C,3,
20201205092110,2020-12-05 09:21:10,2020-12-05 12:00:00,ev_C,C,12,
20201205092120,2020-12-05 09:21:20,2020-12-05 12:00:00,ev_N,K,3,
20201205092130,2020-12-05 09:21:30,2020-12-05 12:00:00,ev_K,K,5,
20201205092140,2020-12-05 09:21:40,2020-12-05 12:00:00,ev_N,K,1,
20201205092150,2020-12-05 09:21:50,2020-12-05 12:00:00,ev_C,C,5,
20201205092200,2020-12-05 09:22:00,2020-12-05 12:00:00,ev_N,K,4,
20201205092210,2020-12-05 09:22:10,2020-12-05 12:00:00,ev_K,K,4,
20201205092220,2020-12-05 09:22:20,2020-12-05 12:00:00,ev_C,C,11,
20201205092230,2020-12-05 09:22:30,2020-12-05 12:00:00,ev_N,K,4,
20201205092240,2020-12-05 09:22:40,2020-12-05 12:00:00,ev_K,K,2,
20201205092250,2020-12-05 09:22:50,2020-12-05 12:00:00,ev_K,K,4,
20201205092300,2020-12-05 09:23:00,2020-12-05 12:00:00,ev_K,K,4,
20201205092310,2020-12-05 09:23:10,2020-12-05 12:00:00,ev_C,C,10,
20201205092320,2020-12-05 09:23:20,2020-12-05 12:00:00,ev_C,C,13,
20201205092330,2020-12-05 09:23:30,2020-12-05 12:00:00,ev_C,C,15,
20201205092340,2020-12-05 09:23:40,2020-12-05 12:00:00,ev_C,C,9,
20201205092350,2020-12-05 09:23:50,2020-12-05 12:00:00,ev_K,K,3,
20201205092400,2020-12-05 09:24:00,2020-12-05 12:00:00,ev_N,K,1,
20201205092410,2020-12-05 09:24:10,2020-12-05 12:00:00,ev_C,C,13,
20201205092420,2020-12-05 09:24:20,2020-12-05 12:00:00,ev_C,C,6,
20201205092430,2020-12-05 09:24:30,2020-12-05 12:00:00,ev_C,C,25,
20201205092440,2020-12-05 09:24:40,2020-12-05 12:00:00,ev_C,C,5,
20201205092450,2020-12-05 09:24:50,2020-12-05 12:00:00,ev_C,C,8,
20201205092500,2020-12-05 09:25:00,2020-12-05 12:00:00,ev_C,C,12,
20201205092510,2020-12-05 09:25:10,2020-12-05 12:00:00,ev_K,K,1,
20201205092520,2020-12-05 09:25:20,2020-12-05 12:00:00,ev_K,K,2,
20201205092530,2020-12-05 09:25:30,2020-12-05 12:00:00,ev_C,C,12,
20201205092540,2020-12-05 09:25:40,2020-12-05 12:00:00,ev_C,C,1,
20201205092550,2020-12-05 09:25:50,2020-12-05 12:00:00,ev_C,C,15,
20201205092600,2020-12-05 09:26:00,2020-12-05 12:00:00,ev_C,C,1,
20201205092610,2020-12-05 09:26:10,2020-12-05 12:00:00,ev_C,C,8,
20201205092620,2020-12-05 09:26:20,2020-12-05 12:00:00,ev_C,C,23,
20201205092630,2020-12-05 09:26:30,2020-12-05 12:00:00,ev_C,C,14,
20201205092640,2020-12-05 09:26:40,2020-12-05 12:00:00,ev_C,C,24,
20201205092650,2020-12-05 09:26:50,2020-12-05 12:00:00,ev_K,K,1,
20201205092700,2020-12-05 09:27:00,2020-12-05 12:00:00,ev_C,C,8,
20201205092710,2020-12-05 09:27:10,2020-12-05 12:00:00,ev_C,C,22,
20201205092720,2020-12-05 09:27:20,2020-12-05 12:00:00,ev_K,K,2,
20201205092730,2020-12-05 09:27:30,2020-12-05 12:00:00,ev_C,C,13,
20201205092740,2020-12-05 09:27:40,2020-12-05 12:00:00,ev_C,C,5,
20201205092750,2020-12-05 09:27:50,2020-12-05 12:00:00,ev_K,K,2,
20201205092800,2020-12-05 09:28:00,2020-12-05 12:00:00,ev_N,K,3,
20201205092810,2020-12-05 09:28:10,2020-12-05 12:00:00,ev_C,C,10,
20201205092820,2020-12-05 09:28:20,2020-12-05 12:00:00,ev_C,C,21,
20201205092830,2020-12-05 09:28:30,2020-12-05 12:00:00,ev_C,C,1,
20201205092840,2020-12-05 09:28:40,2020-12-05 12:00:00,ev_N,K,4,
20201205092850,2020-12-05 09:28:50,2020-12-05 12:00:00,ev_C,C,2,
20201205092900,2020-12-05 09:29:00,2020-12-05 12:00:00,ev_C,C,7,
20201205092910,2020-12-05 09:29:10,2020-12-05 12:00:00,ev_C,C,25,
20201205092920,2020-12-05 09:29:20,2020-12-05 12:00:00,ev_C,C,15,
20201205092930,2020-12-05 09:29:30,2020-12-05 12:00:00,ev_C,C,9,
20201205092940,2020-12-05 09:29:40,2020-12-05 12:00:00,ev_C,C,6,
20201205092950,2020-12-05 09:29:50,2020-12-05 12:00:00,ev_C,C,22,
20201205093000,2020-12-05 09:30:00,2020-12-05 12:00:00,ev_C,C,7,
20201205093010,2020-12-05 09:30:10,2020-12-05 12:00:00,ev_C,C,2,
20201205093020,2020-12-05 09:30:20,2020-12-05 12:00:00,ev_C,C,13,
20201205093030,2020-12-05 09:30:30,2020-12-05 12:00:00,ev_C,C,22,
20201205093040,2020-12-05 09:30:40,2020-12-05 12:00:00,ev_C,C,6,
20201205093050,2020-12-05 09:30:50,2020-12-05 12:00:00,ev_C,C,10,
20201205093100,2020-12-05 09:31:00,2020-12-05 12:00:00,ev_C,C,15,
20201205093110,2020-12-05 09:31:10,2020-12-05 12:00:00,ev_C,C,25,
20201205093120,2020-12-05 09:31:20,2020-12-05 12:00:00,ev_C,C,6,
20201205093130,2020-12-05 09:31:30,2020-12-05 12:00:00,ev_C,C,4,
20201205093140,2020-12-05 09:31:40,2020-12-05 12:00:00,ev_C,C,21,
20201205093150,2020-12-05 09:31:50,2020-12-05 12:00:00,ev_C,C,15,
20201205093200,2020-12-05 09:32:00,2020-12-05 12:00:00,ev_C,C,4,
20201205093210,2020-12-05 09:32:10,2020-12-05 12:00:00,ev_C,C,10,
20201205093220,2020-12-05 09:32:20,2020-12-05 12:00:00,ev_C,C,24,
20201205093230,2020-12-05 09:32:30,2020-12-05 12:00:00,ev_C,C,6,
20201205093240,2020-12-05 09:32:40,2020-12-05 12:00:00,ev_K,K,2,
20201205093250,2020-12-05 09:32:50,2020-12-05 12:00:00,ev_C,C,22,
20201205093300,2020-12-05 09:33:00,2020-12-05 12:00:00,ev_K,K,2,
20201205093310,2020-12-05 09:33:10,2020-12-05 12:00:00,ev_C,C,23,
20201205093320,2020-12-05 09:33:20,2020-12-05 12:00:00,ev_C,C,7,
20201205093330,2020-12-05 09:33:30,2020-12-05 12:00:00,ev_C,C,6,
20201205093340,2020-12-05 09:33:40,2020-12-05 12:00:00,ev_C,C,4,
20201205093350,2020-12-05 09:33:50,2020-12-05 12:00:00,ev_C,C,3,
20201205093400,2020-12-05 09:34:00,2020-12-05 12:00:00,ev_C,C,13,
20201205093410,2020-12-05 09:34:10,2020-12-05 12:00:00,ev_C,C,8,
20201205093420,2020-12-05 09:34:20,2020-12-05 12:00:00,ev_C,C,6,
20201205093430,2020-12-05 09:34:30,2020-12-05 12:00:00,ev_C,C,6,
20201205093440,2020-12-05 09:34:40,2020-12-05 12:00:00,ev_C,C,1,
20201205093450,2020-12-05 09:34:50,2020-12-05 12:00:00,ev_C,C,3,
20201205093500,2020-12-05 09:35:00,2020-12-05 12:00:00,ev_K,K,5,
20201205093510,2020-12-05 09:35:10,2020-12-05 12:00:00,ev_C,C,11,
20201205093520,2020-12-05 09:35:20,2020-12-05 12:00:00,ev_C,C,9,
20201205093530,2020-12-05 09:35:30,2020-12-05 12:00:00,ev_K,K,3,
20201205093540,2020-12-05 09:35:40,2020-12-05 12:00:00,ev_C,C,14,
20201205093550,2020-12-05 09:35:50,2020-12-05 12:00:00,ev_C,C,4,
20201205093600,2020-12-05 09:36:00,2020-12-05 12:00:00,ev_N,K,4,
20201205093610,2020-12-05 09:36:10,2020-12-05 12:00:00,ev_C,C,2,
20201205093620,2020-12-05 09:36:20,2020-12-05 12:00:00,ev_C,C,14,
20201205093630,2020-12-05 09:36:30,2020-12-05 12:00:00,ev_C,C,4,
20201205093640,2020-12-05 09:36:40,2020-12-05 12:00:00,ev_C,C,3,
20201205093650,2020-12-05 09:36:50,2020-12-05 12:00:00,ev_C,C,11,
20201205093700,2020-12-05 09:37:00,2020-12-05 12:00:00,ev_K,K,4,
20201205093710,2020-12-05 09:37:10,2020-12-05 12:00:00,ev_C,C,11,
20201205093720,2020-12-05 09:37:20,2020-12-05 12:00:00,ev_C,C,21,
20201205093730,2020-12-05 09:37:30,2020-12-05 12:00:00,ev_C,C,7,
20201205093740,2020-12-05 09:37:40,2020-12-05 12:00:00,ev_C,C,9,
20201205093750,2020-12-05 09:37:50,2020-12-05 12:00:00,ev_N,K,2,
20201205093800,2020-12-05 09:38:00,2020-12-05 12:00:00,ev_N,K,1,
20201205093810,2020-12-05 09:38:10,2020-12-05 12:00:00,ev_C,C,15,
20201205093820,2020-12-05 09:38:20,2020-12-05 12:00:00,ev_C,C,22,
20201205093830,2020-12-05 09:38:30,2020-12-05 12:00:00,ev_C,C,5,
20201205093840,2020-12-05 09:38:40,2020-12-05 12:00:00,ev_C,C,5,
20201205093850,2020-12-05 09:38:50,2020-12-05 12:00:00,ev_C,C,9,
20201205093900,2020-12-05 09:39:00,2020-12-05 12:00:00,ev_C,C,3,
20201205093910,2020-12-05 09:39:10,2020-12-05 12:00:00,ev_C,C,14,
20201205093920,2020-12-05 09:39:20,2020-12-05 12:00:00,ev_C,C,1,
20201205093930,2020-12-05 09:39:30,2020-12-05 12:00:00,ev_C,C,23,
20201205093940,2020-12-05 09:39:40,2020-12-05 12:00:00,ev_C,C,14,
20201205093950,2020-12-05 09:39:50,2020-12-05 12:00:00,ev_C,C,4,
20201205094000,2020-12-05 09:40:00,2020-12-05 12:00:00,ev_N,K,3,
20201205094010,2020-12-05 09:40:10,2020-12-05 12:00:00,ev_C,C,12,
20201205094020,2020-12-05 09:40:20,2020-12-05 12:00:00,ev_C,C,7,
20201205094030,2020-12-05 09:40:30,2020-12-05 12:00:00,ev_C,C,22,
20201205094040,2020-12-05 09:40:40,2020-12-05 12:00:00,ev_K,K,3,
20201205094050,2020-12-05 09:40:50,2020-12-05 12:00:00,ev_C,C,23,
20201205094100,2020-12-05 09:41:00,2020-12-05 12:00:00,ev_C,C,11,
20201205094110,2020-12-05 09:41:10,2020-12-05 12:00:00,ev_C,C,11,
20201205094120,2020-12-05 09:41:20,2020-12-05 12:00:00,ev_N,K,5,
20201205094130,2020-12-05 09:41:30,2020-12-05 12:00:00,ev_C,C,25,
20201205094140,2020-12-05 09:41:40,2020-12-05 12:00:00,ev_C,C,21,
20201205094150,2020-12-05 09:41:50,2020-12-05 12:00:00,ev_K,K,5,
20201205094200,2020-12-05 09:42:00,2020-12-05 12:00:00,ev_C,C,14,
20201205094210,2020-12-05 09:42:10,2020-12-05 12:00:00,ev_C,C,10,
20201205094220,2020-12-05 09:42:20,2020-12-05 12:00:00,ev_C,C,3,
20201205094230,2020-12-05 09:42:30,2020-12-05 12:00:00,ev_C,C,3,
20201205094240,2020-12-05 09:42:40,2020-12-05 12:00:00,ev_N,K,5,
20201205094250,2020-12-05 09:42:50,2020-12-05 12:00:00,ev_C,C,13,
20201205094300,2020-12-05 09:43:00,2020-12-05 12:00:00,ev_K,K,4,
20201205094310,2020-12-05 09:43:10,2020-12-05 12:00:00,ev_C,C,1,
20201205094320,2020-12-05 09:43:20,2020-12-05 12:00:00,ev_K,K,5,
20201205094330,2020-12-05 09:43:30,2020-12-05 12:00:00,ev_C,C,25,
20201205094340,2020-12-05 09:43:40,2020-12-05 12:00:00,ev_C,C,23,
20201205094350,2020-12-05 09:43:50,2020-12-05 12:00:00,ev_C,C,3,
20201205094400,2020-12-05 09:44:00,2020-12-05 12:00:00,ev_K,K,4,
20201205094410,2020-12-05 09:44:10,2020-12-05 12:00:00,ev_C,C,9,
20201205094420,2020-12-05 09:44:20,2020-12-05 12:00:00,ev_K,K,1,
20201205094430,2020-12-05 09:44:30,2020-12-05 12:00:00,ev_C,C,22,
20201205094440,2020-12-05 09:44:40,2020-12-05 12:00:00,ev_N,K,3,
20201205094450,2020-12-05 09:44:50,2020-12-05 12:00:00,ev_C,C,10,
20201205094500,2020-12-05 09:45:00,2020-12-05 12:00:00,ev_N,K,1,
20201205094510,2020-12-05 09:45:10,2020-12-05 12:00:00,ev_K,K,3,
20201205094520,2020-12-05 09:45:20,2020-12-05 12:00:00,ev_C,C,12,
20201205094530,2020-12-05 09:45:30,2020-12-05 12:00:00,ev_N,K,2,
20201205094540,2020-12-05 09:45:40,2020-12-05 12:00:00,ev_C,C,15,
20201205094550,2020-12-05 09:45:50,2020-12-05 12:00:00,ev_C,C,23,
20201205094600,2020-12-05 09:46:00,2020-12-05 12:00:00,ev_C,C,11,
20201205094610,2020-12-05 09:46:10,2020-12-05 12:00:00,ev_K,K,1,
20201205094620,2020-12-05 09:46:20,2020-12-05 12:00:00,ev_N,K,5,
20201205094630,2020-12-05 09:46:30,2020-12-05 12:00:00,ev_N,K,5,
20201205094640,2020-12-05 09:46:40,2020-12-05 12:00:00,ev_C,C,2,
20201205094650,2020-12-05 09:46:50,2020-12-05 12:00:00,ev_C,C,14,
20201205094700,2020-12-05 09:47:00,2020-12-05 12:00:00,ev_C,C,21,
20201205094710,2020-12-05 09:47:10,2020-12-05 12:00:00,ev_C,C,24,
20201205094720,2020-12-05 09:47:20,2020-12-05 12:00:00,ev_C,C,11,
20201205094730,2020-12-05 09:47:30,2020-12-05 12:00:00,ev_C,C,15,
20201205094740,2020-12-05 09:47:40,2020-12-05 12:00:00,ev_C,C,22,
20201205094750,2020-12-05 09:47:50,2020-12-05 12:00:00,ev_C,C,6,
20201205094800,2020-12-05 09:48:00,2020-12-05 12:00:00,ev_C,C,9,
20201205094810,2020-12-05 09:48:10,2020-12-05 12:00:00,ev_C,C,21,
20201205094820,2020-12-05 09:48:20,2020-12-05 12:00:00,ev_N,K,5,
20201205094830,2020-12-05 09:48:30,2020-12-05 12:00:00,ev_C,C,23,
20201205094840,2020-12-05 09:48:40,2020-12-05 12:00:00,ev_C,C,1,
20201205094850,2020-12-05 09:48:50,2020-12-05 12:00:00,ev_C,C,12,
20201205094900,2020-12-05 09:49:00,2020-12-05 12:00:00,ev_C,C,1,
20201205094910,2020-12-05 09:49:10,2020-12-05 12:00:00,ev_K,K,4,
20201205094920,2020-12-05 09:49:20,2020-12-05 12:00:00,ev_C,C,7,
20201205094930,2020-12-05 09:49:30,2020-12-05 12:00:00,ev_C,C,11,
20201205094940,2020-12-05 09:49:40,2020-12-05 12:00:00,ev_C,C,23,
20201205094950,2020-12-05 09:49:50,2020-12-05 12:00:00,ev_K,K,5,
20201205095000,2020-12-05 09:50:00,2020-12-05 12:00:00,ev_C,C,10,
20201205095010,2020-12-05 09:50:10,2020-12-05 12:00:00,ev_C,C,1,
20201205095020,2020-12-05 09:50:20,2020-12-05 12:00:00,ev_C,C,24,
20201205095030,2020-12-05 09:50:30,2020-12-05 12:00:00,ev_C,C,15,
20201205095040,2020-12-05 09:50:40,2020-12-05 12:00:00,ev_N,K,4,
20201205095050,2020-12-05 09:50:50,2020-12-05 12:00:00,ev_K,K,5,
20201205095100,2020-12-05 09:51:00,2020-12-05 12:00:00,ev_K,K,3,
20201205095110,2020-12-05 09:51:10,2020-12-05 12:00:00,ev_C,C,7,
20201205095120,2020-12-05 09:51:20,2020-12-05 12:00:00,ev_K,K,1,
20201205095130,2020-12-05 09:51:30,2020-12-05 12:00:00,ev_C,C,5,
20201205095140,2020-12-05 09:51:40,2020-12-05 12:00:00,ev_C,C,4,
20201205095150,2020-12-05 09:51:50,2020-12-05 12:00:00,ev_K,K,1,
20201205095200,2020-12-05 09:52:00,2020-12-05 12:00:00,ev_C,C,8,
20201205095210,2020-12-05 09:52:10,2020-12-05 12:00:00,ev_C,C,15,
20201205095220,2020-12-05 09:52:20,2020-12-05 12:00:00,ev_C,C,9,
20201205095230,2020-12-05 09:52:30,2020-12-05 12:00:00,ev_N,K,5,
20201205095240,2020-12-05 09:52:40,2020-12-05 12:00:00,ev_C,C,22,
20201205095250,2020-12-05 09:52:50,2020-12-05 12:00:00,ev_N,K,4,
20201205095300,2020-12-05 09:53:00,2020-12-05 12:00:00,ev_C,C,9,
20201205095310,2020-12-05 09:53:10,2020-12-05 12:00:00,ev_C,C,11,
20201205095320,2020-12-05 09:53:20,2020-12-05 12:00:00,ev_C,C,4,
20201205095330,2020-12-05 09:53:30,2020-12-05 12:00:00,ev_C,C,8,
20201205095340,2020-12-05 09:53:40,2020-12-05 12:00:00,ev_C,C,7,
20201205095350,2020-12-05 09:53:50,2020-12-05 12:00:00,ev_C,C,5,
20201205095400,2020-12-05 09:54:00,2020-12-05 12:00:00,ev_C,C,15,
20201205095410,2020-12-05 09:54:10,2020-12-05 12:00:00,ev_K,K,2,
20201205095420,2020-12-05 09:54:20,2020-12-05 12:00:00,ev_C,C,4,
20201205095430,2020-12-05 09:54:30,2020-12-05 12:00:00,ev_K,K,2,
20201205095440,2020-12-05 09:54:40,2020-12-05 12:00:00,ev_C,C,25,
20201205095450,2020-12-05 09:54:50,2020-12-05 12:00:00,ev_C,C,21,
20201205095500,2020-12-05 09:55:00,2020-12-05 12:00:00,ev_C,C,6,
20201205095510,2020-12-05 09:55:10,2020-12-05 12:00:00,ev_C,C,13,
20201205095520,2020-12-05 09:55:20,2020-12-05 12:00:00,ev_K,K,4,
20201205095530,2020-12-05 09:55:30,2020-12-05 12:00:00,ev_K,K,1,
20201205095540,2020-12-05 09:55:40,2020-12-05 12:00:00,ev_C,C,3,
20201205095550,2020-12-05 09:55:50,2020-12-05 12:00:00,ev_C,C,4,
20201205095600,2020-12-05 09:56:00,2020-12-05 12:00:00,ev_N,K,2,
20201205095610,2020-12-05 09:56:10,2020-12-05 12:00:00,ev_K,K,4,
20201205095620,2020-12-05 09:56:20,2020-12-05 12:00:00,ev_C,C,21,
20201205095630,2020-12-05 09:56:30,2020-12-05 12:00:00,ev_K,K,3,
20201205095640,2020-12-05 09:56:40,2020-12-05 12:00:00,ev_C,C,10,
20201205095650,2020-12-05 09:56:50,2020-12-05 12:00:00,ev_K,K,4,
20201205095700,2020-12-05 09:57:00,2020-12-05 12:00:00,ev_N,K,2,
20201205095710,2020-12-05 09:57:10,2020-12-05 12:00:00,ev_C,C,4,
20201205095720,2020-12-05 09:57:20,2020-12-05 12:00:00,ev_C,C,11,
20201205095730,2020-12-05 09:57:30,2020-12-05 12:00:00,ev_C,C,24,
20201205095740,2020-12-05 09:57:40,2020-12-05 12:00:00,ev_C,C,10,
20201205095750,2020-12-05 09:57:50,2020-12-05 12:00:00,ev_N,K,1,
20201205095800,2020-12-05 09:58:00,2020-12-05 12:00:00,ev_C,C,25,
20201205095810,2020-12-05 09:58:10,2020-12-05 12:00:00,ev_K,K,2,
20201205095820,2020-12-05 09:58:20,2020-12-05 12:00:00,ev_C,C,13,
20201205095830,2020-12-05 09:58:30,2020-12-05 12:00:00,ev_N,K,2,
20201205095840,2020-12-05 09:58:40,2020-12-05 12:00:00,ev_K,K,3,
20201205095850,2020-12-05 09:58:50,2020-12-05 12:00:00,ev_N,K,5,
20201205095900,2020-12-05 09:59:00,2020-12-05 12:00:00,ev_K,K,2,
20201205095910,2020-12-05 09:59:10,2020-12-05 12:00:00,ev_C,C,2,
20201205095920,2020-12-05 09:59:20,2020-12-05 12:00:00,ev_C,C,14,
20201205095930,2020-12-05 09:59:30,2020-12-05 12:00:00,ev_C,C,10,
20201205095940,2020-12-05 09:59:40,2020-12-05 12:00:00,ev_C,C,25,
20201205095950,2020-12-05 09:59:50,2020-12-05 12:00:00,ev_C,C,10,
20201205100000,2020-12-05 10:00:00,2020-12-05 12:00:00,ev_C,C,21,
20201205100010,2020-12-05 10:00:10,2020-12-05 12:00:00,ev_K,K,4,
20201205100020,2020-12-05 10:00:20,2020-12-05 12:00:00,ev_K,K,1,
20201205100030,2020-12-05 10:00:30,2020-12-05 12:00:00,ev_C,C,1,
20201205100040,2020-12-05 10:00:40,2020-12-05 12:00:00,ev_C,C,22,
20201205100050,2020-12-05 10:00:50,2020-12-05 12:00:00,ev_C,C,5,
20201205100100,2020-12-05 10:01:00,2020-12-05 12:00:00,ev_C,C,7,
20201205100110,2020-12-05 10:01:10,2020-12-05 12:00:00,ev_C,C,1,
20201205100120,2020-12-05 10:01:20,2020-12-05 12:00:00,ev_K,K,2,
20201205100130,2020-12-05 10:01:30,2020-12-05 12:00:00,ev_C,C,22,
20201205100140,2020-12-05 10:01:40,2020-12-05 12:00:00,ev_C,C,15,
20201205100150,2020-12-05 10:01:50,2020-12-05 12:00:00,ev_K,K,2,
20201205100200,2020-12-05 10:02:00,2020-12-05 12:00:00,ev_C,C,11,
20201205100210,2020-12-05 10:02:10,2020-12-05 12:00:00,ev_C,C,24,
20201205100220,2020-12-05 10:02:20,2020-12-05 12:00:00,ev_C,C,9,
20201205100230,2020-12-05 10:02:30,2020-12-05 12:00:00,ev_C,C,23,
20201205100240,2020-12-05 10:02:40,2020-12-05 12:00:00,ev_N,K,1,
20201205100250,2020-12-05 10:02:50,2020-12-05 12:00:00,ev_C,C,22,
20201205100300,2020-12-05 10:03:00,2020-12-05 12:00:00,ev_N,K,3,
20201205100310,2020-12-05 10:03:10,2020-12-05 12:00:00,ev_C,C,10,
20201205100320,2020-12-05 10:03:20,2020-12-05 12:00:00,ev_K,K,1,
20201205100330,2020-12-05 10:03:30,2020-12-05 12:00:00,ev_C,C,21,
20201205100340,2020-12-05 10:03:40,2020-12-05 12:00:00,ev_C,C,12,
20201205100350,2020-12-05 10:03:50,2020-12-05 12:00:00,ev_C,C,21,
20201205100400,2020-12-05 10:04:00,2020-12-05 12:00:00,ev_C,C,25,
20201205100410,2020-12-05 10:04:10,2020-12-05 12:00:00,ev_C,C,5,
20201205100420,2020-12-05 10:04:20,2020-12-05 12:00:00,ev_K,K,1,
20201205100430,2020-12-05 10:04:30,2020-12-05 12:00:00,ev_C,C,14,
20201205100440,2020-12-05 10:04:40,2020-12-05 12:00:00,ev_C,C,4,
20201205100450,2020-12-05 10:04:50,2020-12-05 12:00:00,ev_C,C,2,
20201205100500,2020-12-05 10:05:00,2020-12-05 12:00:00,ev_C,C,24,
20201205100510,2020-12-05 10:05:10,2020-12-05 12:00:00,ev_C,C,25,
20201205100520,2020-12-05 10:05:20,2020-12-05 12:00:00,ev_C,C,13,
20201205100530,2020-12-05 10:05:30,2020-12-05 12:00:00,ev_K,K,2,
20201205100540,2020-12-05 10:05:40,2020-12-05 12:00:00,ev_C,C,13,
20201205100550,2020-12-05 10:05:50,2020-12-05 12:00:00,ev_C,C,21,
20201205100600,2020-12-05 10:06:00,2020-12-05 12:00:00,ev_K,K,5,
20201205100610,2020-12-05 10:06:10,2020-12-05 12:00:00,ev_C,C,11,
20201205100620,2020-12-05 10:06:20,2020-12-05 12:00:00,ev_C,C,10,
20201205100630,2020-12-05 10:06:30,2020-12-05 12:00:00,ev_C,C,3,
20201205100640,2020-12-05 10:06:40,2020-12-05 12:00:00,ev_C,C,7,
20201205100650,2020-12-05 10:06:50,2020-12-05 12:00:00,ev_C,C,8,
20201205100700,2020-12-05 10:07:00,2020-12-05 12:00:00,ev_C,C,25,
20201205100710,2020-12-05 10:07:10,2020-12-05 12:00:00,ev_C,C,24,
20201205100720,2020-12-05 10:07:20,2020-12-05 12:00:00,ev_C,C,25,
20201205100730,2020-12-05 10:07:30,2020-12-05 12:00:00,ev_C,C,5,
20201205100740,2020-12-05 10:07:40,2020-12-05 12:00:00,ev_C,C,3,
20201205100750,2020-12-05 10:07:50,2020-12-05 12:00:00,ev_K,K,4,
20201205100800,2020-12-05 10:08:00,2020-12-05 12:00:00,ev_C,C,3,
20201205100810,2020-12-05 10:08:10,2020-12-05 12:00:00,ev_K,K,3,
20201205100820,2020-12-05 10:08:20,2020-12-05 12:00:00,ev_N,K,4,
20201205100830,2020-12-05 10:08:30,2020-12-05 12:00:00,ev_C,C,9,
20201205100840,2020-12-05 10:08:40,2020-12-05 12:00:00,ev_C,C,6,
20201205100850,2020-12-05 10:08:50,2020-12-05 12:00:00,ev_C,C,11,
20201205100900,2020-12-05 10:09:00,2020-12-05 12:00:00,ev_C,C,25,
20201205100910,2020-12-05 10:09:10,2020-12-05 12:00:00,ev_C,C,9,
20201205100920,2020-12-05 10:09:20,2020-12-05 12:00:00,ev_C,C,14,
20201205100930,2020-12-05 10:09:30,2020-12-05 12:00:00,ev_C,C,13,
20201205100940,2020-12-05 10:09:40,2020-12-05 12:00:00,ev_C,C,25,
20201205100950,2020-12-05 10:09:50,2020-12-05 12:00:00,ev_C,C,12,
20201205101000,2020-12-05 10:10:00,2020-12-05 12:00:00,ev_K,K,3,
20201205101010,2020-12-05 10:10:10,2020-12-05 12:00:00,ev_C,C,23,
20201205101020,2020-12-05 10:10:20,2020-12-05 12:00:00,ev_K,K,3,
20201205101030,2020-12-05 10:10:30,2020-12-05 12:00:00,ev_C,C,4,
20201205101040,2020-12-05 10:10:40,2020-12-05 12:00:00,ev_C,C,24,
20201205101050,2020-12-05 10:10:50,2020-12-05 12:00:00,ev_C,C,6,
20201205101100,2020-12-05 10:11:00,2020-12-05 12:00:00,ev_C,C,10,
20201205101110,2020-12-05 10:11:10,2020-12-05 12:00:00,ev_C,C,15,
20201205101120,2020-12-05 10:11:20,2020-12-05 12:00:00,ev_C,C,5,
20201205101130,2020-12-05 10:11:30,2020-12-05 12:00:00,ev_C,C,2,
20201205101140,2020-12-05 10:11:40,2020-12-05 12:00:00,ev_C,C,8,
20201205101150,2020-12-05 10:11:50,2020-12-05 12:00:00,ev_C,C,21,
20201205101200,2020-12-05 10:12:00,2020-12-05 12:00:00,ev_C,C,2,
20201205101210,2020-12-05 10:12:10,2020-12-05 12:00:00,ev_K,K,4,
20201205101220,2020-12-05 10:12:20,2020-12-05 12:00:00,ev_N,K,4,
20201205101230,2020-12-05 10:12:30,2020-12-05 12:00:00,ev_K,K,2,
20201205101240,2020-12-05 10:12:40,2020-12-05 12:00:00,ev_N,K,1,
20201205101250,2020-12-05 10:12:50,2020-12-05 12:00:00,ev_K,K,2,
20201205101300,2020-12-05 10:13:00,2020-12-05 12:00:00,ev_C,C,13,
20201205101310,2020-12-05 10:13:10,2020-12-05 12:00:00,ev_C,C,6,
20201205101320,2020-12-05 10:13:20,2020-12-05 12:00:00,ev_C,C,14,
20201205101330,2020-12-05 10:13:30,2020-12-05 12:00:00,ev_C,C,12,
20201205101340,2020-12-05 10:13:40,2020-12-05 12:00:00,ev_N,K,4,
20201205101350,2020-12-05 10:13:50,2020-12-05 12:00:00,ev_C,C,10,
20201205101400,2020-12-05 10:14:00,2020-12-05 12:00:00,ev_C,C,4,
20201205101410,2020-12-05 10:14:10,2020-12-05 12:00:00,ev_C,C,6,
20201205101420,2020-12-05 10:14:20,2020-12-05 12:00:00,ev_N,K,3,
20201205101430,2020-12-05 10:14:30,2020-12-05 12:00:00,ev_K,K,5,
20201205101440,2020-12-05 10:14:40,2020-12-05 12:00:00,ev_K,K,2,
20201205101450,2020-12-05 10:14:50,2020-12-05 12:00:00,ev_C,C,8,
20201205101500,2020-12-05 10:15:00,2020-12-05 12:00:00,ev_C,C,15,
20201205101510,2020-12-05 10:15:10,2020-12-05 12:00:00,ev_N,K,2,
20201205101520,2020-12-05 10:15:20,2020-12-05 12:00:00,ev_C,C,7,
20201205101530,2020-12-05 10:15:30,2020-12-05 12:00:00,ev_C,C,7,
20201205101540,2020-12-05 10:15:40,2020-12-05 12:00:00,ev_K,K,4,
20201205101550,2020-12-05 10:15:50,2020-12-05 12:00:00,ev_C,C,3,
20201205101600,2020-12-05 10:16:00,2020-12-05 12:00:00,ev_C,C,25,
20201205101610,2020-12-05 10:16:10,2020-12-05 12:00:00,ev_K,K,4,
20201205101620,2020-12-05 10:16:20,2020-12-05 12:00:00,ev_C,C,23,
20201205101630,2020-12-05 10:16:30,2020-12-05 12:00:00,ev_C,C,4,
20201205101640,2020-12-05 10:16:40,2020-12-05 12:00:00,ev_C,C,2,
20201205101650,2020-12-05 10:16:50,2020-12-05 12:00:00,ev_N,K,3,
20201205101700,2020-12-05 10:17:00,2020-12-05 12:00:00,ev_C,C,23,
20201205101710,2020-12-05 10:17:10,2020-12-05 12:00:00,ev_C,C,2,
20201205101720,2020-12-05 10:17:20,2020-12-05 12:00:00,ev_C,C,8,
20201205101730,2020-12-05 10:17:30,2020-12-05 12:00:00,ev_N,K,2,
20201205101740,2020-12-05 10:17:40,2020-12-05 12:00:00,ev_C,C,6,
20201205101750,2020-12-05 10:17:50,2020-12-05 12:00:00,ev_C,C,13,
20201205101800,2020-12-05 10:18:00,2020-12-05 12:00:00,ev_K,K,5,
20201205101810,2020-12-05 10:18:10,2020-12-05 12:00:00,ev_C,C,14,
20201205101820,2020-12-05 10:18:20,2020-12-05 12:00:00,ev_C,C,5,
20201205101830,2020-12-05 10:18:30,2020-12-05 12:00:00,ev_C,C,8,
20201205101840,2020-12-05 10:18:40,2020-12-05 12:00:00,ev_K,K,2,
20201205101850,2020-12-05 10:18:50,2020-12-05 12:00:00,ev_C,C,1,
20201205101900,2020-12-05 10:19:00,2020-12-05 12:00:00,ev_C,C,7,
20201205101910,2020-12-05 10:19:10,2020-12-05 12:00:00,ev_C,C,23,
20201205101920,2020-12-05 10:19:20,2020-12-05 12:00:00,ev_K,K,2,
20201205101930,2020-12-05 10:19:30,2020-12-05 12:00:00,ev_C,C,12,
20201205101940,2020-12-05 10:19:40,2020-12-05 12:00:00,ev_C,C,3,
20201205101950,2020-12-05 10:19:50,2020-12-05 12:00:00,ev_C,C,22,
20201205102000,2020-12-05 10:20:00,2020-12-05 12:00:00,ev_N,K,2,
20201205102010,2020-12-05 10:20:10,2020-12-05 12:00:00,ev_C,C,12,
20201205102020,2020-12-05 10:20:20,2020-12-05 12:00:00,ev_C,C,8,
20201205102030,2020-12-05 10:20:30,2020-12-05 12:00:00,ev_C,C,21,
20201205102040,2020-12-05 10:20:40,2020-12-05 12:00:00,ev_C,C,11,
20201205102050,2020-12-05 10:20:50,2020-12-05 12:00:00,ev_K,K,2,
20201205102100,2020-12-05 10:21:00,2020-12-05 12:00:00,ev_C,C,2,
20201205102110,2020-12-05 10:21:10,2020-12-05 12:00:00,ev_C,C,23,
20201205102120,2020-12-05 10:21:20,2020-12-05 12:00:00,ev_C,C,10,
20201205102130,2020-12-05 10:21:30,2020-12-05 12:00:00,ev_C,C,21,
20201205102140,2020-12-05 10:21:40,2020-12-05 12:00:00,ev_C,C,24,
20201205102150,2020-12-05 10:21:50,2020-12-05 12:00:00,ev_K,K,4,
20201205102200,2020-12-05 10:22:00,2020-12-05 12:00:00,ev_C,C,6,
20201205102210,2020-12-05 10:22:10,2020-12-05 12:00:00,ev_C,C,6,
20201205102220,2020-12-05 10:22:20,2020-12-05 12:00:00,ev_C,C,22,
20201205102230,2020-12-05 10:22:30,2020-12-05 12:00:00,ev_C,C,12,
20201205102240,2020-12-05 10:22:40,2020-12-05 12:00:00,ev_C,C,5,
20201205102250,2020-12-05 10:22:50,2020-12-05 12:00:00,ev_C,C,24,
20201205102300,2020-12-05 10:23:00,2020-12-05 12:00:00,ev_K,K,5,
20201205102310,2020-12-05 10:23:10,2020-12-05 12:00:00,ev_C,C,4,
20201205102320,2020-12-05 10:23:20,2020-12-05 12:00:00,ev_C,C,11,
20201205102330,2020-12-05 10:23:30,2020-12-05 12:00:00,ev_N,K,1,
20201205102340,2020-12-05 10:23:40,2020-12-05 12:00:00,ev_C,C,21,
20201205102350,2020-12-05 10:23:50,2020-12-05 12:00:00,ev_C,C,14,
20201205102400,2020-12-05 10:24:00,2020-12-05 12:00:00,ev_N,K,2,
20201205102410,2020-12-05 10:24:10,2020-12-05 12:00:00,ev_C,C,2,
20201205102420,2020-12-05 10:24:20,2020-12-05 12:00:00,ev_C,C,1,
20201205102430,2020-12-05 10:24:30,2020-12-05 12:00:00,ev_K,K,2,
20201205102440,2020-12-05 10:24:40,2020-12-05 12:00:00,ev_C,C,13,
20201205102450,2020-12-05 10:24:50,2020-12-05 12:00:00,ev_K,K,2,
20201205102500,2020-12-05 10:25:00,2020-12-05 12:00:00,ev_C,C,1,
20201205102510,2020-12-05 10:25:10,2020-12-05 12:00:00,ev_C,C,23,
20201205102520,2020-12-05 10:25:20,2020-12-05 12:00:00,ev_K,K,1,
20201205102530,2020-12-05 10:25:30,2020-12-05 12:00:00,ev_N,K,4,
20201205102540,2020-12-05 10:25:40,2020-12-05 12:00:00,ev_C,C,10,
20201205102550,2020-12-05 10:25:50,2020-12-05 12:00:00,ev_C,C,13,
20201205102600,2020-12-05 10:26:00,2020-12-05 12:00:00,ev_C,C,25,
20201205102610,2020-12-05 10:26:10,2020-12-05 12:00:00,ev_C,C,10,
20201205102620,2020-12-05 10:26:20,2020-12-05 12:00:00,ev_C,C,13,
20201205102630,2020-12-05 10:26:30,2020-12-05 12:00:00,ev_N,K,1,
20201205102640,2020-12-05 10:26:40,2020-12-05 12:00:00,ev_K,K,5,
20201205102650,2020-12-05 10:26:50,2020-12-05 12:00:00,ev_C,C,14,
20201205102700,2020-12-05 10:27:00,2020-12-05 12:00:00,ev_C,C,7,
20201205102710,2020-12-05 10:27:10,2020-12-05 12:00:00,ev_C,C,21,
20201205102720,2020-12-05 10:27:20,2020-12-05 12:00:00,ev_C,C,7,
20201205102730,2020-12-05 10:27:30,2020-12-05 12:00:00,ev_K,K,3,
20201205102740,2020-12-05 10:27:40,2020-12-05 12:00:00,ev_C,C,21,
20201205102750,2020-12-05 10:27:50,2020-12-05 12:00:00,ev_N,K,4,
20201205102800,2020-12-05 10:28:00,2020-12-05 12:00:00,ev_C,C,13,
20201205102810,2020-12-05 10:28:10,2020-12-05 12:00:00,ev_C,C,10,
20201205102820,2020-12-05 10:28:20,2020-12-05 12:00:00,ev_C,C,6,
20201205102830,2020-12-05 10:28:30,2020-12-05 12:00:00,ev_K,K,1,
20201205102840,2020-12-05 10:28:40,2020-12-05 12:00:00,ev_K,K,3,
20201205102850,2020-12-05 10:28:50,2020-12-05 12:00:00,ev_C,C,10,
20201205102900,2020-12-05 10:29:00,2020-12-05 12:00:00,ev_C,C,2,
20201205102910,2020-12-05 10:29:10,2020-12-05 12:00:00,ev_C,C,14,
20201205102920,2020-12-05 10:29:20,2020-12-05 12:00:00,ev_C,C,10,
20201205102930,2020-12-05 10:29:30,2020-12-05 12:00:00,ev_C,C,22,
20201205102940,2020-12-05 10:29:40,2020-12-05 12:00:00,ev_C,C,5,
20201205102950,2020-12-05 10:29:50,2020-12-05 12:00:00,ev_C,C,21,
20201205103000,2020-12-05 10:30:00,2020-12-05 12:00:00,ev_C,C,24,
20201205103010,2020-12-05 10:30:10,2020-12-05 12:00:00,ev_K,K,4,
20201205103020,2020-12-05 10:30:20,2020-12-05 12:00:00,ev_C,C,9,
20201205103030,2020-12-05 10:30:30,2020-12-05 12:00:00,ev_C,C,7,
20201205103040,2020-12-05 10:30:40,2020-12-05 12:00:00,ev_C,C,23,
20201205103050,2020-12-05 10:30:50,2020-12-05 12:00:00,ev_C,C,7,
20201205103100,2020-12-05 10:31:00,2020-12-05 12:00:00,ev_C,C,5,
20201205103110,2020-12-05 10:31:10,2020-12-05 12:00:00,ev_C,C,15,
20201205103120,2020-12-05 10:31:20,2020-12-05 12:00:00,ev_C,C,1,
20201205103130,2020-12-05 10:31:30,2020-12-05 12:00:00,ev_C,C,13,
20201205103140,2020-12-05 10:31:40,2020-12-05 12:00:00,ev_C,C,12,
20201205103150,2020-12-05 10:31:50,2020-12-05 12:00:00,ev_K,K,3,
20201205103200,2020-12-05 10:32:00,2020-12-05 12:00:00,ev_K,K,5,
20201205103210,2020-12-05 10:32:10,2020-12-05 12:00:00,ev_K,K,5,
20201205103220,2020-12-05 10:32:20,2020-12-05 12:00:00,ev_C,C,2,
20201205103230,2020-12-05 10:32:30,2020-12-05 12:00:00,ev_K,K,4,
20201205103240,2020-12-05 10:32:40,2020-12-05 12:00:00,ev_C,C,8,
20201205103250,2020-12-05 10:32:50,2020-12-05 12:00:00,ev_C,C,23,
20201205103300,2020-12-05 10:33:00,2020-12-05 12:00:00,ev_K,K,4,
20201205103310,2020-12-05 10:33:10,2020-12-05 12:00:00,ev_K,K,5,
20201205103320,2020-12-05 10:33:20,2020-12-05 12:00:00,ev_C,C,14,
20201205103330,2020-12-05 10:33:30,2020-12-05 12:00:00,ev_C,C,12,
20201205103340,2020-12-05 10:33:40,2020-12-05 12:00:00,ev_K,K,2,
20201205103350,2020-12-05 10:33:50,2020-12-05 12:00:00,ev_N,K,3,
20201205103400,2020-12-05 10:34:00,2020-12-05 12:00:00,ev_C,C,14,
20201205103410,2020-12-05 10:34:10,2020-12-05 12:00:00,ev_C,C,15,
20201205103420,2020-12-05 10:34:20,2020-12-05 12:00:00,ev_K,K,5,
20201205103430,2020-12-05 10:34:30,2020-12-05 12:00:00,ev_C,C,11,
20201205103440,2020-12-05 10:34:40,2020-12-05 12:00:00,ev_C,C,1,
20201205103450,2020-12-05 10:34:50,2020-12-05 12:00:00,ev_N,K,3,
20201205103500,2020-12-05 10:35:00,2020-12-05 12:00:00,ev_C,C,12,
20201205103510,2020-12-05 10:35:10,2020-12-05 12:00:00,ev_C,C,2,
20201205103520,2020-12-05 10:35:20,2020-12-05 12:00:00,ev_C,C,10,
20201205103530,2020-12-05 10:35:30,2020-12-05 12:00:00,ev_K,K,2,
20201205103540,2020-12-05 10:35:40,2020-12-05 12:00:00,ev_K,K,3,
20201205103550,2020-12-05 10:35:50,2020-12-05 12:00:00,ev_C,C,4,
20201205103600,2020-12-05 10:36:00,2020-12-05 12:00:00,ev_C,C,5,
20201205103610,2020-12-05 10:36:10,2020-12-05 12:00:00,ev_C,C,15,
20201205103620,2020-12-05 10:36:20,2020-12-05 12:00:00,ev_C,C,9,
20201205103630,2020-12-05 10:36:30,2020-12-05 12:00:00,ev_C,C,15,
20201205103640,2020-12-05 10:36:40,2020-12-05 12:00:00,ev_K,K,5,
20201205103650,2020-12-05 10:36:50,2020-12-05 12:00:00,ev_C,C,12,
20201205103700,2020-12-05 10:37:00,2020-12-05 12:00:00,ev_C,C,9,
20201205103710,2020-12-05 10:37:10,2020-12-05 12:00:00,ev_K,K,5,
20201205103720,2020-12-05 10:37:20,2020-12-05 12:00:00,ev_K,K,5,
20201205103730,2020-12-05 10:37:30,2020-12-05 12:00:00,ev_K,K,3,
20201205103740,2020-12-05 10:37:40,2020-12-05 12:00:00,ev_C,C,10,
20201205103750,2020-12-05 10:37:50,2020-12-05 12:00:00,ev_C,C,14,
20201205103800,2020-12-05 10:38:00,2020-12-05 12:00:00,ev_C,C,4,
20201205103810,2020-12-05 10:38:10,2020-12-05 12:00:00,ev_C,C,24,
20201205103820,2020-12-05 10:38:20,2020-12-05 12:00:00,ev_C,C,15,
20201205103830,2020-12-05 10:38:30,2020-12-05 12:00:00,ev_N,K,5,
20201205103840,2020-12-05 10:38:40,2020-12-05 12:00:00,ev_K,K,4,
20201205103850,2020-12-05 10:38:50,2020-12-05 12:00:00,ev_C,C,10,
20201205103900,2020-12-05 10:39:00,2020-12-05 12:00:00,ev_C,C,6,
20201205103910,2020-12-05 10:39:10,2020-12-05 12:00:00,ev_N,K,3,
20201205103920,2020-12-05 10:39:20,2020-12-05 12:00:00,ev_C,C,14,
20201205103930,2020-12-05 10:39:30,2020-12-05 12:00:00,ev_C,C,11,
20201205103940,2020-12-05 10:39:40,2020-12-05 12:00:00,ev_C,C,5,
20201205103950,2020-12-05 10:39:50,2020-12-05 12:00:00,ev_K,K,3,
20201205104000,2020-12-05 10:40:00,2020-12-05 12:00:00,ev_C,C,15,
20201205104010,2020-12-05 10:40:10,2020-12-05 12:00:00,ev_K,K,3,
20201205104020,2020-12-05 10:40:20,2020-12-05 12:00:00,ev_C,C,23,
20201205104030,2020-12-05 10:40:30,2020-12-05 12:00:00,ev_C,C,11,
20201205104040,2020-12-05 10:40:40,2020-12-05 12:00:00,ev_C,C,23,
20201205104050,2020-12-05 10:40:50,2020-12-05 12:00:00,ev_C,C,3,
20201205104100,2020-12-05 10:41:00,2020-12-05 12:00:00,ev_K,K,1,
20201205104110,2020-12-05 10:41:10,2020-12-05 12:00:00,ev_K,K,4,
20201205104120,2020-12-05 10:41:20,2020-12-05 12:00:00,ev_C,C,9,
20201205104130,2020-12-05 10:41:30,2020-12-05 12:00:00,ev_C,C,8,
20201205104140,2020-12-05 10:41:40,2020-12-05 12:00:00,ev_C,C,1,
20201205104150,2020-12-05 10:41:50,2020-12-05 12:00:00,ev_C,C,7,
20201205104200,2020-12-05 10:42:00,2020-12-05 12:00:00,ev_C,C,4,
20201205104210,2020-12-05 10:42:10,2020-12-05 12:00:00,ev_C,C,10,
20201205104220,2020-12-05 10:42:20,2020-12-05 12:00:00,ev_C,C,10,
20201205104230,2020-12-05 10:42:30,2020-12-05 12:00:00,ev_K,K,3,
20201205104240,2020-12-05 10:42:40,2020-12-05 12:00:00,ev_K,K,3,
20201205104250,2020-12-05 10:42:50,2020-12-05 12:00:00,ev_C,C,22,
20201205104300,2020-12-05 10:43:00,2020-12-05 12:00:00,ev_C,C,13,
20201205104310,2020-12-05 10:43:10,2020-12-05 12:00:00,ev_C,C,12,
20201205104320,2020-12-05 10:43:20,2020-12-05 12:00:00,ev_C,C,8,
20201205104330,2020-12-05 10:43:30,2020-12-05 12:00:00,ev_N,K,5,
20201205104340,2020-12-05 10:43:40,2020-12-05 12:00:00,ev_C,C,8,
20201205104350,2020-12-05 10:43:50,2020-12-05 12:00:00,ev_C,C,8,
20201205104400,2020-12-05 10:44:00,2020-12-05 12:00:00,ev_N,K,4,
20201205104410,2020-12-05 10:44:10,2020-12-05 12:00:00,ev_C,C,2,
20201205104420,2020-12-05 10:44:20,2020-12-05 12:00:00,ev_C,C,22,
20201205104430,2020-12-05 10:44:30,2020-12-05 12:00:00,ev_C,C,1,
20201205104440,2020-12-05 10:44:40,2020-12-05 12:00:00,ev_C,C,23,
20201205104450,2020-12-05 10:44:50,2020-12-05 12:00:00,ev_C,C,3,
20201205104500,2020-12-05 10:45:00,2020-12-05 12:00:00,ev_C,C,4,
20201205104510,2020-12-05 10:45:10,2020-12-05 12:00:00,ev_C,C,7,
20201205104520,2020-12-05 10:45:20,2020-12-05 12:00:00,ev_K,K,3,
20201205104530,2020-12-05 10:45:30,2020-12-05 12:00:00,ev_N,K,2,
20201205104540,2020-12-05 10:45:40,2020-12-05 12:00:00,ev_C,C,23,
20201205104550,2020-12-05 10:45:50,2020-12-05 12:00:00,ev_C,C,2,
20201205104600,2020-12-05 10:46:00,2020-12-05 12:00:00,ev_C,C,25,
20201205104610,2020-12-05 10:46:10,2020-12-05 12:00:00,ev_C,C,6,
20201205104620,2020-12-05 10:46:20,2020-12-05 12:00:00,ev_C,C,7,
20201205104630,2020-12-05 10:46:30,2020-12-05 12:00:00,ev_N,K,4,
20201205104640,2020-12-05 10:46:40,2020-12-05 12:00:00,ev_C,C,10,
20201205104650,2020-12-05 10:46:50,2020-12-05 12:00:00,ev_N,K,3,
20201205104700,2020-12-05 10:47:00,2020-12-05 12:00:00,ev_C,C,25,
20201205104710,2020-12-05 10:47:10,2020-12-05 12:00:00,ev_K,K,1,
20201205104720,2020-12-05 10:47:20,2020-12-05 12:00:00,ev_K,K,2,
20201205104730,2020-12-05 10:47:30,2020-12-05 12:00:00,ev_C,C,13,
20201205104740,2020-12-05 10:47:40,2020-12-05 12:00:00,ev_C,C,10,
20201205104750,2020-12-05 10:47:50,2020-12-05 12:00:00,ev_C,C,11,
20201205104800,2020-12-05 10:48:00,2020-12-05 12:00:00,ev_C,C,8,
20201205104810,2020-12-05 10:48:10,2020-12-05 12:00:00,ev_C,C,8,
20201205104820,2020-12-05 10:48:20,2020-12-05 12:00:00,ev_C,C,3,
20201205104830,2020-12-05 10:48:30,2020-12-05 12:00:00,ev_C,C,1,
20201205104840,2020-12-05 10:48:40,2020-12-05 12:00:00,ev_C,C,15,
20201205104850,2020-12-05 10:48:50,2020-12-05 12:00:00,ev_C,C,1,
20201205104900,2020-12-05 10:49:00,2020-12-05 12:00:00,ev_N,K,5,
20201205104910,2020-12-05 10:49:10,2020-12-05 12:00:00,ev_C,C,11,
20201205104920,2020-12-05 10:49:20,2020-12-05 12:00:00,ev_N,K,3,
20201205104930,2020-12-05 10:49:30,2020-12-05 12:00:00,ev_K,K,1,
20201205104940,2020-12-05 10:49:40,2020-12-05 12:00:00,ev_C,C,7,
20201205104950,2020-12-05 10:49:50,2020-12-05 12:00:00,ev_C,C,12,
20201205105000,2020-12-05 10:50:00,2020-12-05 12:00:00,ev_C,C,9,
20201205105010,2020-12-05 10:50:10,2020-12-05 12:00:00,ev_C,C,10,
20201205105020,2020-12-05 10:50:20,2020-12-05 12:00:00,ev_K,K,1,
20201205105030,2020-12-05 10:50:30,2020-12-05 12:00:00,ev_K,K,2,
20201205105040,2020-12-05 10:50:40,2020-12-05 12:00:00,ev_K,K,3,
20201205105050,2020-12-05 10:50:50,2020-12-05 12:00:00,ev_C,C,21,
20201205105100,2020-12-05 10:51:00,2020-12-05 12:00:00,ev_C,C,8,
20201205105110,2020-12-05 10:51:10,2020-12-05 12:00:00,ev_C,C,23,
20201205105120,2020-12-05 10:51:20,2020-12-05 12:00:00,ev_C,C,6,
20201205105130,2020-12-05 10:51:30,2020-12-05 12:00:00,ev_C,C,9,
20201205105140,2020-12-05 10:51:40,2020-12-05 12:00:00,ev_C,C,11,
20201205105150,2020-12-05 10:51:50,2020-12-05 12:00:00,ev_C,C,10,
20201205105200,2020-12-05 10:52:00,2020-12-05 12:00:00,ev_N,K,1,
20201205105210,2020-12-05 10:52:10,2020-12-05 12:00:00,ev_C,C,25,
20201205105220,2020-12-05 10:52:20,2020-12-05 12:00:00,ev_C,C,8,
20201205105230,2020-12-05 10:52:30,2020-12-05 12:00:00,ev_C,C,4,
20201205105240,2020-12-05 10:52:40,2020-12-05 12:00:00,ev_C,C,25,
20201205105250,2020-12-05 10:52:50,2020-12-05 12:00:00,ev_C,C,8,
20201205105300,2020-12-05 10:53:00,2020-12-05 12:00:00,ev_C,C,15,
20201205105310,2020-12-05 10:53:10,2020-12-05 12:00:00,ev_C,C,12,
20201205105320,2020-12-05 10:53:20,2020-12-05 12:00:00,ev_C,C,22,
20201205105330,2020-12-05 10:53:30,2020-12-05 12:00:00,ev_C,C,12,
20201205105340,2020-12-05 10:53:40,2020-12-05 12:00:00,ev_C,C,7,
20201205105350,2020-12-05 10:53:50,2020-12-05 12:00:00,ev_C,C,21,
20201205105400,2020-12-05 10:54:00,2020-12-05 12:00:00,ev_C,C,14,
20201205105410,2020-12-05 10:54:10,2020-12-05 12:00:00,ev_C,C,8,
20201205105420,2020-12-05 10:54:20,2020-12-05 12:00:00,ev_K,K,1,
20201205105430,2020-12-05 10:54:30,2020-12-05 12:00:00,ev_N,K,4,
20201205105440,2020-12-05 10:54:40,2020-12-05 12:00:00,ev_C,C,6,
20201205105450,2020-12-05 10:54:50,2020-12-05 12:00:00,ev_C,C,12,
20201205105500,2020-12-05 10:55:00,2020-12-05 12:00:00,ev_C,C,8,
20201205105510,2020-12-05 10:55:10,2020-12-05 12:00:00,ev_C,C,2,
20201205105520,2020-12-05 10:55:20,2020-12-05 12:00:00,ev_C,C,21,
20201205105530,2020-12-05 10:55:30,2020-12-05 12:00:00,ev_C,C,10,
20201205105540,2020-12-05 10:55:40,2020-12-05 12:00:00,ev_C,C,3,
20201205105550,2020-12-05 10:55:50,2020-12-05 12:00:00,ev_C,C,14,
20201205105600,2020-12-05 10:56:00,2020-12-05 12:00:00,ev_C,C,3,
20201205105610,2020-12-05 10:56:10,2020-12-05 12:00:00,ev_C,C,4,
20201205105620,2020-12-05 10:56:20,2020-12-05 12:00:00,ev_C,C,9,
20201205105630,2020-12-05 10:56:30,2020-12-05 12:00:00,ev_K,K,4,
20201205105640,2020-12-05 10:56:40,2020-12-05 12:00:00,ev_K,K,5,
20201205105650,2020-12-05 10:56:50,2020-12-05 12:00:00,ev_C,C,22,
20201205105700,2020-12-05 10:57:00,2020-12-05 12:00:00,ev_C,C,7,
20201205105710,2020-12-05 10:57:10,2020-12-05 12:00:00,ev_K,K,4,
20201205105720,2020-12-05 10:57:20,2020-12-05 12:00:00,ev_C,C,3,
20201205105730,2020-12-05 10:57:30,2020-12-05 12:00:00,ev_C,C,21,
20201205105740,2020-12-05 10:57:40,2020-12-05 12:00:00,ev_K,K,3,
20201205105750,2020-12-05 10:57:50,2020-12-05 12:00:00,ev_C,C,24,
20201205105800,2020-12-05 10:58:00,2020-12-05 12:00:00,ev_C,C,7,
20201205105810,2020-12-05 10:58:10,2020-12-05 12:00:00,ev_C,C,25,
20201205105820,2020-12-05 10:58:20,2020-12-05 12:00:00,ev_C,C,14,
20201205105830,2020-12-05 10:58:30,2020-12-05 12:00:00,ev_C,C,4,
20201205105840,2020-12-05 10:58:40,2020-12-05 12:00:00,ev_C,C,14,
20201205105850,2020-12-05 10:58:50,2020-12-05 12:00:00,ev_C,C,8,
20201205105900,2020-12-05 10:59:00,2020-12-05 12:00:00,ev_C,C,6,
20201205105910,2020-12-05 10:59:10,2020-12-05 12:00:00,ev_C,C,7,
20201205105920,2020-12-05 10:59:20,2020-12-05 12:00:00,ev_C,C,11,
20201205105930,2020-12-05 10:59:30,2020-12-05 12:00:00,ev_C,C,4,
20201205105940,2020-12-05 10:59:40,2020-12-05 12:00:00,ev_K,K,1,
20201205105950,2020-12-05 10:59:50,2020-12-05 12:00:00,ev_C,C,8,
20201205110000,2020-12-05 11:00:00,2020-12-05 12:00:00,ev_C,C,10,
20201205110010,2020-12-05 11:00:10,2020-12-05 12:00:00,ev_C,C,6,
20201205110020,2020-12-05 11:00:20,2020-12-05 12:00:00,ev_C,C,4,
20201205110030,2020-12-05 11:00:30,2020-12-05 12:00:00,ev_C,C,22,
20201205110040,2020-12-05 11:00:40,2020-12-05 12:00:00,ev_K,K,2,
20201205110050,2020-12-05 11:00:50,2020-12-05 12:00:00,ev_C,C,23,
20201205110100,2020-12-05 11:01:00,2020-12-05 12:00:00,ev_C,C,8,
20201205110110,2020-12-05 11:01:10,2020-12-05 12:00:00,ev_K,K,2,
20201205110120,2020-12-05 11:01:20,2020-12-05 12:00:00,ev_C,C,5,
20201205110130,2020-12-05 11:01:30,2020-12-05 12:00:00,ev_C,C,5,
20201205110140,2020-12-05 11:01:40,2020-12-05 12:00:00,ev_C,C,25,
20201205110150,2020-12-05 11:01:50,2020-12-05 12:00:00,ev_C,C,10,
20201205110200,2020-12-05 11:02:00,2020-12-05 12:00:00,ev_N,K,4,
20201205110210,2020-12-05 11:02:10,2020-12-05 12:00:00,ev_C,C,25,
20201205110220,2020-12-05 11:02:20,2020-12-05 12:00:00,ev_C,C,14,
20201205110230,2020-12-05 11:02:30,2020-12-05 12:00:00,ev_K,K,3,
20201205110240,2020-12-05 11:02:40,2020-12-05 12:00:00,ev_C,C,21,
20201205110250,2020-12-05 11:02:50,2020-12-05 12:00:00,ev_C,C,8,
20201205110300,2020-12-05 11:03:00,2020-12-05 12:00:00,ev_C,C,25,
20201205110310,2020-12-05 11:03:10,2020-12-05 12:00:00,ev_C,C,12,
20201205110320,2020-12-05 11:03:20,2020-12-05 12:00:00,ev_K,K,2,
20201205110330,2020-12-05 11:03:30,2020-12-05 12:00:00,ev_C,C,22,
20201205110340,2020-12-05 11:03:40,2020-12-05 12:00:00,ev_K,K,2,
20201205110350,2020-12-05 11:03:50,2020-12-05 12:00:00,ev_C,C,13,
20201205110400,2020-12-05 11:04:00,2020-12-05 12:00:00,ev_K,K,2,
20201205110410,2020-12-05 11:04:10,2020-12-05 12:00:00,ev_C,C,13,
20201205110420,2020-12-05 11:04:20,2020-12-05 12:00:00,ev_C,C,21,
20201205110430,2020-12-05 11:04:30,2020-12-05 12:00:00,ev_C,C,14,
20201205110440,2020-12-05 11:04:40,2020-12-05 12:00:00,ev_C,C,2,
20201205110450,2020-12-05 11:04:50,2020-12-05 12:00:00,ev_C,C,15,
20201205110500,2020-12-05 11:05:00,2020-12-05 12:00:00,ev_C,C,6,
20201205110510,2020-12-05 11:05:10,2020-12-05 12:00:00,ev_K,K,4,
20201205110520,2020-12-05 11:05:20,2020-12-05 12:00:00,ev_C,C,9,
20201205110530,2020-12-05 11:05:30,2020-12-05 12:00:00,ev_C,C,24,
20201205110540,2020-12-05 11:05:40,2020-12-05 12:00:00,ev_C,C,24,
20201205110550,2020-12-05 11:05:50,2020-12-05 12:00:00,ev_N,K,1,
20201205110600,2020-12-05 11:06:00,2020-12-05 12:00:00,ev_C,C,11,
20201205110610,2020-12-05 11:06:10,2020-12-05 12:00:00,ev_K,K,4,
20201205110620,2020-12-05 11:06:20,2020-12-05 12:00:00,ev_C,C,9,
20201205110630,2020-12-05 11:06:30,2020-12-05 12:00:00,ev_C,C,21,
20201205110640,2020-12-05 11:06:40,2020-12-05 12:00:00,ev_C,C,23,
20201205110650,2020-12-05 11:06:50,2020-12-05 12:00:00,ev_C,C,5,
20201205110700,2020-12-05 11:07:00,2020-12-05 12:00:00,ev_C,C,12,
20201205110710,2020-12-05 11:07:10,2020-12-05 12:00:00,ev_K,K,1,
20201205110720,2020-12-05 11:07:20,2020-12-05 12:00:00,ev_C,C,21,
20201205110730,2020-12-05 11:07:30,2020-12-05 12:00:00,ev_C,C,2,
20201205110740,2020-12-05 11:07:40,2020-12-05 12:00:00,ev_C,C,6,
20201205110750,2020-12-05 11:07:50,2020-12-05 12:00:00,ev_K,K,4,
20201205110800,2020-12-05 11:08:00,2020-12-05 12:00:00,ev_K,K,1,
20201205110810,2020-12-05 11:08:10,2020-12-05 12:00:00,ev_C,C,25,
20201205110820,2020-12-05 11:08:20,2020-12-05 12:00:00,ev_C,C,15,
20201205110830,2020-12-05 11:08:30,2020-12-05 12:00:00,ev_K,K,2,
20201205110840,2020-12-05 11:08:40,2020-12-05 12:00:00,ev_C,C,13,
20201205110850,2020-12-05 11:08:50,2020-12-05 12:00:00,ev_C,C,3,
20201205110900,2020-12-05 11:09:00,2020-12-05 12:00:00,ev_C,C,12,
20201205110910,2020-12-05 11:09:10,2020-12-05 12:00:00,ev_C,C,24,
20201205110920,2020-12-05 11:09:20,2020-12-05 12:00:00,ev_C,C,23,
20201205110930,2020-12-05 11:09:30,2020-12-05 12:00:00,ev_C,C,21,
20201205110940,2020-12-05 11:09:40,2020-12-05 12:00:00,ev_C,C,6,
20201205110950,2020-12-05 11:09:50,2020-12-05 12:00:00,ev_C,C,22,
20201205111000,2020-12-05 11:10:00,2020-12-05 12:00:00,ev_K,K,3,
20201205111010,2020-12-05 11:10:10,2020-12-05 12:00:00,ev_C,C,21,
20201205111020,2020-12-05 11:10:20,2020-12-05 12:00:00,ev_C,C,23,
20201205111030,2020-12-05 11:10:30,2020-12-05 12:00:00,ev_C,C,13,
20201205111040,2020-12-05 11:10:40,2020-12-05 12:00:00,ev_C,C,11,
20201205111050,2020-12-05 11:10:50,2020-12-05 12:00:00,ev_K,K,3,
20201205111100,2020-12-05 11:11:00,2020-12-05 12:00:00,ev_C,C,12,
20201205111110,2020-12-05 11:11:10,2020-12-05 12:00:00,ev_C,C,23,
20201205111120,2020-12-05 11:11:20,2020-12-05 12:00:00,ev_K,K,4,
20201205111130,2020-12-05 11:11:30,2020-12-05 12:00:00,ev_C,C,15,
20201205111140,2020-12-05 11:11:40,2020-12-05 12:00:00,ev_N,K,2,
20201205111150,2020-12-05 11:11:50,2020-12-05 12:00:00,ev_C,C,9,
20201205111200,2020-12-05 11:12:00,2020-12-05 12:00:00,ev_C,C,15,
20201205111210,2020-12-05 11:12:10,2020-12-05 12:00:00,ev_C,C,7,
20201205111220,2020-12-05 11:12:20,2020-12-05 12:00:00,ev_C,C,14,
20201205111230,2020-12-05 11:12:30,2020-12-05 12:00:00,ev_N,K,4,
20201205111240,2020-12-05 11:12:40,2020-12-05 12:00:00,ev_C,C,11,
20201205111250,2020-12-05 11:12:50,2020-12-05 12:00:00,ev_C,C,22,
20201205111300,2020-12-05 11:13:00,2020-12-05 12:00:00,ev_N,K,4,
20201205111310,2020-12-05 11:13:10,2020-12-05 12:00:00,ev_C,C,24,
20201205111320,2020-12-05 11:13:20,2020-12-05 12:00:00,ev_C,C,1,
20201205111330,2020-12-05 11:13:30,2020-12-05 12:00:00,ev_C,C,14,
20201205111340,2020-12-05 11:13:40,2020-12-05 12:00:00,ev_K,K,4,
20201205111350,2020-12-05 11:13:50,2020-12-05 12:00:00,ev_C,C,10,
20201205111400,2020-12-05 11:14:00,2020-12-05 12:00:00,ev_C,C,4,
20201205111410,2020-12-05 11:14:10,2020-12-05 12:00:00,ev_C,C,8,
20201205111420,2020-12-05 11:14:20,2020-12-05 12:00:00,ev_C,C,2,
20201205111430,2020-12-05 11:14:30,2020-12-05 12:00:00,ev_C,C,12,
20201205111440,2020-12-05 11:14:40,2020-12-05 12:00:00,ev_K,K,5,
20201205111450,2020-12-05 11:14:50,2020-12-05 12:00:00,ev_K,K,4,
20201205111500,2020-12-05 11:15:00,2020-12-05 12:00:00,ev_K,K,1,
20201205111510,2020-12-05 11:15:10,2020-12-05 12:00:00,ev_C,C,9,
20201205111520,2020-12-05 11:15:20,2020-12-05 12:00:00,ev_K,K,1,
20201205111530,2020-12-05 11:15:30,2020-12-05 12:00:00,ev_C,C,23,
20201205111540,2020-12-05 11:15:40,2020-12-05 12:00:00,ev_C,C,4,
20201205111550,2020-12-05 11:15:50,2020-12-05 12:00:00,ev_C,C,7,
20201205111600,2020-12-05 11:16:00,2020-12-05 12:00:00,ev_K,K,4,
20201205111610,2020-12-05 11:16:10,2020-12-05 12:00:00,ev_C,C,15,
20201205111620,2020-12-05 11:16:20,2020-12-05 12:00:00,ev_C,C,22,
20201205111630,2020-12-05 11:16:30,2020-12-05 12:00:00,ev_C,C,24,
20201205111640,2020-12-05 11:16:40,2020-12-05 12:00:00,ev_C,C,2,
20201205111650,2020-12-05 11:16:50,2020-12-05 12:00:00,ev_K,K,4,
20201205111700,2020-12-05 11:17:00,2020-12-05 12:00:00,ev_C,C,10,
20201205111710,2020-12-05 11:17:10,2020-12-05 12:00:00,ev_C,C,22,
20201205111720,2020-12-05 11:17:20,2020-12-05 12:00:00,ev_K,K,1,
20201205111730,2020-12-05 11:17:30,2020-12-05 12:00:00,ev_N,K,2,
20201205111740,2020-12-05 11:17:40,2020-12-05 12:00:00,ev_C,C,6,
20201205111750,2020-12-05 11:17:50,2020-12-05 12:00:00,ev_C,C,11,
20201205111800,2020-12-05 11:18:00,2020-12-05 12:00:00,ev_N,K,2,
20201205111810,2020-12-05 11:18:10,2020-12-05 12:00:00,ev_C,C,14,
20201205111820,2020-12-05 11:18:20,2020-12-05 12:00:00,ev_C,C,8,
20201205111830,2020-12-05 11:18:30,2020-12-05 12:00:00,ev_C,C,11,
20201205111840,2020-12-05 11:18:40,2020-12-05 12:00:00,ev_C,C,5,
20201205111850,2020-12-05 11:18:50,2020-12-05 12:00:00,ev_C,C,8,
20201205111900,2020-12-05 11:19:00,2020-12-05 12:00:00,ev_C,C,8,
20201205111910,2020-12-05 11:19:10,2020-12-05 12:00:00,ev_C,C,23,
20201205111920,2020-12-05 11:19:20,2020-12-05 12:00:00,ev_C,C,13,
20201205111930,2020-12-05 11:19:30,2020-12-05 12:00:00,ev_K,K,5,
20201205111940,2020-12-05 11:19:40,2020-12-05 12:00:00,ev_K,K,5,
20201205111950,2020-12-05 11:19:50,2020-12-05 12:00:00,ev_N,K,5,
20201205112000,2020-12-05 11:20:00,2020-12-05 12:00:00,ev_C,C,5,
20201205112010,2020-12-05 11:20:10,2020-12-05 12:00:00,ev_C,C,14,
20201205112020,2020-12-05 11:20:20,2020-12-05 12:00:00,ev_C,C,11,
20201205112030,2020-12-05 11:20:30,2020-12-05 12:00:00,ev_N,K,5,
20201205112040,2020-12-05 11:20:40,2020-12-05 12:00:00,ev_C,C,23,
20201205112050,2020-12-05 11:20:50,2020-12-05 12:00:00,ev_C,C,2,
20201205112100,2020-12-05 11:21:00,2020-12-05 12:00:00,ev_C,C,8,
20201205112110,2020-12-05 11:21:10,2020-12-05 12:00:00,ev_C,C,6,
20201205112120,2020-12-05 11:21:20,2020-12-05 12:00:00,ev_K,K,3,
20201205112130,2020-12-05 11:21:30,2020-12-05 12:00:00,ev_C,C,6,
20201205112140,2020-12-05 11:21:40,2020-12-05 12:00:00,ev_C,C,8,
20201205112150,2020-12-05 11:21:50,2020-12-05 12:00:00,ev_K,K,5,
20201205112200,2020-12-05 11:22:00,2020-12-05 12:00:00,ev_C,C,13,
20201205112210,2020-12-05 11:22:10,2020-12-05 12:00:00,ev_K,K,3,
20201205112220,2020-12-05 11:22:20,2020-12-05 12:00:00,ev_K,K,2,
20201205112230,2020-12-05 11:22:30,2020-12-05 12:00:00,ev_C,C,24,
20201205112240,2020-12-05 11:22:40,2020-12-05 12:00:00,ev_C,C,6,
20201205112250,2020-12-05 11:22:50,2020-12-05 12:00:00,ev_C,C,14,
20201205112300,2020-12-05 11:23:00,2020-12-05 12:00:00,ev_C,C,25,
20201205112310,2020-12-05 11:23:10,2020-12-05 12:00:00,ev_K,K,5,
20201205112320,2020-12-05 11:23:20,2020-12-05 12:00:00,ev_C,C,5,
20201205112330,2020-12-05 11:23:30,2020-12-05 12:00:00,ev_C,C,25,
20201205112340,2020-12-05 11:23:40,2020-12-05 12:00:00,ev_C,C,23,
20201205112350,2020-12-05 11:23:50,2020-12-05 12:00:00,ev_C,C,21,
20201205112400,2020-12-05 11:24:00,2020-12-05 12:00:00,ev_K,K,1,
20201205112410,2020-12-05 11:24:10,2020-12-05 12:00:00,ev_K,K,1,
20201205112420,2020-12-05 11:24:20,2020-12-05 12:00:00,ev_K,K,4,
20201205112430,2020-12-05 11:24:30,2020-12-05 12:00:00,ev_C,C,6,
20201205112440,2020-12-05 11:24:40,2020-12-05 12:00:00,ev_C,C,25,
20201205112450,2020-12-05 11:24:50,2020-12-05 12:00:00,ev_K,K,2,
20201205112500,2020-12-05 11:25:00,2020-12-05 12:00:00,ev_K,K,1,
20201205112510,2020-12-05 11:25:10,2020-12-05 12:00:00,ev_C,C,23,
20201205112520,2020-12-05 11:25:20,2020-12-05 12:00:00,ev_C,C,24,
20201205112530,2020-12-05 11:25:30,2020-12-05 12:00:00,ev_C,C,1,
20201205112540,2020-12-05 11:25:40,2020-12-05 12:00:00,ev_C,C,25,
20201205112550,2020-12-05 11:25:50,2020-12-05 12:00:00,ev_K,K,2,
20201205112600,2020-12-05 11:26:00,2020-12-05 12:00:00,ev_K,K,4,
20201205112610,2020-12-05 11:26:10,2020-12-05 12:00:00,ev_C,C,10,
20201205112620,2020-12-05 11:26:20,2020-12-05 12:00:00,ev_C,C,2,
20201205112630,2020-12-05 11:26:30,2020-12-05 12:00:00,ev_C,C,24,
20201205112640,2020-12-05 11:26:40,2020-12-05 12:00:00,ev_C,C,7,
20201205112650,2020-12-05 11:26:50,2020-12-05 12:00:00,ev_K,K,2,
20201205112700,2020-12-05 11:27:00,2020-12-05 12:00:00,ev_C,C,12,
20201205112710,2020-12-05 11:27:10,2020-12-05 12:00:00,ev_N,K,4,
20201205112720,2020-12-05 11:27:20,2020-12-05 12:00:00,ev_C,C,24,
20201205112730,2020-12-05 11:27:30,2020-12-05 12:00:00,ev_C,C,9,
20201205112740,2020-12-05 11:27:40,2020-12-05 12:00:00,ev_C,C,1,
20201205112750,2020-12-05 11:27:50,2020-12-05 12:00:00,ev_K,K,5,
20201205112800,2020-12-05 11:28:00,2020-12-05 12:00:00,ev_C,C,9,
20201205112810,2020-12-05 11:28:10,2020-12-05 12:00:00,ev_C,C,11,
20201205112820,2020-12-05 11:28:20,2020-12-05 12:00:00,ev_C,C,25,
20201205112830,2020-12-05 11:28:30,2020-12-05 12:00:00,ev_C,C,13,
20201205112840,2020-12-05 11:28:40,2020-12-05 12:00:00,ev_C,C,13,
20201205112850,2020-12-05 11:28:50,2020-12-05 12:00:00,ev_N,K,4,
20201205112900,2020-12-05 11:29:00,2020-12-05 12:00:00,ev_K,K,1,
20201205112910,2020-12-05 11:29:10,2020-12-05 12:00:00,ev_C,C,25,
20201205112920,2020-12-05 11:29:20,2020-12-05 12:00:00,ev_C,C,5,
20201205112930,2020-12-05 11:29:30,2020-12-05 12:00:00,ev_C,C,24,
20201205112940,2020-12-05 11:29:40,2020-12-05 12:00:00,ev_C,C,4,
20201205112950,2020-12-05 11:29:50,2020-12-05 12:00:00,ev_C,C,6,
20201205113000,2020-12-05 11:30:00,2020-12-05 12:00:00,ev_K,K,2,
20201205113010,2020-12-05 11:30:10,2020-12-05 12:00:00,ev_C,C,1,
20201205113020,2020-12-05 11:30:20,2020-12-05 12:00:00,ev_C,C,23,
20201205113030,2020-12-05 11:30:30,2020-12-05 12:00:00,ev_C,C,15,
20201205113040,2020-12-05 11:30:40,2020-12-05 12:00:00,ev_C,C,12,
20201205113050,2020-12-05 11:30:50,2020-12-05 12:00:00,ev_C,C,11,
20201205113100,2020-12-05 11:31:00,2020-12-05 12:00:00,ev_C,C,3,
20201205113110,2020-12-05 11:31:10,2020-12-05 12:00:00,ev_K,K,1,
20201205113120,2020-12-05 11:31:20,2020-12-05 12:00:00,ev_K,K,4,
20201205113130,2020-12-05 11:31:30,2020-12-05 12:00:00,ev_C,C,9,
20201205113140,2020-12-05 11:31:40,2020-12-05 12:00:00,ev_C,C,4,
20201205113150,2020-12-05 11:31:50,2020-12-05 12:00:00,ev_K,K,2,
20201205113200,2020-12-05 11:32:00,2020-12-05 12:00:00,ev_K,K,2,
20201205113210,2020-12-05 11:32:10,2020-12-05 12:00:00,ev_C,C,6,
20201205113220,2020-12-05 11:32:20,2020-12-05 12:00:00,ev_C,C,5,
20201205113230,2020-12-05 11:32:30,2020-12-05 12:00:00,ev_K,K,4,
20201205113240,2020-12-05 11:32:40,2020-12-05 12:00:00,ev_K,K,1,
20201205113250,2020-12-05 11:32:50,2020-12-05 12:00:00,ev_C,C,25,
20201205113300,2020-12-05 11:33:00,2020-12-05 12:00:00,ev_C,C,9,
20201205113310,2020-12-05 11:33:10,2020-12-05 12:00:00,ev_C,C,14,
20201205113320,2020-12-05 11:33:20,2020-12-05 12:00:00,ev_C,C,25,
20201205113330,2020-12-05 11:33:30,2020-12-05 12:00:00,ev_C,C,1,
20201205113340,2020-12-05 11:33:40,2020-12-05 12:00:00,ev_C,C,14,
20201205113350,2020-12-05 11:33:50,2020-12-05 12:00:00,ev_C,C,7,
20201205113400,2020-12-05 11:34:00,2020-12-05 12:00:00,ev_C,C,11,
20201205113410,2020-12-05 11:34:10,2020-12-05 12:00:00,ev_K,K,1,
20201205113420,2020-12-05 11:34:20,2020-12-05 12:00:00,ev_C,C,25,
20201205113430,2020-12-05 11:34:30,2020-12-05 12:00:00,ev_N,K,5,
20201205113440,2020-12-05 11:34:40,2020-12-05 12:00:00,ev_C,C,21,
20201205113450,2020-12-05 11:34:50,2020-12-05 12:00:00,ev_K,K,1,
20201205113500,2020-12-05 11:35:00,2020-12-05 12:00:00,ev_C,C,12,
20201205113510,2020-12-05 11:35:10,2020-12-05 12:00:00,ev_C,C,11,
20201205113520,2020-12-05 11:35:20,2020-12-05 12:00:00,ev_K,K,4,
20201205113530,2020-12-05 11:35:30,2020-12-05 12:00:00,ev_K,K,5,
20201205113540,2020-12-05 11:35:40,2020-12-05 12:00:00,ev_C,C,5,
20201205113550,2020-12-05 11:35:50,2020-12-05 12:00:00,ev_C,C,4,
20201205113600,2020-12-05 11:36:00,2020-12-05 12:00:00,ev_C,C,24,
20201205113610,2020-12-05 11:36:10,2020-12-05 12:00:00,ev_K,K,5,
20201205113620,2020-12-05 11:36:20,2020-12-05 12:00:00,ev_C,C,10,
20201205113630,2020-12-05 11:36:30,2020-12-05 12:00:00,ev_K,K,4,
20201205113640,2020-12-05 11:36:40,2020-12-05 12:00:00,ev_C,C,9,
20201205113650,2020-12-05 11:36:50,2020-12-05 12:00:00,ev_C,C,21,
20201205113700,2020-12-05 11:37:00,2020-12-05 12:00:00,ev_C,C,13,
20201205113710,2020-12-05 11:37:10,2020-12-05 12:00:00,ev_C,C,25,
20201205113720,2020-12-05 11:37:20,2020-12-05 12:00:00,ev_C,C,3,
20201205113730,2020-12-05 11:37:30,2020-12-05 12:00:00,ev_C,C,22,
20201205113740,2020-12-05 11:37:40,2020-12-05 12:00:00,ev_C,C,14,
20201205113750,2020-12-05 11:37:50,2020-12-05 12:00:00,ev_C,C,6,
20201205113800,2020-12-05 11:38:00,2020-12-05 12:00:00,ev_C,C,23,
20201205113810,2020-12-05 11:38:10,2020-12-05 12:00:00,ev_C,C,24,
20201205113820,2020-12-05 11:38:20,2020-12-05 12:00:00,ev_C,C,2,
20201205113830,2020-12-05 11:38:30,2020-12-05 12:00:00,ev_C,C,10,
20201205113840,2020-12-05 11:38:40,2020-12-05 12:00:00,ev_K,K,3,
20201205113850,2020-12-05 11:38:50,2020-12-05 12:00:00,ev_K,K,2,
20201205113900,2020-12-05 11:39:00,2020-12-05 12:00:00,ev_C,C,12,
20201205113910,2020-12-05 11:39:10,2020-12-05 12:00:00,ev_C,C,21,
20201205113920,2020-12-05 11:39:20,2020-12-05 12:00:00,ev_C,C,21,
20201205113930,2020-12-05 11:39:30,2020-12-05 12:00:00,ev_C,C,23,
20201205113940,2020-12-05 11:39:40,2020-12-05 12:00:00,ev_K,K,2,
20201205113950,2020-12-05 11:39:50,2020-12-05 12:00:00,ev_C,C,6,
20201205114000,2020-12-05 11:40:00,2020-12-05 12:00:00,ev_C,C,5,
20201205114010,2020-12-05 11:40:10,2020-12-05 12:00:00,ev_C,C,4,
20201205114020,2020-12-05 11:40:20,2020-12-05 12:00:00,ev_C,C,2,
20201205114030,2020-12-05 11:40:30,2020-12-05 12:00:00,ev_K,K,4,
20201205114040,2020-12-05 11:40:40,2020-12-05 12:00:00,ev_C,C,15,
20201205114050,2020-12-05 11:40:50,2020-12-05 12:00:00,ev_C,C,23,
20201205114100,2020-12-05 11:41:00,2020-12-05 12:00:00,ev_C,C,2,
20201205114110,2020-12-05 11:41:10,2020-12-05 12:00:00,ev_C,C,23,
20201205114120,2020-12-05 11:41:20,2020-12-05 12:00:00,ev_C,C,21,
20201205114130,2020-12-05 11:41:30,2020-12-05 12:00:00,ev_K,K,3,
20201205114140,2020-12-05 11:41:40,2020-12-05 12:00:00,ev_C,C,8,
20201205114150,2020-12-05 11:41:50,2020-12-05 12:00:00,ev_C,C,24,
20201205114200,2020-12-05 11:42:00,2020-12-05 12:00:00,ev_C,C,13,
20201205114210,2020-12-05 11:42:10,2020-12-05 12:00:00,ev_C,C,13,
20201205114220,2020-12-05 11:42:20,2020-12-05 12:00:00,ev_K,K,1,
20201205114230,2020-12-05 11:42:30,2020-12-05 12:00:00,ev_K,K,2,
20201205114240,2020-12-05 11:42:40,2020-12-05 12:00:00,ev_C,C,14,
20201205114250,2020-12-05 11:42:50,2020-12-05 12:00:00,ev_N,K,4,
20201205114300,2020-12-05 11:43:00,2020-12-05 12:00:00,ev_C,C,4,
20201205114310,2020-12-05 11:43:10,2020-12-05 12:00:00,ev_C,C,15,
20201205114320,2020-12-05 11:43:20,2020-12-05 12:00:00,ev_C,C,1,
20201205114330,2020-12-05 11:43:30,2020-12-05 12:00:00,ev_C,C,23,
20201205114340,2020-12-05 11:43:40,2020-12-05 12:00:00,ev_C,C,12,
20201205114350,2020-12-05 11:43:50,2020-12-05 12:00:00,ev_C,C,25,
20201205114400,2020-12-05 11:44:00,2020-12-05 12:00:00,ev_K,K,1,
20201205114410,2020-12-05 11:44:10,2020-12-05 12:00:00,ev_C,C,5,
20201205114420,2020-12-05 11:44:20,2020-12-05 12:00:00,ev_C,C,14,
20201205114430,2020-12-05 11:44:30,2020-12-05 12:00:00,ev_K,K,1,
20201205114440,2020-12-05 11:44:40,2020-12-05 12:00:00,ev_N,K,4,
20201205114450,2020-12-05 11:44:50,2020-12-05 12:00:00,ev_C,C,12,
20201205114500,2020-12-05 11:45:00,2020-12-05 12:00:00,ev_C,C,1,
20201205114510,2020-12-05 11:45:10,2020-12-05 12:00:00,ev_K,K,1,
20201205114520,2020-12-05 11:45:20,2020-12-05 12:00:00,ev_C,C,1,
20201205114530,2020-12-05 11:45:30,2020-12-05 12:00:00,ev_C,C,6,
20201205114540,2020-12-05 11:45:40,2020-12-05 12:00:00,ev_C,C,21,
20201205114550,2020-12-05 11:45:50,2020-12-05 12:00:00,ev_C,C,2,
20201205114600,2020-12-05 11:46:00,2020-12-05 12:00:00,ev_K,K,4,
20201205114610,2020-12-05 11:46:10,2020-12-05 12:00:00,ev_C,C,14,
20201205114620,2020-12-05 11:46:20,2020-12-05 12:00:00,ev_C,C,8,
20201205114630,2020-12-05 11:46:30,2020-12-05 12:00:00,ev_K,K,3,
20201205114640,2020-12-05 11:46:40,2020-12-05 12:00:00,ev_C,C,8,
20201205114650,2020-12-05 11:46:50,2020-12-05 12:00:00,ev_C,C,13,
20201205114700,2020-12-05 11:47:00,2020-12-05 12:00:00,ev_C,C,7,
20201205114710,2020-12-05 11:47:10,2020-12-05 12:00:00,ev_N,K,4,
20201205114720,2020-12-05 11:47:20,2020-12-05 12:00:00,ev_C,C,24,
20201205114730,2020-12-05 11:47:30,2020-12-05 12:00:00,ev_K,K,1,
20201205114740,2020-12-05 11:47:40,2020-12-05 12:00:00,ev_C,C,2,
20201205114750,2020-12-05 11:47:50,2020-12-05 12:00:00,ev_C,C,13,
20201205114800,2020-12-05 11:48:00,2020-12-05 12:00:00,ev_C,C,15,
20201205114810,2020-12-05 11:48:10,2020-12-05 12:00:00,ev_C,C,11,
20201205114820,2020-12-05 11:48:20,2020-12-05 12:00:00,ev_C,C,21,
20201205114830,2020-12-05 11:48:30,2020-12-05 12:00:00,ev_C,C,15,
20201205114840,2020-12-05 11:48:40,2020-12-05 12:00:00,ev_C,C,13,
20201205114850,2020-12-05 11:48:50,2020-12-05 12:00:00,ev_K,K,4,
20201205114900,2020-12-05 11:49:00,2020-12-05 12:00:00,ev_C,C,22,
20201205114910,2020-12-05 11:49:10,2020-12-05 12:00:00,ev_C,C,25,
20201205114920,2020-12-05 11:49:20,2020-12-05 12:00:00,ev_C,C,12,
20201205114930,2020-12-05 11:49:30,2020-12-05 12:00:00,ev_C,C,6,
20201205114940,2020-12-05 11:49:40,2020-12-05 12:00:00,ev_C,C,2,
20201205114950,2020-12-05 11:49:50,2020-12-05 12:00:00,ev_N,K,2,
20201205115000,2020-12-05 11:50:00,2020-12-05 12:00:00,ev_N,K,3,
20201205115010,2020-12-05 11:50:10,2020-12-05 12:00:00,ev_C,C,3,
20201205115020,2020-12-05 11:50:20,2020-12-05 12:00:00,ev_C,C,9,
20201205115030,2020-12-05 11:50:30,2020-12-05 12:00:00,ev_K,K,4,
20201205115040,2020-12-05 11:50:40,2020-12-05 12:00:00,ev_N,K,1,
20201205115050,2020-12-05 11:50:50,2020-12-05 12:00:00,ev_C,C,11,
20201205115100,2020-12-05 11:51:00,2020-12-05 12:00:00,ev_K,K,2,
20201205115110,2020-12-05 11:51:10,2020-12-05 12:00:00,ev_C,C,24,
20201205115120,2020-12-05 11:51:20,2020-12-05 12:00:00,ev_C,C,21,
20201205115130,2020-12-05 11:51:30,2020-12-05 12:00:00,ev_K,K,1,
20201205115140,2020-12-05 11:51:40,2020-12-05 12:00:00,ev_C,C,4,
20201205115150,2020-12-05 11:51:50,2020-12-05 12:00:00,ev_K,K,5,
20201205115200,2020-12-05 11:52:00,2020-12-05 12:00:00,ev_C,C,8,
20201205115210,2020-12-05 11:52:10,2020-12-05 12:00:00,ev_C,C,14,
20201205115220,2020-12-05 11:52:20,2020-12-05 12:00:00,ev_K,K,5,
20201205115230,2020-12-05 11:52:30,2020-12-05 12:00:00,ev_C,C,23,
20201205115240,2020-12-05 11:52:40,2020-12-05 12:00:00,ev_N,K,2,
20201205115250,2020-12-05 11:52:50,2020-12-05 12:00:00,ev_C,C,24,
20201205115300,2020-12-05 11:53:00,2020-12-05 12:00:00,ev_K,K,5,
20201205115310,2020-12-05 11:53:10,2020-12-05 12:00:00,ev_C,C,12,
20201205115320,2020-12-05 11:53:20,2020-12-05 12:00:00,ev_C,C,3,
20201205115330,2020-12-05 11:53:30,2020-12-05 12:00:00,ev_C,C,25,
20201205115340,2020-12-05 11:53:40,2020-12-05 12:00:00,ev_C,C,8,
20201205115350,2020-12-05 11:53:50,2020-12-05 12:00:00,ev_C,C,6,
20201205115400,2020-12-05 11:54:00,2020-12-05 12:00:00,ev_N,K,4,
20201205115410,2020-12-05 11:54:10,2020-12-05 12:00:00,ev_C,C,14,
20201205115420,2020-12-05 11:54:20,2020-12-05 12:00:00,ev_K,K,2,
20201205115430,2020-12-05 11:54:30,2020-12-05 12:00:00,ev_C,C,13,
20201205115440,2020-12-05 11:54:40,2020-12-05 12:00:00,ev_C,C,6,
20201205115450,2020-12-05 11:54:50,2020-12-05 12:00:00,ev_C,C,5,
20201205115500,2020-12-05 11:55:00,2020-12-05 12:00:00,ev_C,C,12,
20201205115510,2020-12-05 11:55:10,2020-12-05 12:00:00,ev_C,C,11,
20201205115520,2020-12-05 11:55:20,2020-12-05 12:00:00,ev_C,C,5,
20201205115530,2020-12-05 11:55:30,2020-12-05 12:00:00,ev_C,C,1,
20201205115540,2020-12-05 11:55:40,2020-12-05 12:00:00,ev_C,C,3,
20201205115550,2020-12-05 11:55:50,2020-12-05 12:00:00,ev_K,K,2,
20201205115600,2020-12-05 11:56:00,2020-12-05 12:00:00,ev_C,C,14,
20201205115610,2020-12-05 11:56:10,2020-12-05 12:00:00,ev_C,C,24,
20201205115620,2020-12-05 11:56:20,2020-12-05 12:00:00,ev_K,K,4,
20201205115630,2020-12-05 11:56:30,2020-12-05 12:00:00,ev_K,K,3,
20201205115640,2020-12-05 11:56:40,2020-12-05 12:00:00,ev_C,C,8,
20201205115650,2020-12-05 11:56:50,2020-12-05 12:00:00,ev_K,K,5,
20201205115700,2020-12-05 11:57:00,2020-12-05 12:00:00,ev_C,C,23,
20201205115710,2020-12-05 11:57:10,2020-12-05 12:00:00,ev_C,C,2,
20201205115720,2020-12-05 11:57:20,2020-12-05 12:00:00,ev_C,C,14,
20201205115730,2020-12-05 11:57:30,2020-12-05 12:00:00,ev_C,C,9,
20201205115740,2020-12-05 11:57:40,2020-12-05 12:00:00,ev_C,C,24,
20201205115750,2020-12-05 11:57:50,2020-12-05 12:00:00,ev_C,C,6,
20201205115800,2020-12-05 11:58:00,2020-12-05 12:00:00,ev_C,C,7,
20201205115810,2020-12-05 11:58:10,2020-12-05 12:00:00,ev_N,K,2,
20201205115820,2020-12-05 11:58:20,2020-12-05 12:00:00,ev_C,C,5,
20201205115830,2020-12-05 11:58:30,2020-12-05 12:00:00,ev_C,C,11,
20201205115840,2020-12-05 11:58:40,2020-12-05 12:00:00,ev_C,C,13,
20201205115850,2020-12-05 11:58:50,2020-12-05 12:00:00,ev_C,C,23,
20201205115900,2020-12-05 11:59:00,2020-12-05 12:00:00,ev_C,C,21,
20201205115910,2020-12-05 11:59:10,2020-12-05 12:00:00,ev_C,C,7,
20201205115920,2020-12-05 11:59:20,2020-12-05 12:00:00,ev_C,C,9,
20201205115930,2020-12-05 11:59:30,2020-12-05 12:00:00,ev_K,K,5,
20201205115940,2020-12-05 11:59:40,2020-12-05 12:00:00,ev_C,C,24,
20201205115950,2020-12-05 11:59:50,2020-12-05 12:00:00,ev_C,C,5,
20201205120000,2020-12-05 12:00:00,2020-12-05 23:59:59,ev_C,C,21,
20201205120010,2020-12-05 12:00:10,2020-12-05 23:59:59,ev_C,C,1,
20201205120020,2020-12-05 12:00:20,2020-12-05 23:59:59,ev_K,K,2,
20201205120030,2020-12-05 12:00:30,2020-12-05 23:59:59,ev_K,K,3,
20201205120040,2020-12-05 12:00:40,2020-12-05 23:59:59,ev_C,C,21,
20201205120050,2020-12-05 12:00:50,2020-12-05 23:59:59,ev_K,K,5,
20201205120100,2020-12-05 12:01:00,2020-12-05 23:59:59,ev_C,C,10,
20201205120110,2020-12-05 12:01:10,2020-12-05 23:59:59,ev_C,C,23,
20201205120120,2020-12-05 12:01:20,2020-12-05 23:59:59,ev_C,C,22,
20201205120130,2020-12-05 12:01:30,2020-12-05 23:59:59,ev_C,C,23,
20201205120140,2020-12-05 12:01:40,2020-12-05 23:59:59,ev_C,C,21,
20201205120150,2020-12-05 12:01:50,2020-12-05 23:59:59,ev_C,C,24,
20201205120200,2020-12-05 12:02:00,2020-12-05 23:59:59,ev_C,C,8,
20201205120210,2020-12-05 12:02:10,2020-12-05 23:59:59,ev_C,C,11,
20201205120220,2020-12-05 12:02:20,2020-12-05 23:59:59,ev_C,C,9,
20201205120230,2020-12-05 12:02:30,2020-12-05 23:59:59,ev_N,K,4,
20201205120240,2020-12-05 12:02:40,2020-12-05 23:59:59,ev_K,K,1,
20201205120250,2020-12-05 12:02:50,2020-12-05 23:59:59,ev_C,C,22,
20201205120300,2020-12-05 12:03:00,2020-12-05 23:59:59,ev_C,C,6,
20201205120310,2020-12-05 12:03:10,2020-12-05 23:59:59,ev_C,C,2,
20201205120320,2020-12-05 12:03:20,2020-12-05 23:59:59,ev_K,K,4,
20201205120330,2020-12-05 12:03:30,2020-12-05 23:59:59,ev_C,C,21,
20201205120340,2020-12-05 12:03:40,2020-12-05 23:59:59,ev_N,K,2,
20201205120350,2020-12-05 12:03:50,2020-12-05 23:59:59,ev_C,C,8,
20201205120400,2020-12-05 12:04:00,2020-12-05 23:59:59,ev_C,C,1,
20201205120410,2020-12-05 12:04:10,2020-12-05 23:59:59,ev_C,C,10,
20201205120420,2020-12-05 12:04:20,2020-12-05 23:59:59,ev_C,C,12,
20201205120430,2020-12-05 12:04:30,2020-12-05 23:59:59,ev_C,C,10,
20201205120440,2020-12-05 12:04:40,2020-12-05 23:59:59,ev_K,K,1,
20201205120450,2020-12-05 12:04:50,2020-12-05 23:59:59,ev_K,K,3,
20201205120500,2020-12-05 12:05:00,2020-12-05 23:59:59,ev_C,C,15,
20201205120510,2020-12-05 12:05:10,2020-12-05 23:59:59,ev_N,K,2,
20201205120520,2020-12-05 12:05:20,2020-12-05 23:59:59,ev_K,K,4,
20201205120530,2020-12-05 12:05:30,2020-12-05 23:59:59,ev_C,C,22,
20201205120540,2020-12-05 12:05:40,2020-12-05 23:59:59,ev_C,C,1,
20201205120550,2020-12-05 12:05:50,2020-12-05 23:59:59,ev_K,K,4,
20201205120600,2020-12-05 12:06:00,2020-12-05 23:59:59,ev_C,C,10,
20201205120610,2020-12-05 12:06:10,2020-12-05 23:59:59,ev_C,C,8,
20201205120620,2020-12-05 12:06:20,2020-12-05 23:59:59,ev_K,K,4,
20201205120630,2020-12-05 12:06:30,2020-12-05 23:59:59,ev_C,C,5,
20201205120640,2020-12-05 12:06:40,2020-12-05 23:59:59,ev_C,C,5,
20201205120650,2020-12-05 12:06:50,2020-12-05 23:59:59,ev_C,C,13,
20201205120700,2020-12-05 12:07:00,2020-12-05 23:59:59,ev_C,C,4,
20201205120710,2020-12-05 12:07:10,2020-12-05 23:59:59,ev_C,C,8,
20201205120720,2020-12-05 12:07:20,2020-12-05 23:59:59,ev_C,C,4,
20201205120730,2020-12-05 12:07:30,2020-12-05 23:59:59,ev_N,K,4,
20201205120740,2020-12-05 12:07:40,2020-12-05 23:59:59,ev_C,C,5,
20201205120750,2020-12-05 12:07:50,2020-12-05 23:59:59,ev_K,K,4,
20201205120800,2020-12-05 12:08:00,2020-12-05 23:59:59,ev_C,C,3,
20201205120810,2020-12-05 12:08:10,2020-12-05 23:59:59,ev_C,C,8,
20201205120820,2020-12-05 12:08:20,2020-12-05 23:59:59,ev_C,C,2,
20201205120830,2020-12-05 12:08:30,2020-12-05 23:59:59,ev_C,C,5,
20201205120840,2020-12-05 12:08:40,2020-12-05 23:59:59,ev_C,C,14,
20201205120850,2020-12-05 12:08:50,2020-12-05 23:59:59,ev_C,C,3,
20201205120900,2020-12-05 12:09:00,2020-12-05 23:59:59,ev_C,C,4,
20201205120910,2020-12-05 12:09:10,2020-12-05 23:59:59,ev_C,C,14,
20201205120920,2020-12-05 12:09:20,2020-12-05 23:59:59,ev_K,K,4,
20201205120930,2020-12-05 12:09:30,2020-12-05 23:59:59,ev_C,C,12,
20201205120940,2020-12-05 12:09:40,2020-12-05 23:59:59,ev_C,C,14,
20201205120950,2020-12-05 12:09:50,2020-12-05 23:59:59,ev_N,K,1,
20201205121000,2020-12-05 12:10:00,2020-12-05 23:59:59,ev_K,K,1,
20201205121010,2020-12-05 12:10:10,2020-12-05 23:59:59,ev_C,C,1,
20201205121020,2020-12-05 12:10:20,2020-12-05 23:59:59,ev_C,C,22,
20201205121030,2020-12-05 12:10:30,2020-12-05 23:59:59,ev_K,K,3,
20201205121040,2020-12-05 12:10:40,2020-12-05 23:59:59,ev_C,C,25,
20201205121050,2020-12-05 12:10:50,2020-12-05 23:59:59,ev_C,C,24,
20201205121100,2020-12-05 12:11:00,2020-12-05 23:59:59,ev_C,C,9,
20201205121110,2020-12-05 12:11:10,2020-12-05 23:59:59,ev_K,K,3,
20201205121120,2020-12-05 12:11:20,2020-12-05 23:59:59,ev_K,K,1,
20201205121130,2020-12-05 12:11:30,2020-12-05 23:59:59,ev_C,C,12,
20201205121140,2020-12-05 12:11:40,2020-12-05 23:59:59,ev_C,C,25,
20201205121150,2020-12-05 12:11:50,2020-12-05 23:59:59,ev_C,C,25,
20201205121200,2020-12-05 12:12:00,2020-12-05 23:59:59,ev_K,K,3,
20201205121210,2020-12-05 12:12:10,2020-12-05 23:59:59,ev_K,K,5,
20201205121220,2020-12-05 12:12:20,2020-12-05 23:59:59,ev_C,C,1,
20201205121230,2020-12-05 12:12:30,2020-12-05 23:59:59,ev_C,C,14,
20201205121240,2020-12-05 12:12:40,2020-12-05 23:59:59,ev_C,C,8,
20201205121250,2020-12-05 12:12:50,2020-12-05 23:59:59,ev_C,C,14,
20201205121300,2020-12-05 12:13:00,2020-12-05 23:59:59,ev_C,C,1,
20201205121310,2020-12-05 12:13:10,2020-12-05 23:59:59,ev_C,C,25,
20201205121320,2020-12-05 12:13:20,2020-12-05 23:59:59,ev_C,C,6,
20201205121330,2020-12-05 12:13:30,2020-12-05 23:59:59,ev_K,K,2,
20201205121340,2020-12-05 12:13:40,2020-12-05 23:59:59,ev_C,C,7,
20201205121350,2020-12-05 12:13:50,2020-12-05 23:59:59,ev_C,C,14,
20201205121400,2020-12-05 12:14:00,2020-12-05 23:59:59,ev_C,C,7,
20201205121410,2020-12-05 12:14:10,2020-12-05 23:59:59,ev_C,C,4,
20201205121420,2020-12-05 12:14:20,2020-12-05 23:59:59,ev_C,C,25,
20201205121430,2020-12-05 12:14:30,2020-12-05 23:59:59,ev_C,C,22,
20201205121440,2020-12-05 12:14:40,2020-12-05 23:59:59,ev_C,C,9,
20201205121450,2020-12-05 12:14:50,2020-12-05 23:59:59,ev_K,K,2,
20201205121500,2020-12-05 12:15:00,2020-12-05 23:59:59,ev_C,C,7,
20201205121510,2020-12-05 12:15:10,2020-12-05 23:59:59,ev_C,C,6,
20201205121520,2020-12-05 12:15:20,2020-12-05 23:59:59,ev_C,C,2,
20201205121530,2020-12-05 12:15:30,2020-12-05 23:59:59,ev_C,C,4,
20201205121540,2020-12-05 12:15:40,2020-12-05 23:59:59,ev_C,C,3,
20201205121550,2020-12-05 12:15:50,2020-12-05 23:59:59,ev_C,C,13,
20201205121600,2020-12-05 12:16:00,2020-12-05 23:59:59,ev_C,C,22,
20201205121610,2020-12-05 12:16:10,2020-12-05 23:59:59,ev_C,C,5,
20201205121620,2020-12-05 12:16:20,2020-12-05 23:59:59,ev_C,C,8,
20201205121630,2020-12-05 12:16:30,2020-12-05 23:59:59,ev_C,C,9,
20201205121640,2020-12-05 12:16:40,2020-12-05 23:59:59,ev_C,C,8,
20201205121650,2020-12-05 12:16:50,2020-12-05 23:59:59,ev_N,K,4,
20201205121700,2020-12-05 12:17:00,2020-12-05 23:59:59,ev_C,C,21,
20201205121710,2020-12-05 12:17:10,2020-12-05 23:59:59,ev_C,C,21,
20201205121720,2020-12-05 12:17:20,2020-12-05 23:59:59,ev_C,C,21,
20201205121730,2020-12-05 12:17:30,2020-12-05 23:59:59,ev_C,C,2,
20201205121740,2020-12-05 12:17:40,2020-12-05 23:59:59,ev_C,C,7,
20201205121750,2020-12-05 12:17:50,2020-12-05 23:59:59,ev_C,C,2,
20201205121800,2020-12-05 12:18:00,2020-12-05 23:59:59,ev_C,C,7,
20201205121810,2020-12-05 12:18:10,2020-12-05 23:59:59,ev_C,C,15,
20201205121820,2020-12-05 12:18:20,2020-12-05 23:59:59,ev_C,C,5,
20201205121830,2020-12-05 12:18:30,2020-12-05 23:59:59,ev_K,K,1,
20201205121840,2020-12-05 12:18:40,2020-12-05 23:59:59,ev_N,K,5,
20201205121850,2020-12-05 12:18:50,2020-12-05 23:59:59,ev_C,C,1,
20201205121900,2020-12-05 12:19:00,2020-12-05 23:59:59,ev_C,C,5,
20201205121910,2020-12-05 12:19:10,2020-12-05 23:59:59,ev_K,K,4,
20201205121920,2020-12-05 12:19:20,2020-12-05 23:59:59,ev_C,C,2,
20201205121930,2020-12-05 12:19:30,2020-12-05 23:59:59,ev_C,C,10,
20201205121940,2020-12-05 12:19:40,2020-12-05 23:59:59,ev_K,K,4,
20201205121950,2020-12-05 12:19:50,2020-12-05 23:59:59,ev_C,C,25,
20201205122000,2020-12-05 12:20:00,2020-12-05 23:59:59,ev_K,K,4,
20201205122010,2020-12-05 12:20:10,2020-12-05 23:59:59,ev_C,C,1,
20201205122020,2020-12-05 12:20:20,2020-12-05 23:59:59,ev_C,C,6,
20201205122030,2020-12-05 12:20:30,2020-12-05 23:59:59,ev_K,K,5,
20201205122040,2020-12-05 12:20:40,2020-12-05 23:59:59,ev_C,C,24,
20201205122050,2020-12-05 12:20:50,2020-12-05 23:59:59,ev_C,C,10,
20201205122100,2020-12-05 12:21:00,2020-12-05 23:59:59,ev_C,C,3,
20201205122110,2020-12-05 12:21:10,2020-12-05 23:59:59,ev_C,C,25,
20201205122120,2020-12-05 12:21:20,2020-12-05 23:59:59,ev_C,C,5,
20201205122130,2020-12-05 12:21:30,2020-12-05 23:59:59,ev_C,C,10,
20201205122140,2020-12-05 12:21:40,2020-12-05 23:59:59,ev_N,K,2,
20201205122150,2020-12-05 12:21:50,2020-12-05 23:59:59,ev_K,K,1,
20201205122200,2020-12-05 12:22:00,2020-12-05 23:59:59,ev_N,K,1,
20201205122210,2020-12-05 12:22:10,2020-12-05 23:59:59,ev_K,K,5,
20201205122220,2020-12-05 12:22:20,2020-12-05 23:59:59,ev_C,C,6,
20201205122230,2020-12-05 12:22:30,2020-12-05 23:59:59,ev_K,K,2,
20201205122240,2020-12-05 12:22:40,2020-12-05 23:59:59,ev_C,C,8,
20201205122250,2020-12-05 12:22:50,2020-12-05 23:59:59,ev_C,C,21,
20201205122300,2020-12-05 12:23:00,2020-12-05 23:59:59,ev_K,K,3,
20201205122310,2020-12-05 12:23:10,2020-12-05 23:59:59,ev_C,C,4,
20201205122320,2020-12-05 12:23:20,2020-12-05 23:59:59,ev_C,C,10,
20201205122330,2020-12-05 12:23:30,2020-12-05 23:59:59,ev_N,K,5,
20201205122340,2020-12-05 12:23:40,2020-12-05 23:59:59,ev_C,C,8,
20201205122350,2020-12-05 12:23:50,2020-12-05 23:59:59,ev_C,C,1,
20201205122400,2020-12-05 12:24:00,2020-12-05 23:59:59,ev_C,C,3,
20201205122410,2020-12-05 12:24:10,2020-12-05 23:59:59,ev_K,K,1,
20201205122420,2020-12-05 12:24:20,2020-12-05 23:59:59,ev_C,C,12,
20201205122430,2020-12-05 12:24:30,2020-12-05 23:59:59,ev_K,K,5,
20201205122440,2020-12-05 12:24:40,2020-12-05 23:59:59,ev_C,C,15,
20201205122450,2020-12-05 12:24:50,2020-12-05 23:59:59,ev_C,C,13,
20201205122500,2020-12-05 12:25:00,2020-12-05 23:59:59,ev_C,C,9,
20201205122510,2020-12-05 12:25:10,2020-12-05 23:59:59,ev_C,C,9,
20201205122520,2020-12-05 12:25:20,2020-12-05 23:59:59,ev_C,C,21,
20201205122530,2020-12-05 12:25:30,2020-12-05 23:59:59,ev_C,C,10,
20201205122540,2020-12-05 12:25:40,2020-12-05 23:59:59,ev_C,C,24,
20201205122550,2020-12-05 12:25:50,2020-12-05 23:59:59,ev_K,K,1,
20201205122600,2020-12-05 12:26:00,2020-12-05 23:59:59,ev_K,K,3,
20201205122610,2020-12-05 12:26:10,2020-12-05 23:59:59,ev_C,C,21,
20201205122620,2020-12-05 12:26:20,2020-12-05 23:59:59,ev_C,C,6,
20201205122630,2020-12-05 12:26:30,2020-12-05 23:59:59,ev_N,K,5,
20201205122640,2020-12-05 12:26:40,2020-12-05 23:59:59,ev_C,C,22,
20201205122650,2020-12-05 12:26:50,2020-12-05 23:59:59,ev_C,C,5,
20201205122700,2020-12-05 12:27:00,2020-12-05 23:59:59,ev_C,C,25,
20201205122710,2020-12-05 12:27:10,2020-12-05 23:59:59,ev_C,C,7,
20201205122720,2020-12-05 12:27:20,2020-12-05 23:59:59,ev_K,K,2,
20201205122730,2020-12-05 12:27:30,2020-12-05 23:59:59,ev_C,C,4,
20201205122740,2020-12-05 12:27:40,2020-12-05 23:59:59,ev_C,C,22,
20201205122750,2020-12-05 12:27:50,2020-12-05 23:59:59,ev_C,C,23,
20201205122800,2020-12-05 12:28:00,2020-12-05 23:59:59,ev_K,K,4,
20201205122810,2020-12-05 12:28:10,2020-12-05 23:59:59,ev_K,K,5,
20201205122820,2020-12-05 12:28:20,2020-12-05 23:59:59,ev_K,K,2,
20201205122830,2020-12-05 12:28:30,2020-12-05 23:59:59,ev_C,C,4,
20201205122840,2020-12-05 12:28:40,2020-12-05 23:59:59,ev_K,K,5,
20201205122850,2020-12-05 12:28:50,2020-12-05 23:59:59,ev_K,K,3,
20201205122900,2020-12-05 12:29:00,2020-12-05 23:59:59,ev_C,C,15,
20201205122910,2020-12-05 12:29:10,2020-12-05 23:59:59,ev_C,C,22,
20201205122920,2020-12-05 12:29:20,2020-12-05 23:59:59,ev_C,C,2,
20201205122930,2020-12-05 12:29:30,2020-12-05 23:59:59,ev_K,K,2,
20201205122940,2020-12-05 12:29:40,2020-12-05 23:59:59,ev_C,C,3,
20201205122950,2020-12-05 12:29:50,2020-12-05 23:59:59,ev_C,C,11,
20201205123000,2020-12-05 12:30:00,2020-12-05 23:59:59,ev_C,C,21,
20201205123010,2020-12-05 12:30:10,2020-12-05 23:59:59,ev_C,C,10,
20201205123020,2020-12-05 12:30:20,2020-12-05 23:59:59,ev_C,C,3,
20201205123030,2020-12-05 12:30:30,2020-12-05 23:59:59,ev_C,C,4,
20201205123040,2020-12-05 12:30:40,2020-12-05 23:59:59,ev_K,K,3,
20201205123050,2020-12-05 12:30:50,2020-12-05 23:59:59,ev_C,C,13,
20201205123100,2020-12-05 12:31:00,2020-12-05 23:59:59,ev_C,C,6,
20201205123110,2020-12-05 12:31:10,2020-12-05 23:59:59,ev_K,K,2,
20201205123120,2020-12-05 12:31:20,2020-12-05 23:59:59,ev_C,C,5,
20201205123130,2020-12-05 12:31:30,2020-12-05 23:59:59,ev_N,K,2,
20201205123140,2020-12-05 12:31:40,2020-12-05 23:59:59,ev_C,C,4,
20201205123150,2020-12-05 12:31:50,2020-12-05 23:59:59,ev_K,K,4,
20201205123200,2020-12-05 12:32:00,2020-12-05 23:59:59,ev_N,K,5,
20201205123210,2020-12-05 12:32:10,2020-12-05 23:59:59,ev_C,C,2,
20201205123220,2020-12-05 12:32:20,2020-12-05 23:59:59,ev_K,K,4,
20201205123230,2020-12-05 12:32:30,2020-12-05 23:59:59,ev_C,C,5,
20201205123240,2020-12-05 12:32:40,2020-12-05 23:59:59,ev_N,K,4,
20201205123250,2020-12-05 12:32:50,2020-12-05 23:59:59,ev_C,C,8,
20201205123300,2020-12-05 12:33:00,2020-12-05 23:59:59,ev_K,K,5,
20201205123310,2020-12-05 12:33:10,2020-12-05 23:59:59,ev_K,K,2,
20201205123320,2020-12-05 12:33:20,2020-12-05 23:59:59,ev_C,C,6,
20201205123330,2020-12-05 12:33:30,2020-12-05 23:59:59,ev_C,C,10,
20201205123340,2020-12-05 12:33:40,2020-12-05 23:59:59,ev_K,K,2,
20201205123350,2020-12-05 12:33:50,2020-12-05 23:59:59,ev_C,C,2,
20201205123400,2020-12-05 12:34:00,2020-12-05 23:59:59,ev_K,K,1,
20201205123410,2020-12-05 12:34:10,2020-12-05 23:59:59,ev_C,C,14,
20201205123420,2020-12-05 12:34:20,2020-12-05 23:59:59,ev_C,C,11,
20201205123430,2020-12-05 12:34:30,2020-12-05 23:59:59,ev_C,C,11,
20201205123440,2020-12-05 12:34:40,2020-12-05 23:59:59,ev_C,C,7,
20201205123450,2020-12-05 12:34:50,2020-12-05 23:59:59,ev_C,C,8,
20201205123500,2020-12-05 12:35:00,2020-12-05 23:59:59,ev_K,K,3,
20201205123510,2020-12-05 12:35:10,2020-12-05 23:59:59,ev_K,K,5,
20201205123520,2020-12-05 12:35:20,2020-12-05 23:59:59,ev_C,C,14,
20201205123530,2020-12-05 12:35:30,2020-12-05 23:59:59,ev_C,C,15,
20201205123540,2020-12-05 12:35:40,2020-12-05 23:59:59,ev_C,C,3,
20201205123550,2020-12-05 12:35:50,2020-12-05 23:59:59,ev_C,C,2,
20201205123600,2020-12-05 12:36:00,2020-12-05 23:59:59,ev_C,C,24,
20201205123610,2020-12-05 12:36:10,2020-12-05 23:59:59,ev_K,K,4,
20201205123620,2020-12-05 12:36:20,2020-12-05 23:59:59,ev_N,K,4,
20201205123630,2020-12-05 12:36:30,2020-12-05 23:59:59,ev_K,K,2,
20201205123640,2020-12-05 12:36:40,2020-12-05 23:59:59,ev_K,K,5,
20201205123650,2020-12-05 12:36:50,2020-12-05 23:59:59,ev_C,C,9,
20201205123700,2020-12-05 12:37:00,2020-12-05 23:59:59,ev_C,C,15,
20201205123710,2020-12-05 12:37:10,2020-12-05 23:59:59,ev_C,C,8,
20201205123720,2020-12-05 12:37:20,2020-12-05 23:59:59,ev_C,C,1,
20201205123730,2020-12-05 12:37:30,2020-12-05 23:59:59,ev_C,C,23,
20201205123740,2020-12-05 12:37:40,2020-12-05 23:59:59,ev_N,K,5,
20201205123750,2020-12-05 12:37:50,2020-12-05 23:59:59,ev_C,C,21,
20201205123800,2020-12-05 12:38:00,2020-12-05 23:59:59,ev_C,C,1,
20201205123810,2020-12-05 12:38:10,2020-12-05 23:59:59,ev_C,C,15,
20201205123820,2020-12-05 12:38:20,2020-12-05 23:59:59,ev_C,C,15,
20201205123830,2020-12-05 12:38:30,2020-12-05 23:59:59,ev_C,C,10,
20201205123840,2020-12-05 12:38:40,2020-12-05 23:59:59,ev_C,C,13,
20201205123850,2020-12-05 12:38:50,2020-12-05 23:59:59,ev_C,C,7,
20201205123900,2020-12-05 12:39:00,2020-12-05 23:59:59,ev_C,C,25,
20201205123910,2020-12-05 12:39:10,2020-12-05 23:59:59,ev_C,C,24,
20201205123920,2020-12-05 12:39:20,2020-12-05 23:59:59,ev_C,C,24,
20201205123930,2020-12-05 12:39:30,2020-12-05 23:59:59,ev_C,C,2,
20201205123940,2020-12-05 12:39:40,2020-12-05 23:59:59,ev_K,K,1,
20201205123950,2020-12-05 12:39:50,2020-12-05 23:59:59,ev_N,K,3,
20201205124000,2020-12-05 12:40:00,2020-12-05 23:59:59,ev_N,K,1,
20201205124010,2020-12-05 12:40:10,2020-12-05 23:59:59,ev_C,C,7,
20201205124020,2020-12-05 12:40:20,2020-12-05 23:59:59,ev_N,K,4,
20201205124030,2020-12-05 12:40:30,2020-12-05 23:59:59,ev_C,C,13,
20201205124040,2020-12-05 12:40:40,2020-12-05 23:59:59,ev_K,K,5,
20201205124050,2020-12-05 12:40:50,2020-12-05 23:59:59,ev_C,C,9,
20201205124100,2020-12-05 12:41:00,2020-12-05 23:59:59,ev_C,C,11,
20201205124110,2020-12-05 12:41:10,2020-12-05 23:59:59,ev_C,C,25,
20201205124120,2020-12-05 12:41:20,2020-12-05 23:59:59,ev_K,K,3,
20201205124130,2020-12-05 12:41:30,2020-12-05 23:59:59,ev_C,C,7,
20201205124140,2020-12-05 12:41:40,2020-12-05 23:59:59,ev_C,C,13,
20201205124150,2020-12-05 12:41:50,2020-12-05 23:59:59,ev_C,C,4,
20201205124200,2020-12-05 12:42:00,2020-12-05 23:59:59,ev_C,C,6,
20201205124210,2020-12-05 12:42:10,2020-12-05 23:59:59,ev_C,C,10,
20201205124220,2020-12-05 12:42:20,2020-12-05 23:59:59,ev_N,K,3,
20201205124230,2020-12-05 12:42:30,2020-12-05 23:59:59,ev_C,C,12,
20201205124240,2020-12-05 12:42:40,2020-12-05 23:59:59,ev_K,K,5,
20201205124250,2020-12-05 12:42:50,2020-12-05 23:59:59,ev_C,C,13,
20201205124300,2020-12-05 12:43:00,2020-12-05 23:59:59,ev_C,C,15,
20201205124310,2020-12-05 12:43:10,2020-12-05 23:59:59,ev_N,K,1,
20201205124320,2020-12-05 12:43:20,2020-12-05 23:59:59,ev_N,K,1,
20201205124330,2020-12-05 12:43:30,2020-12-05 23:59:59,ev_C,C,4,
20201205124340,2020-12-05 12:43:40,2020-12-05 23:59:59,ev_C,C,1,
20201205124350,2020-12-05 12:43:50,2020-12-05 23:59:59,ev_C,C,5,
20201205124400,2020-12-05 12:44:00,2020-12-05 23:59:59,ev_K,K,1,
20201205124410,2020-12-05 12:44:10,2020-12-05 23:59:59,ev_C,C,25,
20201205124420,2020-12-05 12:44:20,2020-12-05 23:59:59,ev_C,C,8,
20201205124430,2020-12-05 12:44:30,2020-12-05 23:59:59,ev_C,C,12,
20201205124440,2020-12-05 12:44:40,2020-12-05 23:59:59,ev_N,K,5,
20201205124450,2020-12-05 12:44:50,2020-12-05 23:59:59,ev_C,C,2,
20201205124500,2020-12-05 12:45:00,2020-12-05 23:59:59,ev_C,C,6,
20201205124510,2020-12-05 12:45:10,2020-12-05 23:59:59,ev_C,C,2,
20201205124520,2020-12-05 12:45:20,2020-12-05 23:59:59,ev_K,K,3,
20201205124530,2020-12-05 12:45:30,2020-12-05 23:59:59,ev_C,C,7,
20201205124540,2020-12-05 12:45:40,2020-12-05 23:59:59,ev_C,C,3,
20201205124550,2020-12-05 12:45:50,2020-12-05 23:59:59,ev_C,C,7,
20201205124600,2020-12-05 12:46:00,2020-12-05 23:59:59,ev_C,C,5,
20201205124610,2020-12-05 12:46:10,2020-12-05 23:59:59,ev_C,C,11,
20201205124620,2020-12-05 12:46:20,2020-12-05 23:59:59,ev_C,C,23,
20201205124630,2020-12-05 12:46:30,2020-12-05 23:59:59,ev_C,C,21,
20201205124640,2020-12-05 12:46:40,2020-12-05 23:59:59,ev_C,C,1,
20201205124650,2020-12-05 12:46:50,2020-12-05 23:59:59,ev_N,K,4,
20201205124700,2020-12-05 12:47:00,2020-12-05 23:59:59,ev_C,C,21,
20201205124710,2020-12-05 12:47:10,2020-12-05 23:59:59,ev_C,C,12,
20201205124720,2020-12-05 12:47:20,2020-12-05 23:59:59,ev_K,K,5,
20201205124730,2020-12-05 12:47:30,2020-12-05 23:59:59,ev_K,K,2,
20201205124740,2020-12-05 12:47:40,2020-12-05 23:59:59,ev_K,K,4,
20201205124750,2020-12-05 12:47:50,2020-12-05 23:59:59,ev_C,C,24,
20201205124800,2020-12-05 12:48:00,2020-12-05 23:59:59,ev_C,C,15,
20201205124810,2020-12-05 12:48:10,2020-12-05 23:59:59,ev_K,K,2,
20201205124820,2020-12-05 12:48:20,2020-12-05 23:59:59,ev_N,K,2,
20201205124830,2020-12-05 12:48:30,2020-12-05 23:59:59,ev_K,K,1,
20201205124840,2020-12-05 12:48:40,2020-12-05 23:59:59,ev_N,K,4,
20201205124850,2020-12-05 12:48:50,2020-12-05 23:59:59,ev_C,C,9,
20201205124900,2020-12-05 12:49:00,2020-12-05 23:59:59,ev_N,K,3,
20201205124910,2020-12-05 12:49:10,2020-12-05 23:59:59,ev_C,C,24,
20201205124920,2020-12-05 12:49:20,2020-12-05 23:59:59,ev_K,K,4,
20201205124930,2020-12-05 12:49:30,2020-12-05 23:59:59,ev_C,C,11,
20201205124940,2020-12-05 12:49:40,2020-12-05 23:59:59,ev_C,C,6,
20201205124950,2020-12-05 12:49:50,2020-12-05 23:59:59,ev_C,C,5,
20201205125000,2020-12-05 12:50:00,2020-12-05 23:59:59,ev_C,C,22,
20201205125010,2020-12-05 12:50:10,2020-12-05 23:59:59,ev_C,C,9,
20201205125020,2020-12-05 12:50:20,2020-12-05 23:59:59,ev_K,K,4,
20201205125030,2020-12-05 12:50:30,2020-12-05 23:59:59,ev_C,C,7,
20201205125040,2020-12-05 12:50:40,2020-12-05 23:59:59,ev_C,C,7,
20201205125050,2020-12-05 12:50:50,2020-12-05 23:59:59,ev_C,C,1,
20201205125100,2020-12-05 12:51:00,2020-12-05 23:59:59,ev_K,K,4,
20201205125110,2020-12-05 12:51:10,2020-12-05 23:59:59,ev_C,C,12,
20201205125120,2020-12-05 12:51:20,2020-12-05 23:59:59,ev_C,C,1,
20201205125130,2020-12-05 12:51:30,2020-12-05 23:59:59,ev_N,K,3,
20201205125140,2020-12-05 12:51:40,2020-12-05 23:59:59,ev_C,C,3,
20201205125150,2020-12-05 12:51:50,2020-12-05 23:59:59,ev_C,C,12,
20201205125200,2020-12-05 12:52:00,2020-12-05 23:59:59,ev_K,K,5,
20201205125210,2020-12-05 12:52:10,2020-12-05 23:59:59,ev_C,C,3,
20201205125220,2020-12-05 12:52:20,2020-12-05 23:59:59,ev_C,C,8,
20201205125230,2020-12-05 12:52:30,2020-12-05 23:59:59,ev_C,C,22,
20201205125240,2020-12-05 12:52:40,2020-12-05 23:59:59,ev_C,C,9,
20201205125250,2020-12-05 12:52:50,2020-12-05 23:59:59,ev_C,C,22,
20201205125300,2020-12-05 12:53:00,2020-12-05 23:59:59,ev_C,C,12,
20201205125310,2020-12-05 12:53:10,2020-12-05 23:59:59,ev_C,C,5,
20201205125320,2020-12-05 12:53:20,2020-12-05 23:59:59,ev_C,C,25,
20201205125330,2020-12-05 12:53:30,2020-12-05 23:59:59,ev_C,C,1,
20201205125340,2020-12-05 12:53:40,2020-12-05 23:59:59,ev_N,K,5,
20201205125350,2020-12-05 12:53:50,2020-12-05 23:59:59,ev_C,C,5,
20201205125400,2020-12-05 12:54:00,2020-12-05 23:59:59,ev_C,C,25,
20201205125410,2020-12-05 12:54:10,2020-12-05 23:59:59,ev_C,C,23,
20201205125420,2020-12-05 12:54:20,2020-12-05 23:59:59,ev_C,C,23,
20201205125430,2020-12-05 12:54:30,2020-12-05 23:59:59,ev_N,K,4,
20201205125440,2020-12-05 12:54:40,2020-12-05 23:59:59,ev_K,K,5,
20201205125450,2020-12-05 12:54:50,2020-12-05 23:59:59,ev_C,C,24,
20201205125500,2020-12-05 12:55:00,2020-12-05 23:59:59,ev_C,C,22,
20201205125510,2020-12-05 12:55:10,2020-12-05 23:59:59,ev_K,K,1,
20201205125520,2020-12-05 12:55:20,2020-12-05 23:59:59,ev_K,K,4,
20201205125530,2020-12-05 12:55:30,2020-12-05 23:59:59,ev_C,C,3,
20201205125540,2020-12-05 12:55:40,2020-12-05 23:59:59,ev_C,C,23,
20201205125550,2020-12-05 12:55:50,2020-12-05 23:59:59,ev_C,C,13,
20201205125600,2020-12-05 12:56:00,2020-12-05 23:59:59,ev_K,K,1,
20201205125610,2020-12-05 12:56:10,2020-12-05 23:59:59,ev_C,C,21,
20201205125620,2020-12-05 12:56:20,2020-12-05 23:59:59,ev_C,C,9,
20201205125630,2020-12-05 12:56:30,2020-12-05 23:59:59,ev_C,C,25,
20201205125640,2020-12-05 12:56:40,2020-12-05 23:59:59,ev_K,K,4,
20201205125650,2020-12-05 12:56:50,2020-12-05 23:59:59,ev_C,C,22,
20201205125700,2020-12-05 12:57:00,2020-12-05 23:59:59,ev_C,C,24,
20201205125710,2020-12-05 12:57:10,2020-12-05 23:59:59,ev_C,C,3,
20201205125720,2020-12-05 12:57:20,2020-12-05 23:59:59,ev_C,C,9,
20201205125730,2020-12-05 12:57:30,2020-12-05 23:59:59,ev_C,C,2,
20201205125740,2020-12-05 12:57:40,2020-12-05 23:59:59,ev_C,C,3,
20201205125750,2020-12-05 12:57:50,2020-12-05 23:59:59,ev_N,K,5,
20201205125800,2020-12-05 12:58:00,2020-12-05 23:59:59,ev_C,C,21,
20201205125810,2020-12-05 12:58:10,2020-12-05 23:59:59,ev_C,C,24,
20201205125820,2020-12-05 12:58:20,2020-12-05 23:59:59,ev_C,C,15,
20201205125830,2020-12-05 12:58:30,2020-12-05 23:59:59,ev_N,K,2,
20201205125840,2020-12-05 12:58:40,2020-12-05 23:59:59,ev_C,C,1,
20201205125850,2020-12-05 12:58:50,2020-12-05 23:59:59,ev_C,C,1,
20201205125900,2020-12-05 12:59:00,2020-12-05 23:59:59,ev_C,C,24,
20201205125910,2020-12-05 12:59:10,2020-12-05 23:59:59,ev_K,K,5,
20201205125920,2020-12-05 12:59:20,2020-12-05 23:59:59,ev_C,C,6,
20201205125930,2020-12-05 12:59:30,2020-12-05 23:59:59,ev_K,K,1,
20201205125940,2020-12-05 12:59:40,2020-12-05 23:59:59,ev_C,C,1,
20201205125950,2020-12-05 12:59:50,2020-12-05 23:59:59,ev_C,C,25,
20201205130000,2020-12-05 13:00:00,2020-12-05 23:59:59,ev_K,K,5,
20201205130010,2020-12-05 13:00:10,2020-12-05 23:59:59,ev_C,C,5,
20201205130020,2020-12-05 13:00:20,2020-12-05 23:59:59,ev_C,C,13,
20201205130030,2020-12-05 13:00:30,2020-12-05 23:59:59,ev_C,C,22,
20201205130040,2020-12-05 13:00:40,2020-12-05 23:59:59,ev_C,C,9,
20201205130050,2020-12-05 13:00:50,2020-12-05 23:59:59,ev_C,C,8,
20201205130100,2020-12-05 13:01:00,2020-12-05 23:59:59,ev_C,C,6,
20201205130110,2020-12-05 13:01:10,2020-12-05 23:59:59,ev_C,C,4,
20201205130120,2020-12-05 13:01:20,2020-12-05 23:59:59,ev_K,K,1,
20201205130130,2020-12-05 13:01:30,2020-12-05 23:59:59,ev_C,C,2,
20201205130140,2020-12-05 13:01:40,2020-12-05 23:59:59,ev_C,C,14,
20201205130150,2020-12-05 13:01:50,2020-12-05 23:59:59,ev_K,K,4,
20201205130200,2020-12-05 13:02:00,2020-12-05 23:59:59,ev_C,C,23,
20201205130210,2020-12-05 13:02:10,2020-12-05 23:59:59,ev_C,C,23,
20201205130220,2020-12-05 13:02:20,2020-12-05 23:59:59,ev_C,C,5,
20201205130230,2020-12-05 13:02:30,2020-12-05 23:59:59,ev_C,C,15,
20201205130240,2020-12-05 13:02:40,2020-12-05 23:59:59,ev_C,C,21,
20201205130250,2020-12-05 13:02:50,2020-12-05 23:59:59,ev_C,C,13,
20201205130300,2020-12-05 13:03:00,2020-12-05 23:59:59,ev_K,K,1,
20201205130310,2020-12-05 13:03:10,2020-12-05 23:59:59,ev_K,K,2,
20201205130320,2020-12-05 13:03:20,2020-12-05 23:59:59,ev_N,K,5,
20201205130330,2020-12-05 13:03:30,2020-12-05 23:59:59,ev_C,C,24,
20201205130340,2020-12-05 13:03:40,2020-12-05 23:59:59,ev_C,C,12,
20201205130350,2020-12-05 13:03:50,2020-12-05 23:59:59,ev_C,C,12,
20201205130400,2020-12-05 13:04:00,2020-12-05 23:59:59,ev_K,K,3,
20201205130410,2020-12-05 13:04:10,2020-12-05 23:59:59,ev_C,C,4,
20201205130420,2020-12-05 13:04:20,2020-12-05 23:59:59,ev_C,C,11,
20201205130430,2020-12-05 13:04:30,2020-12-05 23:59:59,ev_C,C,21,
20201205130440,2020-12-05 13:04:40,2020-12-05 23:59:59,ev_C,C,21,
20201205130450,2020-12-05 13:04:50,2020-12-05 23:59:59,ev_C,C,7,
20201205130500,2020-12-05 13:05:00,2020-12-05 23:59:59,ev_C,C,9,
20201205130510,2020-12-05 13:05:10,2020-12-05 23:59:59,ev_K,K,5,
20201205130520,2020-12-05 13:05:20,2020-12-05 23:59:59,ev_C,C,2,
20201205130530,2020-12-05 13:05:30,2020-12-05 23:59:59,ev_C,C,10,
20201205130540,2020-12-05 13:05:40,2020-12-05 23:59:59,ev_K,K,4,
20201205130550,2020-12-05 13:05:50,2020-12-05 23:59:59,ev_K,K,4,
20201205130600,2020-12-05 13:06:00,2020-12-05 23:59:59,ev_C,C,11,
20201205130610,2020-12-05 13:06:10,2020-12-05 23:59:59,ev_C,C,24,
20201205130620,2020-12-05 13:06:20,2020-12-05 23:59:59,ev_C,C,10,
20201205130630,2020-12-05 13:06:30,2020-12-05 23:59:59,ev_C,C,8,
20201205130640,2020-12-05 13:06:40,2020-12-05 23:59:59,ev_C,C,22,
20201205130650,2020-12-05 13:06:50,2020-12-05 23:59:59,ev_C,C,4,
20201205130700,2020-12-05 13:07:00,2020-12-05 23:59:59,ev_C,C,11,
20201205130710,2020-12-05 13:07:10,2020-12-05 23:59:59,ev_C,C,2,
20201205130720,2020-12-05 13:07:20,2020-12-05 23:59:59,ev_C,C,21,
20201205130730,2020-12-05 13:07:30,2020-12-05 23:59:59,ev_K,K,2,
20201205130740,2020-12-05 13:07:40,2020-12-05 23:59:59,ev_K,K,1,
20201205130750,2020-12-05 13:07:50,2020-12-05 23:59:59,ev_N,K,1,
20201205130800,2020-12-05 13:08:00,2020-12-05 23:59:59,ev_C,C,2,
20201205130810,2020-12-05 13:08:10,2020-12-05 23:59:59,ev_K,K,4,
20201205130820,2020-12-05 13:08:20,2020-12-05 23:59:59,ev_K,K,2,
20201205130830,2020-12-05 13:08:30,2020-12-05 23:59:59,ev_C,C,12,
20201205130840,2020-12-05 13:08:40,2020-12-05 23:59:59,ev_C,C,11,
20201205130850,2020-12-05 13:08:50,2020-12-05 23:59:59,ev_C,C,25,
20201205130900,2020-12-05 13:09:00,2020-12-05 23:59:59,ev_C,C,21,
20201205130910,2020-12-05 13:09:10,2020-12-05 23:59:59,ev_C,C,8,
20201205130920,2020-12-05 13:09:20,2020-12-05 23:59:59,ev_C,C,22,
20201205130930,2020-12-05 13:09:30,2020-12-05 23:59:59,ev_C,C,3,
20201205130940,2020-12-05 13:09:40,2020-12-05 23:59:59,ev_K,K,3,
20201205130950,2020-12-05 13:09:50,2020-12-05 23:59:59,ev_C,C,8,
20201205131000,2020-12-05 13:10:00,2020-12-05 23:59:59,ev_C,C,4,
20201205131010,2020-12-05 13:10:10,2020-12-05 23:59:59,ev_C,C,15,
20201205131020,2020-12-05 13:10:20,2020-12-05 23:59:59,ev_C,C,14,
20201205131030,2020-12-05 13:10:30,2020-12-05 23:59:59,ev_C,C,5,
20201205131040,2020-12-05 13:10:40,2020-12-05 23:59:59,ev_K,K,4,
20201205131050,2020-12-05 13:10:50,2020-12-05 23:59:59,ev_C,C,8,
20201205131100,2020-12-05 13:11:00,2020-12-05 23:59:59,ev_C,C,9,
20201205131110,2020-12-05 13:11:10,2020-12-05 23:59:59,ev_C,C,3,
20201205131120,2020-12-05 13:11:20,2020-12-05 23:59:59,ev_C,C,12,
20201205131130,2020-12-05 13:11:30,2020-12-05 23:59:59,ev_K,K,3,
20201205131140,2020-12-05 13:11:40,2020-12-05 23:59:59,ev_C,C,23,
20201205131150,2020-12-05 13:11:50,2020-12-05 23:59:59,ev_C,C,7,
20201205131200,2020-12-05 13:12:00,2020-12-05 23:59:59,ev_C,C,8,
20201205131210,2020-12-05 13:12:10,2020-12-05 23:59:59,ev_K,K,4,
20201205131220,2020-12-05 13:12:20,2020-12-05 23:59:59,ev_C,C,9,
20201205131230,2020-12-05 13:12:30,2020-12-05 23:59:59,ev_C,C,21,
20201205131240,2020-12-05 13:12:40,2020-12-05 23:59:59,ev_C,C,24,
20201205131250,2020-12-05 13:12:50,2020-12-05 23:59:59,ev_C,C,24,
20201205131300,2020-12-05 13:13:00,2020-12-05 23:59:59,ev_K,K,3,
20201205131310,2020-12-05 13:13:10,2020-12-05 23:59:59,ev_C,C,21,
20201205131320,2020-12-05 13:13:20,2020-12-05 23:59:59,ev_C,C,9,
20201205131330,2020-12-05 13:13:30,2020-12-05 23:59:59,ev_K,K,4,
20201205131340,2020-12-05 13:13:40,2020-12-05 23:59:59,ev_K,K,4,
20201205131350,2020-12-05 13:13:50,2020-12-05 23:59:59,ev_C,C,25,
20201205131400,2020-12-05 13:14:00,2020-12-05 23:59:59,ev_C,C,10,
20201205131410,2020-12-05 13:14:10,2020-12-05 23:59:59,ev_C,C,11,
20201205131420,2020-12-05 13:14:20,2020-12-05 23:59:59,ev_C,C,22,
20201205131430,2020-12-05 13:14:30,2020-12-05 23:59:59,ev_C,C,1,
20201205131440,2020-12-05 13:14:40,2020-12-05 23:59:59,ev_N,K,1,
20201205131450,2020-12-05 13:14:50,2020-12-05 23:59:59,ev_C,C,14,
20201205131500,2020-12-05 13:15:00,2020-12-05 23:59:59,ev_C,C,24,
20201205131510,2020-12-05 13:15:10,2020-12-05 23:59:59,ev_C,C,25,
20201205131520,2020-12-05 13:15:20,2020-12-05 23:59:59,ev_C,C,7,
20201205131530,2020-12-05 13:15:30,2020-12-05 23:59:59,ev_C,C,25,
20201205131540,2020-12-05 13:15:40,2020-12-05 23:59:59,ev_C,C,11,
20201205131550,2020-12-05 13:15:50,2020-12-05 23:59:59,ev_C,C,14,
20201205131600,2020-12-05 13:16:00,2020-12-05 23:59:59,ev_K,K,2,
20201205131610,2020-12-05 13:16:10,2020-12-05 23:59:59,ev_C,C,14,
20201205131620,2020-12-05 13:16:20,2020-12-05 23:59:59,ev_C,C,6,
20201205131630,2020-12-05 13:16:30,2020-12-05 23:59:59,ev_C,C,12,
20201205131640,2020-12-05 13:16:40,2020-12-05 23:59:59,ev_K,K,3,
20201205131650,2020-12-05 13:16:50,2020-12-05 23:59:59,ev_C,C,2,
20201205131700,2020-12-05 13:17:00,2020-12-05 23:59:59,ev_C,C,12,
20201205131710,2020-12-05 13:17:10,2020-12-05 23:59:59,ev_C,C,23,
20201205131720,2020-12-05 13:17:20,2020-12-05 23:59:59,ev_C,C,9,
20201205131730,2020-12-05 13:17:30,2020-12-05 23:59:59,ev_C,C,9,
20201205131740,2020-12-05 13:17:40,2020-12-05 23:59:59,ev_N,K,5,
20201205131750,2020-12-05 13:17:50,2020-12-05 23:59:59,ev_C,C,3,
20201205131800,2020-12-05 13:18:00,2020-12-05 23:59:59,ev_C,C,9,
20201205131810,2020-12-05 13:18:10,2020-12-05 23:59:59,ev_C,C,9,
20201205131820,2020-12-05 13:18:20,2020-12-05 23:59:59,ev_C,C,11,
20201205131830,2020-12-05 13:18:30,2020-12-05 23:59:59,ev_C,C,5,
20201205131840,2020-12-05 13:18:40,2020-12-05 23:59:59,ev_C,C,2,
20201205131850,2020-12-05 13:18:50,2020-12-05 23:59:59,ev_C,C,11,
20201205131900,2020-12-05 13:19:00,2020-12-05 23:59:59,ev_C,C,21,
20201205131910,2020-12-05 13:19:10,2020-12-05 23:59:59,ev_K,K,2,
20201205131920,2020-12-05 13:19:20,2020-12-05 23:59:59,ev_C,C,7,
20201205131930,2020-12-05 13:19:30,2020-12-05 23:59:59,ev_K,K,5,
20201205131940,2020-12-05 13:19:40,2020-12-05 23:59:59,ev_C,C,1,
20201205131950,2020-12-05 13:19:50,2020-12-05 23:59:59,ev_C,C,11,
20201205132000,2020-12-05 13:20:00,2020-12-05 23:59:59,ev_K,K,3,
20201205132010,2020-12-05 13:20:10,2020-12-05 23:59:59,ev_C,C,5,
20201205132020,2020-12-05 13:20:20,2020-12-05 23:59:59,ev_C,C,12,
20201205132030,2020-12-05 13:20:30,2020-12-05 23:59:59,ev_C,C,2,
20201205132040,2020-12-05 13:20:40,2020-12-05 23:59:59,ev_C,C,9,
20201205132050,2020-12-05 13:20:50,2020-12-05 23:59:59,ev_C,C,3,
20201205132100,2020-12-05 13:21:00,2020-12-05 23:59:59,ev_C,C,4,
20201205132110,2020-12-05 13:21:10,2020-12-05 23:59:59,ev_K,K,2,
20201205132120,2020-12-05 13:21:20,2020-12-05 23:59:59,ev_K,K,4,
20201205132130,2020-12-05 13:21:30,2020-12-05 23:59:59,ev_C,C,21,
20201205132140,2020-12-05 13:21:40,2020-12-05 23:59:59,ev_N,K,2,
20201205132150,2020-12-05 13:21:50,2020-12-05 23:59:59,ev_C,C,1,
20201205132200,2020-12-05 13:22:00,2020-12-05 23:59:59,ev_N,K,3,
20201205132210,2020-12-05 13:22:10,2020-12-05 23:59:59,ev_C,C,24,
20201205132220,2020-12-05 13:22:20,2020-12-05 23:59:59,ev_K,K,1,
20201205132230,2020-12-05 13:22:30,2020-12-05 23:59:59,ev_C,C,23,
20201205132240,2020-12-05 13:22:40,2020-12-05 23:59:59,ev_C,C,6,
20201205132250,2020-12-05 13:22:50,2020-12-05 23:59:59,ev_C,C,6,
20201205132300,2020-12-05 13:23:00,2020-12-05 23:59:59,ev_C,C,15,
20201205132310,2020-12-05 13:23:10,2020-12-05 23:59:59,ev_K,K,1,
20201205132320,2020-12-05 13:23:20,2020-12-05 23:59:59,ev_C,C,5,
20201205132330,2020-12-05 13:23:30,2020-12-05 23:59:59,ev_K,K,2,
20201205132340,2020-12-05 13:23:40,2020-12-05 23:59:59,ev_C,C,2,
20201205132350,2020-12-05 13:23:50,2020-12-05 23:59:59,ev_C,C,2,
20201205132400,2020-12-05 13:24:00,2020-12-05 23:59:59,ev_C,C,11,
20201205132410,2020-12-05 13:24:10,2020-12-05 23:59:59,ev_K,K,4,
20201205132420,2020-12-05 13:24:20,2020-12-05 23:59:59,ev_K,K,2,
20201205132430,2020-12-05 13:24:30,2020-12-05 23:59:59,ev_C,C,10,
20201205132440,2020-12-05 13:24:40,2020-12-05 23:59:59,ev_C,C,23,
20201205132450,2020-12-05 13:24:50,2020-12-05 23:59:59,ev_C,C,15,
20201205132500,2020-12-05 13:25:00,2020-12-05 23:59:59,ev_K,K,5,
20201205132510,2020-12-05 13:25:10,2020-12-05 23:59:59,ev_C,C,7,
20201205132520,2020-12-05 13:25:20,2020-12-05 23:59:59,ev_C,C,3,
20201205132530,2020-12-05 13:25:30,2020-12-05 23:59:59,ev_C,C,1,
20201205132540,2020-12-05 13:25:40,2020-12-05 23:59:59,ev_C,C,21,
20201205132550,2020-12-05 13:25:50,2020-12-05 23:59:59,ev_C,C,24,
20201205132600,2020-12-05 13:26:00,2020-12-05 23:59:59,ev_K,K,3,
20201205132610,2020-12-05 13:26:10,2020-12-05 23:59:59,ev_C,C,3,
20201205132620,2020-12-05 13:26:20,2020-12-05 23:59:59,ev_K,K,1,
20201205132630,2020-12-05 13:26:30,2020-12-05 23:59:59,ev_C,C,23,
20201205132640,2020-12-05 13:26:40,2020-12-05 23:59:59,ev_C,C,21,
20201205132650,2020-12-05 13:26:50,2020-12-05 23:59:59,ev_C,C,22,
20201205132700,2020-12-05 13:27:00,2020-12-05 23:59:59,ev_C,C,13,
20201205132710,2020-12-05 13:27:10,2020-12-05 23:59:59,ev_C,C,3,
20201205132720,2020-12-05 13:27:20,2020-12-05 23:59:59,ev_K,K,3,
20201205132730,2020-12-05 13:27:30,2020-12-05 23:59:59,ev_C,C,13,
20201205132740,2020-12-05 13:27:40,2020-12-05 23:59:59,ev_C,C,11,
20201205132750,2020-12-05 13:27:50,2020-12-05 23:59:59,ev_K,K,5,
20201205132800,2020-12-05 13:28:00,2020-12-05 23:59:59,ev_K,K,4,
20201205132810,2020-12-05 13:28:10,2020-12-05 23:59:59,ev_C,C,22,
20201205132820,2020-12-05 13:28:20,2020-12-05 23:59:59,ev_C,C,23,
20201205132830,2020-12-05 13:28:30,2020-12-05 23:59:59,ev_C,C,12,
20201205132840,2020-12-05 13:28:40,2020-12-05 23:59:59,ev_K,K,4,
20201205132850,2020-12-05 13:28:50,2020-12-05 23:59:59,ev_C,C,25,
20201205132900,2020-12-05 13:29:00,2020-12-05 23:59:59,ev_C,C,21,
20201205132910,2020-12-05 13:29:10,2020-12-05 23:59:59,ev_N,K,4,
20201205132920,2020-12-05 13:29:20,2020-12-05 23:59:59,ev_C,C,12,
20201205132930,2020-12-05 13:29:30,2020-12-05 23:59:59,ev_C,C,13,
20201205132940,2020-12-05 13:29:40,2020-12-05 23:59:59,ev_C,C,7,
20201205132950,2020-12-05 13:29:50,2020-12-05 23:59:59,ev_C,C,22,
20201205133000,2020-12-05 13:30:00,2020-12-05 23:59:59,ev_C,C,4,
20201205133010,2020-12-05 13:30:10,2020-12-05 23:59:59,ev_C,C,11,
20201205133020,2020-12-05 13:30:20,2020-12-05 23:59:59,ev_C,C,10,
20201205133030,2020-12-05 13:30:30,2020-12-05 23:59:59,ev_C,C,24,
20201205133040,2020-12-05 13:30:40,2020-12-05 23:59:59,ev_K,K,2,
20201205133050,2020-12-05 13:30:50,2020-12-05 23:59:59,ev_C,C,4,
20201205133100,2020-12-05 13:31:00,2020-12-05 23:59:59,ev_C,C,15,
20201205133110,2020-12-05 13:31:10,2020-12-05 23:59:59,ev_N,K,4,
20201205133120,2020-12-05 13:31:20,2020-12-05 23:59:59,ev_C,C,4,
20201205133130,2020-12-05 13:31:30,2020-12-05 23:59:59,ev_C,C,22,
20201205133140,2020-12-05 13:31:40,2020-12-05 23:59:59,ev_C,C,24,
20201205133150,2020-12-05 13:31:50,2020-12-05 23:59:59,ev_K,K,3,
20201205133200,2020-12-05 13:32:00,2020-12-05 23:59:59,ev_C,C,22,
20201205133210,2020-12-05 13:32:10,2020-12-05 23:59:59,ev_C,C,3,
20201205133220,2020-12-05 13:32:20,2020-12-05 23:59:59,ev_C,C,23,
20201205133230,2020-12-05 13:32:30,2020-12-05 23:59:59,ev_C,C,4,
20201205133240,2020-12-05 13:32:40,2020-12-05 23:59:59,ev_C,C,1,
20201205133250,2020-12-05 13:32:50,2020-12-05 23:59:59,ev_C,C,8,
20201205133300,2020-12-05 13:33:00,2020-12-05 23:59:59,ev_C,C,22,
20201205133310,2020-12-05 13:33:10,2020-12-05 23:59:59,ev_C,C,3,
20201205133320,2020-12-05 13:33:20,2020-12-05 23:59:59,ev_C,C,24,
20201205133330,2020-12-05 13:33:30,2020-12-05 23:59:59,ev_K,K,1,
20201205133340,2020-12-05 13:33:40,2020-12-05 23:59:59,ev_K,K,2,
20201205133350,2020-12-05 13:33:50,2020-12-05 23:59:59,ev_K,K,2,
20201205133400,2020-12-05 13:34:00,2020-12-05 23:59:59,ev_C,C,7,
20201205133410,2020-12-05 13:34:10,2020-12-05 23:59:59,ev_C,C,5,
20201205133420,2020-12-05 13:34:20,2020-12-05 23:59:59,ev_K,K,2,
20201205133430,2020-12-05 13:34:30,2020-12-05 23:59:59,ev_N,K,4,
20201205133440,2020-12-05 13:34:40,2020-12-05 23:59:59,ev_K,K,1,
20201205133450,2020-12-05 13:34:50,2020-12-05 23:59:59,ev_K,K,5,
20201205133500,2020-12-05 13:35:00,2020-12-05 23:59:59,ev_C,C,7,
20201205133510,2020-12-05 13:35:10,2020-12-05 23:59:59,ev_C,C,4,
20201205133520,2020-12-05 13:35:20,2020-12-05 23:59:59,ev_C,C,6,
20201205133530,2020-12-05 13:35:30,2020-12-05 23:59:59,ev_C,C,13,
20201205133540,2020-12-05 13:35:40,2020-12-05 23:59:59,ev_K,K,3,
20201205133550,2020-12-05 13:35:50,2020-12-05 23:59:59,ev_K,K,3,
20201205133600,2020-12-05 13:36:00,2020-12-05 23:59:59,ev_C,C,7,
20201205133610,2020-12-05 13:36:10,2020-12-05 23:59:59,ev_C,C,15,
20201205133620,2020-12-05 13:36:20,2020-12-05 23:59:59,ev_C,C,9,
20201205133630,2020-12-05 13:36:30,2020-12-05 23:59:59,ev_C,C,21,
20201205133640,2020-12-05 13:36:40,2020-12-05 23:59:59,ev_C,C,15,
20201205133650,2020-12-05 13:36:50,2020-12-05 23:59:59,ev_C,C,7,
20201205133700,2020-12-05 13:37:00,2020-12-05 23:59:59,ev_C,C,1,
20201205133710,2020-12-05 13:37:10,2020-12-05 23:59:59,ev_C,C,4,
20201205133720,2020-12-05 13:37:20,2020-12-05 23:59:59,ev_C,C,24,
20201205133730,2020-12-05 13:37:30,2020-12-05 23:59:59,ev_K,K,4,
20201205133740,2020-12-05 13:37:40,2020-12-05 23:59:59,ev_C,C,2,
20201205133750,2020-12-05 13:37:50,2020-12-05 23:59:59,ev_C,C,21,
20201205133800,2020-12-05 13:38:00,2020-12-05 23:59:59,ev_C,C,1,
20201205133810,2020-12-05 13:38:10,2020-12-05 23:59:59,ev_C,C,14,
20201205133820,2020-12-05 13:38:20,2020-12-05 23:59:59,ev_C,C,3,
20201205133830,2020-12-05 13:38:30,2020-12-05 23:59:59,ev_C,C,22,
20201205133840,2020-12-05 13:38:40,2020-12-05 23:59:59,ev_C,C,11,
20201205133850,2020-12-05 13:38:50,2020-12-05 23:59:59,ev_C,C,10,
20201205133900,2020-12-05 13:39:00,2020-12-05 23:59:59,ev_C,C,9,
20201205133910,2020-12-05 13:39:10,2020-12-05 23:59:59,ev_K,K,2,
20201205133920,2020-12-05 13:39:20,2020-12-05 23:59:59,ev_C,C,7,
20201205133930,2020-12-05 13:39:30,2020-12-05 23:59:59,ev_C,C,5,
20201205133940,2020-12-05 13:39:40,2020-12-05 23:59:59,ev_C,C,10,
20201205133950,2020-12-05 13:39:50,2020-12-05 23:59:59,ev_C,C,5,
20201205134000,2020-12-05 13:40:00,2020-12-05 23:59:59,ev_K,K,2,
20201205134010,2020-12-05 13:40:10,2020-12-05 23:59:59,ev_C,C,11,
20201205134020,2020-12-05 13:40:20,2020-12-05 23:59:59,ev_K,K,2,
20201205134030,2020-12-05 13:40:30,2020-12-05 23:59:59,ev_K,K,5,
20201205134040,2020-12-05 13:40:40,2020-12-05 23:59:59,ev_C,C,12,
20201205134050,2020-12-05 13:40:50,2020-12-05 23:59:59,ev_C,C,3,
20201205134100,2020-12-05 13:41:00,2020-12-05 23:59:59,ev_C,C,12,
20201205134110,2020-12-05 13:41:10,2020-12-05 23:59:59,ev_K,K,1,
20201205134120,2020-12-05 13:41:20,2020-12-05 23:59:59,ev_C,C,10,
20201205134130,2020-12-05 13:41:30,2020-12-05 23:59:59,ev_N,K,2,
20201205134140,2020-12-05 13:41:40,2020-12-05 23:59:59,ev_N,K,2,
20201205134150,2020-12-05 13:41:50,2020-12-05 23:59:59,ev_C,C,25,
20201205134200,2020-12-05 13:42:00,2020-12-05 23:59:59,ev_C,C,12,
20201205134210,2020-12-05 13:42:10,2020-12-05 23:59:59,ev_C,C,23,
20201205134220,2020-12-05 13:42:20,2020-12-05 23:59:59,ev_C,C,10,
20201205134230,2020-12-05 13:42:30,2020-12-05 23:59:59,ev_C,C,24,
20201205134240,2020-12-05 13:42:40,2020-12-05 23:59:59,ev_C,C,11,
20201205134250,2020-12-05 13:42:50,2020-12-05 23:59:59,ev_C,C,23,
20201205134300,2020-12-05 13:43:00,2020-12-05 23:59:59,ev_C,C,24,
20201205134310,2020-12-05 13:43:10,2020-12-05 23:59:59,ev_C,C,8,
20201205134320,2020-12-05 13:43:20,2020-12-05 23:59:59,ev_C,C,2,
20201205134330,2020-12-05 13:43:30,2020-12-05 23:59:59,ev_C,C,4,
20201205134340,2020-12-05 13:43:40,2020-12-05 23:59:59,ev_C,C,14,
20201205134350,2020-12-05 13:43:50,2020-12-05 23:59:59,ev_C,C,23,
20201205134400,2020-12-05 13:44:00,2020-12-05 23:59:59,ev_C,C,2,
20201205134410,2020-12-05 13:44:10,2020-12-05 23:59:59,ev_C,C,23,
20201205134420,2020-12-05 13:44:20,2020-12-05 23:59:59,ev_C,C,24,
20201205134430,2020-12-05 13:44:30,2020-12-05 23:59:59,ev_C,C,13,
20201205134440,2020-12-05 13:44:40,2020-12-05 23:59:59,ev_C,C,23,
20201205134450,2020-12-05 13:44:50,2020-12-05 23:59:59,ev_C,C,8,
20201205134500,2020-12-05 13:45:00,2020-12-05 23:59:59,ev_C,C,13,
20201205134510,2020-12-05 13:45:10,2020-12-05 23:59:59,ev_C,C,12,
20201205134520,2020-12-05 13:45:20,2020-12-05 23:59:59,ev_C,C,9,
20201205134530,2020-12-05 13:45:30,2020-12-05 23:59:59,ev_K,K,4,
20201205134540,2020-12-05 13:45:40,2020-12-05 23:59:59,ev_C,C,4,
20201205134550,2020-12-05 13:45:50,2020-12-05 23:59:59,ev_C,C,4,
20201205134600,2020-12-05 13:46:00,2020-12-05 23:59:59,ev_C,C,3,
20201205134610,2020-12-05 13:46:10,2020-12-05 23:59:59,ev_C,C,22,
20201205134620,2020-12-05 13:46:20,2020-12-05 23:59:59,ev_C,C,25,
20201205134630,2020-12-05 13:46:30,2020-12-05 23:59:59,ev_C,C,2,
20201205134640,2020-12-05 13:46:40,2020-12-05 23:59:59,ev_C,C,8,
20201205134650,2020-12-05 13:46:50,2020-12-05 23:59:59,ev_C,C,2,
20201205134700,2020-12-05 13:47:00,2020-12-05 23:59:59,ev_C,C,6,
20201205134710,2020-12-05 13:47:10,2020-12-05 23:59:59,ev_K,K,2,
20201205134720,2020-12-05 13:47:20,2020-12-05 23:59:59,ev_C,C,24,
20201205134730,2020-12-05 13:47:30,2020-12-05 23:59:59,ev_C,C,4,
20201205134740,2020-12-05 13:47:40,2020-12-05 23:59:59,ev_K,K,3,
20201205134750,2020-12-05 13:47:50,2020-12-05 23:59:59,ev_C,C,1,
20201205134800,2020-12-05 13:48:00,2020-12-05 23:59:59,ev_C,C,8,
20201205134810,2020-12-05 13:48:10,2020-12-05 23:59:59,ev_K,K,1,
20201205134820,2020-12-05 13:48:20,2020-12-05 23:59:59,ev_C,C,9,
20201205134830,2020-12-05 13:48:30,2020-12-05 23:59:59,ev_N,K,4,
20201205134840,2020-12-05 13:48:40,2020-12-05 23:59:59,ev_K,K,5,
20201205134850,2020-12-05 13:48:50,2020-12-05 23:59:59,ev_C,C,5,
20201205134900,2020-12-05 13:49:00,2020-12-05 23:59:59,ev_C,C,6,
20201205134910,2020-12-05 13:49:10,2020-12-05 23:59:59,ev_C,C,4,
20201205134920,2020-12-05 13:49:20,2020-12-05 23:59:59,ev_C,C,9,
20201205134930,2020-12-05 13:49:30,2020-12-05 23:59:59,ev_N,K,3,
20201205134940,2020-12-05 13:49:40,2020-12-05 23:59:59,ev_C,C,7,
20201205134950,2020-12-05 13:49:50,2020-12-05 23:59:59,ev_C,C,6,
20201205135000,2020-12-05 13:50:00,2020-12-05 23:59:59,ev_C,C,25,
20201205135010,2020-12-05 13:50:10,2020-12-05 23:59:59,ev_K,K,2,
20201205135020,2020-12-05 13:50:20,2020-12-05 23:59:59,ev_C,C,5,
20201205135030,2020-12-05 13:50:30,2020-12-05 23:59:59,ev_C,C,14,
20201205135040,2020-12-05 13:50:40,2020-12-05 23:59:59,ev_C,C,4,
20201205135050,2020-12-05 13:50:50,2020-12-05 23:59:59,ev_N,K,2,
20201205135100,2020-12-05 13:51:00,2020-12-05 23:59:59,ev_C,C,3,
20201205135110,2020-12-05 13:51:10,2020-12-05 23:59:59,ev_C,C,10,
20201205135120,2020-12-05 13:51:20,2020-12-05 23:59:59,ev_K,K,1,
20201205135130,2020-12-05 13:51:30,2020-12-05 23:59:59,ev_C,C,21,
20201205135140,2020-12-05 13:51:40,2020-12-05 23:59:59,ev_C,C,12,
20201205135150,2020-12-05 13:51:50,2020-12-05 23:59:59,ev_C,C,5,
20201205135200,2020-12-05 13:52:00,2020-12-05 23:59:59,ev_C,C,24,
20201205135210,2020-12-05 13:52:10,2020-12-05 23:59:59,ev_K,K,4,
20201205135220,2020-12-05 13:52:20,2020-12-05 23:59:59,ev_C,C,24,
20201205135230,2020-12-05 13:52:30,2020-12-05 23:59:59,ev_C,C,22,
20201205135240,2020-12-05 13:52:40,2020-12-05 23:59:59,ev_C,C,21,
20201205135250,2020-12-05 13:52:50,2020-12-05 23:59:59,ev_C,C,2,
20201205135300,2020-12-05 13:53:00,2020-12-05 23:59:59,ev_C,C,10,
20201205135310,2020-12-05 13:53:10,2020-12-05 23:59:59,ev_C,C,8,
20201205135320,2020-12-05 13:53:20,2020-12-05 23:59:59,ev_C,C,8,
20201205135330,2020-12-05 13:53:30,2020-12-05 23:59:59,ev_C,C,24,
20201205135340,2020-12-05 13:53:40,2020-12-05 23:59:59,ev_N,K,3,
20201205135350,2020-12-05 13:53:50,2020-12-05 23:59:59,ev_K,K,3,
20201205135400,2020-12-05 13:54:00,2020-12-05 23:59:59,ev_N,K,2,
20201205135410,2020-12-05 13:54:10,2020-12-05 23:59:59,ev_K,K,2,
20201205135420,2020-12-05 13:54:20,2020-12-05 23:59:59,ev_K,K,4,
20201205135430,2020-12-05 13:54:30,2020-12-05 23:59:59,ev_N,K,2,
20201205135440,2020-12-05 13:54:40,2020-12-05 23:59:59,ev_C,C,5,
20201205135450,2020-12-05 13:54:50,2020-12-05 23:59:59,ev_K,K,1,
20201205135500,2020-12-05 13:55:00,2020-12-05 23:59:59,ev_C,C,8,
20201205135510,2020-12-05 13:55:10,2020-12-05 23:59:59,ev_K,K,3,
20201205135520,2020-12-05 13:55:20,2020-12-05 23:59:59,ev_C,C,7,
20201205135530,2020-12-05 13:55:30,2020-12-05 23:59:59,ev_C,C,9,
20201205135540,2020-12-05 13:55:40,2020-12-05 23:59:59,ev_C,C,1,
20201205135550,2020-12-05 13:55:50,2020-12-05 23:59:59,ev_N,K,2,
20201205135600,2020-12-05 13:56:00,2020-12-05 23:59:59,ev_C,C,4,
20201205135610,2020-12-05 13:56:10,2020-12-05 23:59:59,ev_C,C,1,
20201205135620,2020-12-05 13:56:20,2020-12-05 23:59:59,ev_C,C,7,
20201205135630,2020-12-05 13:56:30,2020-12-05 23:59:59,ev_K,K,4,
20201205135640,2020-12-05 13:56:40,2020-12-05 23:59:59,ev_C,C,9,
20201205135650,2020-12-05 13:56:50,2020-12-05 23:59:59,ev_K,K,4,
20201205135700,2020-12-05 13:57:00,2020-12-05 23:59:59,ev_K,K,1,
20201205135710,2020-12-05 13:57:10,2020-12-05 23:59:59,ev_C,C,15,
20201205135720,2020-12-05 13:57:20,2020-12-05 23:59:59,ev_C,C,11,
20201205135730,2020-12-05 13:57:30,2020-12-05 23:59:59,ev_K,K,4,
20201205135740,2020-12-05 13:57:40,2020-12-05 23:59:59,ev_C,C,13,
20201205135750,2020-12-05 13:57:50,2020-12-05 23:59:59,ev_K,K,1,
20201205135800,2020-12-05 13:58:00,2020-12-05 23:59:59,ev_C,C,8,
20201205135810,2020-12-05 13:58:10,2020-12-05 23:59:59,ev_C,C,8,
20201205135820,2020-12-05 13:58:20,2020-12-05 23:59:59,ev_K,K,3,
20201205135830,2020-12-05 13:58:30,2020-12-05 23:59:59,ev_C,C,5,
20201205135840,2020-12-05 13:58:40,2020-12-05 23:59:59,ev_K,K,3,
20201205135850,2020-12-05 13:58:50,2020-12-05 23:59:59,ev_C,C,11,
20201205135900,2020-12-05 13:59:00,2020-12-05 23:59:59,ev_C,C,2,
20201205135910,2020-12-05 13:59:10,2020-12-05 23:59:59,ev_C,C,5,
20201205135920,2020-12-05 13:59:20,2020-12-05 23:59:59,ev_C,C,15,
20201205135930,2020-12-05 13:59:30,2020-12-05 23:59:59,ev_C,C,21,
20201205135940,2020-12-05 13:59:40,2020-12-05 23:59:59,ev_C,C,14,
20201205135950,2020-12-05 13:59:50,2020-12-05 23:59:59,ev_C,C,12,
20201205140000,2020-12-05 14:00:00,2020-12-05 23:59:59,ev_C,C,1,
20201205140010,2020-12-05 14:00:10,2020-12-05 23:59:59,ev_C,C,12,
20201205140020,2020-12-05 14:00:20,2020-12-05 23:59:59,ev_C,C,21,
20201205140030,2020-12-05 14:00:30,2020-12-05 23:59:59,ev_C,C,1,
20201205140040,2020-12-05 14:00:40,2020-12-05 23:59:59,ev_C,C,15,
20201205140050,2020-12-05 14:00:50,2020-12-05 23:59:59,ev_C,C,7,
20201205140100,2020-12-05 14:01:00,2020-12-05 23:59:59,ev_C,C,21,
20201205140110,2020-12-05 14:01:10,2020-12-05 23:59:59,ev_N,K,2,
20201205140120,2020-12-05 14:01:20,2020-12-05 23:59:59,ev_N,K,4,
20201205140130,2020-12-05 14:01:30,2020-12-05 23:59:59,ev_C,C,3,
20201205140140,2020-12-05 14:01:40,2020-12-05 23:59:59,ev_K,K,5,
20201205140150,2020-12-05 14:01:50,2020-12-05 23:59:59,ev_K,K,3,
20201205140200,2020-12-05 14:02:00,2020-12-05 23:59:59,ev_C,C,7,
20201205140210,2020-12-05 14:02:10,2020-12-05 23:59:59,ev_K,K,1,
20201205140220,2020-12-05 14:02:20,2020-12-05 23:59:59,ev_C,C,7,
20201205140230,2020-12-05 14:02:30,2020-12-05 23:59:59,ev_C,C,4,
20201205140240,2020-12-05 14:02:40,2020-12-05 23:59:59,ev_C,C,8,
20201205140250,2020-12-05 14:02:50,2020-12-05 23:59:59,ev_C,C,9,
20201205140300,2020-12-05 14:03:00,2020-12-05 23:59:59,ev_C,C,4,
20201205140310,2020-12-05 14:03:10,2020-12-05 23:59:59,ev_K,K,2,
20201205140320,2020-12-05 14:03:20,2020-12-05 23:59:59,ev_C,C,13,
20201205140330,2020-12-05 14:03:30,2020-12-05 23:59:59,ev_C,C,13,
20201205140340,2020-12-05 14:03:40,2020-12-05 23:59:59,ev_N,K,5,
20201205140350,2020-12-05 14:03:50,2020-12-05 23:59:59,ev_K,K,1,
20201205140400,2020-12-05 14:04:00,2020-12-05 23:59:59,ev_N,K,1,
20201205140410,2020-12-05 14:04:10,2020-12-05 23:59:59,ev_C,C,11,
20201205140420,2020-12-05 14:04:20,2020-12-05 23:59:59,ev_C,C,5,
20201205140430,2020-12-05 14:04:30,2020-12-05 23:59:59,ev_C,C,14,
20201205140440,2020-12-05 14:04:40,2020-12-05 23:59:59,ev_K,K,2,
20201205140450,2020-12-05 14:04:50,2020-12-05 23:59:59,ev_C,C,15,
20201205140500,2020-12-05 14:05:00,2020-12-05 23:59:59,ev_N,K,2,
20201205140510,2020-12-05 14:05:10,2020-12-05 23:59:59,ev_K,K,4,
20201205140520,2020-12-05 14:05:20,2020-12-05 23:59:59,ev_C,C,5,
20201205140530,2020-12-05 14:05:30,2020-12-05 23:59:59,ev_C,C,21,
20201205140540,2020-12-05 14:05:40,2020-12-05 23:59:59,ev_K,K,5,
20201205140550,2020-12-05 14:05:50,2020-12-05 23:59:59,ev_C,C,11,
20201205140600,2020-12-05 14:06:00,2020-12-05 23:59:59,ev_C,C,14,
20201205140610,2020-12-05 14:06:10,2020-12-05 23:59:59,ev_C,C,8,
20201205140620,2020-12-05 14:06:20,2020-12-05 23:59:59,ev_C,C,25,
20201205140630,2020-12-05 14:06:30,2020-12-05 23:59:59,ev_C,C,2,
20201205140640,2020-12-05 14:06:40,2020-12-05 23:59:59,ev_C,C,2,
20201205140650,2020-12-05 14:06:50,2020-12-05 23:59:59,ev_K,K,3,
20201205140700,2020-12-05 14:07:00,2020-12-05 23:59:59,ev_K,K,2,
20201205140710,2020-12-05 14:07:10,2020-12-05 23:59:59,ev_C,C,1,
20201205140720,2020-12-05 14:07:20,2020-12-05 23:59:59,ev_C,C,24,
20201205140730,2020-12-05 14:07:30,2020-12-05 23:59:59,ev_C,C,4,
20201205140740,2020-12-05 14:07:40,2020-12-05 23:59:59,ev_C,C,10,
20201205140750,2020-12-05 14:07:50,2020-12-05 23:59:59,ev_K,K,3,
20201205140800,2020-12-05 14:08:00,2020-12-05 23:59:59,ev_C,C,13,
20201205140810,2020-12-05 14:08:10,2020-12-05 23:59:59,ev_K,K,3,
20201205140820,2020-12-05 14:08:20,2020-12-05 23:59:59,ev_K,K,3,
20201205140830,2020-12-05 14:08:30,2020-12-05 23:59:59,ev_C,C,3,
20201205140840,2020-12-05 14:08:40,2020-12-05 23:59:59,ev_C,C,2,
20201205140850,2020-12-05 14:08:50,2020-12-05 23:59:59,ev_C,C,7,
20201205140900,2020-12-05 14:09:00,2020-12-05 23:59:59,ev_C,C,13,
20201205140910,2020-12-05 14:09:10,2020-12-05 23:59:59,ev_N,K,3,
20201205140920,2020-12-05 14:09:20,2020-12-05 23:59:59,ev_C,C,10,
20201205140930,2020-12-05 14:09:30,2020-12-05 23:59:59,ev_C,C,23,
20201205140940,2020-12-05 14:09:40,2020-12-05 23:59:59,ev_N,K,5,
20201205140950,2020-12-05 14:09:50,2020-12-05 23:59:59,ev_C,C,23,
20201205141000,2020-12-05 14:10:00,2020-12-05 23:59:59,ev_C,C,5,
20201205141010,2020-12-05 14:10:10,2020-12-05 23:59:59,ev_C,C,3,
20201205141020,2020-12-05 14:10:20,2020-12-05 23:59:59,ev_K,K,1,
20201205141030,2020-12-05 14:10:30,2020-12-05 23:59:59,ev_C,C,1,
20201205141040,2020-12-05 14:10:40,2020-12-05 23:59:59,ev_C,C,10,
20201205141050,2020-12-05 14:10:50,2020-12-05 23:59:59,ev_C,C,24,
20201205141100,2020-12-05 14:11:00,2020-12-05 23:59:59,ev_C,C,11,
20201205141110,2020-12-05 14:11:10,2020-12-05 23:59:59,ev_C,C,9,
20201205141120,2020-12-05 14:11:20,2020-12-05 23:59:59,ev_C,C,8,
20201205141130,2020-12-05 14:11:30,2020-12-05 23:59:59,ev_C,C,23,
20201205141140,2020-12-05 14:11:40,2020-12-05 23:59:59,ev_C,C,1,
20201205141150,2020-12-05 14:11:50,2020-12-05 23:59:59,ev_C,C,5,
20201205141200,2020-12-05 14:12:00,2020-12-05 23:59:59,ev_C,C,25,
20201205141210,2020-12-05 14:12:10,2020-12-05 23:59:59,ev_C,C,14,
20201205141220,2020-12-05 14:12:20,2020-12-05 23:59:59,ev_C,C,6,
20201205141230,2020-12-05 14:12:30,2020-12-05 23:59:59,ev_C,C,2,
20201205141240,2020-12-05 14:12:40,2020-12-05 23:59:59,ev_K,K,1,
20201205141250,2020-12-05 14:12:50,2020-12-05 23:59:59,ev_C,C,1,
20201205141300,2020-12-05 14:13:00,2020-12-05 23:59:59,ev_C,C,12,
20201205141310,2020-12-05 14:13:10,2020-12-05 23:59:59,ev_C,C,5,
20201205141320,2020-12-05 14:13:20,2020-12-05 23:59:59,ev_C,C,22,
20201205141330,2020-12-05 14:13:30,2020-12-05 23:59:59,ev_K,K,1,
20201205141340,2020-12-05 14:13:40,2020-12-05 23:59:59,ev_C,C,11,
20201205141350,2020-12-05 14:13:50,2020-12-05 23:59:59,ev_C,C,7,
20201205141400,2020-12-05 14:14:00,2020-12-05 23:59:59,ev_C,C,10,
20201205141410,2020-12-05 14:14:10,2020-12-05 23:59:59,ev_C,C,3,
20201205141420,2020-12-05 14:14:20,2020-12-05 23:59:59,ev_C,C,4,
20201205141430,2020-12-05 14:14:30,2020-12-05 23:59:59,ev_N,K,2,
20201205141440,2020-12-05 14:14:40,2020-12-05 23:59:59,ev_K,K,4,
20201205141450,2020-12-05 14:14:50,2020-12-05 23:59:59,ev_C,C,21,
20201205141500,2020-12-05 14:15:00,2020-12-05 23:59:59,ev_C,C,14,
20201205141510,2020-12-05 14:15:10,2020-12-05 23:59:59,ev_C,C,15,
20201205141520,2020-12-05 14:15:20,2020-12-05 23:59:59,ev_N,K,2,
20201205141530,2020-12-05 14:15:30,2020-12-05 23:59:59,ev_C,C,3,
20201205141540,2020-12-05 14:15:40,2020-12-05 23:59:59,ev_C,C,8,
20201205141550,2020-12-05 14:15:50,2020-12-05 23:59:59,ev_N,K,2,
20201205141600,2020-12-05 14:16:00,2020-12-05 23:59:59,ev_C,C,8,
20201205141610,2020-12-05 14:16:10,2020-12-05 23:59:59,ev_C,C,14,
20201205141620,2020-12-05 14:16:20,2020-12-05 23:59:59,ev_C,C,6,
20201205141630,2020-12-05 14:16:30,2020-12-05 23:59:59,ev_C,C,1,
20201205141640,2020-12-05 14:16:40,2020-12-05 23:59:59,ev_N,K,1,
20201205141650,2020-12-05 14:16:50,2020-12-05 23:59:59,ev_C,C,21,
20201205141700,2020-12-05 14:17:00,2020-12-05 23:59:59,ev_C,C,13,
20201205141710,2020-12-05 14:17:10,2020-12-05 23:59:59,ev_C,C,7,
20201205141720,2020-12-05 14:17:20,2020-12-05 23:59:59,ev_C,C,8,
20201205141730,2020-12-05 14:17:30,2020-12-05 23:59:59,ev_C,C,4,
20201205141740,2020-12-05 14:17:40,2020-12-05 23:59:59,ev_C,C,14,
20201205141750,2020-12-05 14:17:50,2020-12-05 23:59:59,ev_C,C,15,
20201205141800,2020-12-05 14:18:00,2020-12-05 23:59:59,ev_C,C,11,
20201205141810,2020-12-05 14:18:10,2020-12-05 23:59:59,ev_K,K,5,
20201205141820,2020-12-05 14:18:20,2020-12-05 23:59:59,ev_C,C,15,
20201205141830,2020-12-05 14:18:30,2020-12-05 23:59:59,ev_C,C,1,
20201205141840,2020-12-05 14:18:40,2020-12-05 23:59:59,ev_C,C,5,
20201205141850,2020-12-05 14:18:50,2020-12-05 23:59:59,ev_C,C,9,
20201205141900,2020-12-05 14:19:00,2020-12-05 23:59:59,ev_C,C,23,
20201205141910,2020-12-05 14:19:10,2020-12-05 23:59:59,ev_K,K,5,
20201205141920,2020-12-05 14:19:20,2020-12-05 23:59:59,ev_C,C,25,
20201205141930,2020-12-05 14:19:30,2020-12-05 23:59:59,ev_C,C,13,
20201205141940,2020-12-05 14:19:40,2020-12-05 23:59:59,ev_K,K,1,
20201205141950,2020-12-05 14:19:50,2020-12-05 23:59:59,ev_C,C,24,
20201205142000,2020-12-05 14:20:00,2020-12-05 23:59:59,ev_C,C,4,
20201205142010,2020-12-05 14:20:10,2020-12-05 23:59:59,ev_C,C,5,
20201205142020,2020-12-05 14:20:20,2020-12-05 23:59:59,ev_C,C,13,
20201205142030,2020-12-05 14:20:30,2020-12-05 23:59:59,ev_K,K,3,
20201205142040,2020-12-05 14:20:40,2020-12-05 23:59:59,ev_K,K,2,
20201205142050,2020-12-05 14:20:50,2020-12-05 23:59:59,ev_C,C,25,
20201205142100,2020-12-05 14:21:00,2020-12-05 23:59:59,ev_C,C,24,
20201205142110,2020-12-05 14:21:10,2020-12-05 23:59:59,ev_C,C,22,
20201205142120,2020-12-05 14:21:20,2020-12-05 23:59:59,ev_K,K,1,
20201205142130,2020-12-05 14:21:30,2020-12-05 23:59:59,ev_K,K,3,
20201205142140,2020-12-05 14:21:40,2020-12-05 23:59:59,ev_C,C,21,
20201205142150,2020-12-05 14:21:50,2020-12-05 23:59:59,ev_C,C,8,
20201205142200,2020-12-05 14:22:00,2020-12-05 23:59:59,ev_C,C,24,
20201205142210,2020-12-05 14:22:10,2020-12-05 23:59:59,ev_C,C,6,
20201205142220,2020-12-05 14:22:20,2020-12-05 23:59:59,ev_C,C,10,
20201205142230,2020-12-05 14:22:30,2020-12-05 23:59:59,ev_C,C,11,
20201205142240,2020-12-05 14:22:40,2020-12-05 23:59:59,ev_K,K,5,
20201205142250,2020-12-05 14:22:50,2020-12-05 23:59:59,ev_K,K,1,
20201205142300,2020-12-05 14:23:00,2020-12-05 23:59:59,ev_N,K,5,
20201205142310,2020-12-05 14:23:10,2020-12-05 23:59:59,ev_K,K,1,
20201205142320,2020-12-05 14:23:20,2020-12-05 23:59:59,ev_C,C,1,
20201205142330,2020-12-05 14:23:30,2020-12-05 23:59:59,ev_C,C,24,
20201205142340,2020-12-05 14:23:40,2020-12-05 23:59:59,ev_K,K,3,
20201205142350,2020-12-05 14:23:50,2020-12-05 23:59:59,ev_C,C,6,
20201205142400,2020-12-05 14:24:00,2020-12-05 23:59:59,ev_C,C,9,
20201205142410,2020-12-05 14:24:10,2020-12-05 23:59:59,ev_C,C,2,
20201205142420,2020-12-05 14:24:20,2020-12-05 23:59:59,ev_K,K,2,
20201205142430,2020-12-05 14:24:30,2020-12-05 23:59:59,ev_C,C,4,
20201205142440,2020-12-05 14:24:40,2020-12-05 23:59:59,ev_C,C,4,
20201205142450,2020-12-05 14:24:50,2020-12-05 23:59:59,ev_K,K,3,
20201205142500,2020-12-05 14:25:00,2020-12-05 23:59:59,ev_C,C,10,
20201205142510,2020-12-05 14:25:10,2020-12-05 23:59:59,ev_C,C,23,
20201205142520,2020-12-05 14:25:20,2020-12-05 23:59:59,ev_C,C,7,
20201205142530,2020-12-05 14:25:30,2020-12-05 23:59:59,ev_K,K,1,
20201205142540,2020-12-05 14:25:40,2020-12-05 23:59:59,ev_C,C,13,
20201205142550,2020-12-05 14:25:50,2020-12-05 23:59:59,ev_K,K,3,
20201205142600,2020-12-05 14:26:00,2020-12-05 23:59:59,ev_C,C,3,
20201205142610,2020-12-05 14:26:10,2020-12-05 23:59:59,ev_K,K,3,
20201205142620,2020-12-05 14:26:20,2020-12-05 23:59:59,ev_C,C,6,
20201205142630,2020-12-05 14:26:30,2020-12-05 23:59:59,ev_C,C,11,
20201205142640,2020-12-05 14:26:40,2020-12-05 23:59:59,ev_C,C,6,
20201205142650,2020-12-05 14:26:50,2020-12-05 23:59:59,ev_K,K,4,
20201205142700,2020-12-05 14:27:00,2020-12-05 23:59:59,ev_C,C,1,
20201205142710,2020-12-05 14:27:10,2020-12-05 23:59:59,ev_C,C,21,
20201205142720,2020-12-05 14:27:20,2020-12-05 23:59:59,ev_C,C,12,
20201205142730,2020-12-05 14:27:30,2020-12-05 23:59:59,ev_C,C,6,
20201205142740,2020-12-05 14:27:40,2020-12-05 23:59:59,ev_C,C,24,
20201205142750,2020-12-05 14:27:50,2020-12-05 23:59:59,ev_K,K,5,
20201205142800,2020-12-05 14:28:00,2020-12-05 23:59:59,ev_C,C,8,
20201205142810,2020-12-05 14:28:10,2020-12-05 23:59:59,ev_C,C,10,
20201205142820,2020-12-05 14:28:20,2020-12-05 23:59:59,ev_K,K,4,
20201205142830,2020-12-05 14:28:30,2020-12-05 23:59:59,ev_C,C,2,
20201205142840,2020-12-05 14:28:40,2020-12-05 23:59:59,ev_K,K,1,
20201205142850,2020-12-05 14:28:50,2020-12-05 23:59:59,ev_C,C,9,
20201205142900,2020-12-05 14:29:00,2020-12-05 23:59:59,ev_C,C,13,
20201205142910,2020-12-05 14:29:10,2020-12-05 23:59:59,ev_C,C,12,
20201205142920,2020-12-05 14:29:20,2020-12-05 23:59:59,ev_C,C,2,
20201205142930,2020-12-05 14:29:30,2020-12-05 23:59:59,ev_C,C,22,
20201205142940,2020-12-05 14:29:40,2020-12-05 23:59:59,ev_C,C,21,
20201205142950,2020-12-05 14:29:50,2020-12-05 23:59:59,ev_K,K,5,
20201205143000,2020-12-05 14:30:00,2020-12-05 23:59:59,ev_K,K,4,
20201205143010,2020-12-05 14:30:10,2020-12-05 23:59:59,ev_C,C,11,
20201205143020,2020-12-05 14:30:20,2020-12-05 23:59:59,ev_C,C,12,
20201205143030,2020-12-05 14:30:30,2020-12-05 23:59:59,ev_C,C,15,
20201205143040,2020-12-05 14:30:40,2020-12-05 23:59:59,ev_C,C,8,
20201205143050,2020-12-05 14:30:50,2020-12-05 23:59:59,ev_C,C,1,
20201205143100,2020-12-05 14:31:00,2020-12-05 23:59:59,ev_C,C,22,
20201205143110,2020-12-05 14:31:10,2020-12-05 23:59:59,ev_C,C,23,
20201205143120,2020-12-05 14:31:20,2020-12-05 23:59:59,ev_K,K,1,
20201205143130,2020-12-05 14:31:30,2020-12-05 23:59:59,ev_C,C,7,
20201205143140,2020-12-05 14:31:40,2020-12-05 23:59:59,ev_C,C,13,
20201205143150,2020-12-05 14:31:50,2020-12-05 23:59:59,ev_C,C,6,
20201205143200,2020-12-05 14:32:00,2020-12-05 23:59:59,ev_C,C,6,
20201205143210,2020-12-05 14:32:10,2020-12-05 23:59:59,ev_C,C,1,
20201205143220,2020-12-05 14:32:20,2020-12-05 23:59:59,ev_K,K,5,
20201205143230,2020-12-05 14:32:30,2020-12-05 23:59:59,ev_C,C,11,
20201205143240,2020-12-05 14:32:40,2020-12-05 23:59:59,ev_K,K,2,
20201205143250,2020-12-05 14:32:50,2020-12-05 23:59:59,ev_N,K,5,
20201205143300,2020-12-05 14:33:00,2020-12-05 23:59:59,ev_K,K,1,
20201205143310,2020-12-05 14:33:10,2020-12-05 23:59:59,ev_K,K,3,
20201205143320,2020-12-05 14:33:20,2020-12-05 23:59:59,ev_C,C,2,
20201205143330,2020-12-05 14:33:30,2020-12-05 23:59:59,ev_C,C,7,
20201205143340,2020-12-05 14:33:40,2020-12-05 23:59:59,ev_K,K,5,
20201205143350,2020-12-05 14:33:50,2020-12-05 23:59:59,ev_C,C,10,
20201205143400,2020-12-05 14:34:00,2020-12-05 23:59:59,ev_C,C,8,
20201205143410,2020-12-05 14:34:10,2020-12-05 23:59:59,ev_C,C,10,
20201205143420,2020-12-05 14:34:20,2020-12-05 23:59:59,ev_C,C,15,
20201205143430,2020-12-05 14:34:30,2020-12-05 23:59:59,ev_K,K,2,
20201205143440,2020-12-05 14:34:40,2020-12-05 23:59:59,ev_K,K,5,
20201205143450,2020-12-05 14:34:50,2020-12-05 23:59:59,ev_C,C,1,
20201205143500,2020-12-05 14:35:00,2020-12-05 23:59:59,ev_C,C,12,
20201205143510,2020-12-05 14:35:10,2020-12-05 23:59:59,ev_C,C,13,
20201205143520,2020-12-05 14:35:20,2020-12-05 23:59:59,ev_C,C,3,
20201205143530,2020-12-05 14:35:30,2020-12-05 23:59:59,ev_K,K,1,
20201205143540,2020-12-05 14:35:40,2020-12-05 23:59:59,ev_C,C,12,
20201205143550,2020-12-05 14:35:50,2020-12-05 23:59:59,ev_C,C,8,
20201205143600,2020-12-05 14:36:00,2020-12-05 23:59:59,ev_C,C,22,
20201205143610,2020-12-05 14:36:10,2020-12-05 23:59:59,ev_C,C,22,
20201205143620,2020-12-05 14:36:20,2020-12-05 23:59:59,ev_K,K,1,
20201205143630,2020-12-05 14:36:30,2020-12-05 23:59:59,ev_C,C,4,
20201205143640,2020-12-05 14:36:40,2020-12-05 23:59:59,ev_C,C,13,
20201205143650,2020-12-05 14:36:50,2020-12-05 23:59:59,ev_C,C,5,
20201205143700,2020-12-05 14:37:00,2020-12-05 23:59:59,ev_C,C,11,
20201205143710,2020-12-05 14:37:10,2020-12-05 23:59:59,ev_C,C,3,
20201205143720,2020-12-05 14:37:20,2020-12-05 23:59:59,ev_C,C,8,
20201205143730,2020-12-05 14:37:30,2020-12-05 23:59:59,ev_C,C,21,
20201205143740,2020-12-05 14:37:40,2020-12-05 23:59:59,ev_K,K,5,
20201205143750,2020-12-05 14:37:50,2020-12-05 23:59:59,ev_N,K,2,
20201205143800,2020-12-05 14:38:00,2020-12-05 23:59:59,ev_C,C,10,
20201205143810,2020-12-05 14:38:10,2020-12-05 23:59:59,ev_C,C,15,
20201205143820,2020-12-05 14:38:20,2020-12-05 23:59:59,ev_C,C,3,
20201205143830,2020-12-05 14:38:30,2020-12-05 23:59:59,ev_C,C,21,
20201205143840,2020-12-05 14:38:40,2020-12-05 23:59:59,ev_C,C,3,
20201205143850,2020-12-05 14:38:50,2020-12-05 23:59:59,ev_C,C,11,
20201205143900,2020-12-05 14:39:00,2020-12-05 23:59:59,ev_C,C,25,
20201205143910,2020-12-05 14:39:10,2020-12-05 23:59:59,ev_C,C,5,
20201205143920,2020-12-05 14:39:20,2020-12-05 23:59:59,ev_C,C,15,
20201205143930,2020-12-05 14:39:30,2020-12-05 23:59:59,ev_C,C,25,
20201205143940,2020-12-05 14:39:40,2020-12-05 23:59:59,ev_C,C,2,
20201205143950,2020-12-05 14:39:50,2020-12-05 23:59:59,ev_N,K,3,
20201205144000,2020-12-05 14:40:00,2020-12-05 23:59:59,ev_C,C,4,
20201205144010,2020-12-05 14:40:10,2020-12-05 23:59:59,ev_C,C,5,
20201205144020,2020-12-05 14:40:20,2020-12-05 23:59:59,ev_C,C,22,
20201205144030,2020-12-05 14:40:30,2020-12-05 23:59:59,ev_C,C,1,
20201205144040,2020-12-05 14:40:40,2020-12-05 23:59:59,ev_K,K,4,
20201205144050,2020-12-05 14:40:50,2020-12-05 23:59:59,ev_C,C,13,
20201205144100,2020-12-05 14:41:00,2020-12-05 23:59:59,ev_K,K,2,
20201205144110,2020-12-05 14:41:10,2020-12-05 23:59:59,ev_K,K,1,
20201205144120,2020-12-05 14:41:20,2020-12-05 23:59:59,ev_C,C,13,
20201205144130,2020-12-05 14:41:30,2020-12-05 23:59:59,ev_C,C,15,
20201205144140,2020-12-05 14:41:40,2020-12-05 23:59:59,ev_C,C,2,
20201205144150,2020-12-05 14:41:50,2020-12-05 23:59:59,ev_K,K,2,
20201205144200,2020-12-05 14:42:00,2020-12-05 23:59:59,ev_C,C,25,
20201205144210,2020-12-05 14:42:10,2020-12-05 23:59:59,ev_C,C,6,
20201205144220,2020-12-05 14:42:20,2020-12-05 23:59:59,ev_C,C,23,
20201205144230,2020-12-05 14:42:30,2020-12-05 23:59:59,ev_C,C,2,
20201205144240,2020-12-05 14:42:40,2020-12-05 23:59:59,ev_C,C,2,
20201205144250,2020-12-05 14:42:50,2020-12-05 23:59:59,ev_N,K,2,
20201205144300,2020-12-05 14:43:00,2020-12-05 23:59:59,ev_C,C,6,
20201205144310,2020-12-05 14:43:10,2020-12-05 23:59:59,ev_N,K,4,
20201205144320,2020-12-05 14:43:20,2020-12-05 23:59:59,ev_K,K,1,
20201205144330,2020-12-05 14:43:30,2020-12-05 23:59:59,ev_C,C,14,
20201205144340,2020-12-05 14:43:40,2020-12-05 23:59:59,ev_C,C,23,
20201205144350,2020-12-05 14:43:50,2020-12-05 23:59:59,ev_C,C,21,
20201205144400,2020-12-05 14:44:00,2020-12-05 23:59:59,ev_K,K,2,
20201205144410,2020-12-05 14:44:10,2020-12-05 23:59:59,ev_C,C,25,
20201205144420,2020-12-05 14:44:20,2020-12-05 23:59:59,ev_C,C,3,
20201205144430,2020-12-05 14:44:30,2020-12-05 23:59:59,ev_C,C,5,
20201205144440,2020-12-05 14:44:40,2020-12-05 23:59:59,ev_C,C,14,
20201205144450,2020-12-05 14:44:50,2020-12-05 23:59:59,ev_C,C,13,
20201205144500,2020-12-05 14:45:00,2020-12-05 23:59:59,ev_K,K,2,
20201205144510,2020-12-05 14:45:10,2020-12-05 23:59:59,ev_C,C,15,
20201205144520,2020-12-05 14:45:20,2020-12-05 23:59:59,ev_C,C,22,
20201205144530,2020-12-05 14:45:30,2020-12-05 23:59:59,ev_N,K,5,
20201205144540,2020-12-05 14:45:40,2020-12-05 23:59:59,ev_K,K,5,
20201205144550,2020-12-05 14:45:50,2020-12-05 23:59:59,ev_K,K,1,
20201205144600,2020-12-05 14:46:00,2020-12-05 23:59:59,ev_K,K,2,
20201205144610,2020-12-05 14:46:10,2020-12-05 23:59:59,ev_N,K,1,
20201205144620,2020-12-05 14:46:20,2020-12-05 23:59:59,ev_N,K,3,
20201205144630,2020-12-05 14:46:30,2020-12-05 23:59:59,ev_C,C,25,
20201205144640,2020-12-05 14:46:40,2020-12-05 23:59:59,ev_C,C,13,
20201205144650,2020-12-05 14:46:50,2020-12-05 23:59:59,ev_K,K,4,
20201205144700,2020-12-05 14:47:00,2020-12-05 23:59:59,ev_C,C,12,
20201205144710,2020-12-05 14:47:10,2020-12-05 23:59:59,ev_C,C,5,
20201205144720,2020-12-05 14:47:20,2020-12-05 23:59:59,ev_C,C,5,
20201205144730,2020-12-05 14:47:30,2020-12-05 23:59:59,ev_C,C,4,
20201205144740,2020-12-05 14:47:40,2020-12-05 23:59:59,ev_C,C,11,
20201205144750,2020-12-05 14:47:50,2020-12-05 23:59:59,ev_C,C,3,
20201205144800,2020-12-05 14:48:00,2020-12-05 23:59:59,ev_C,C,15,
20201205144810,2020-12-05 14:48:10,2020-12-05 23:59:59,ev_C,C,13,
20201205144820,2020-12-05 14:48:20,2020-12-05 23:59:59,ev_C,C,1,
20201205144830,2020-12-05 14:48:30,2020-12-05 23:59:59,ev_C,C,15,
20201205144840,2020-12-05 14:48:40,2020-12-05 23:59:59,ev_C,C,21,
20201205144850,2020-12-05 14:48:50,2020-12-05 23:59:59,ev_C,C,7,
20201205144900,2020-12-05 14:49:00,2020-12-05 23:59:59,ev_N,K,4,
20201205144910,2020-12-05 14:49:10,2020-12-05 23:59:59,ev_C,C,9,
20201205144920,2020-12-05 14:49:20,2020-12-05 23:59:59,ev_C,C,2,
20201205144930,2020-12-05 14:49:30,2020-12-05 23:59:59,ev_C,C,4,
20201205144940,2020-12-05 14:49:40,2020-12-05 23:59:59,ev_C,C,8,
20201205144950,2020-12-05 14:49:50,2020-12-05 23:59:59,ev_C,C,10,
20201205145000,2020-12-05 14:50:00,2020-12-05 23:59:59,ev_K,K,5,
20201205145010,2020-12-05 14:50:10,2020-12-05 23:59:59,ev_C,C,14,
20201205145020,2020-12-05 14:50:20,2020-12-05 23:59:59,ev_C,C,24,
20201205145030,2020-12-05 14:50:30,2020-12-05 23:59:59,ev_C,C,14,
20201205145040,2020-12-05 14:50:40,2020-12-05 23:59:59,ev_C,C,21,
20201205145050,2020-12-05 14:50:50,2020-12-05 23:59:59,ev_C,C,1,
20201205145100,2020-12-05 14:51:00,2020-12-05 23:59:59,ev_C,C,14,
20201205145110,2020-12-05 14:51:10,2020-12-05 23:59:59,ev_C,C,1,
20201205145120,2020-12-05 14:51:20,2020-12-05 23:59:59,ev_C,C,5,
20201205145130,2020-12-05 14:51:30,2020-12-05 23:59:59,ev_C,C,11,
20201205145140,2020-12-05 14:51:40,2020-12-05 23:59:59,ev_C,C,23,
20201205145150,2020-12-05 14:51:50,2020-12-05 23:59:59,ev_C,C,1,
20201205145200,2020-12-05 14:52:00,2020-12-05 23:59:59,ev_C,C,12,
20201205145210,2020-12-05 14:52:10,2020-12-05 23:59:59,ev_C,C,12,
20201205145220,2020-12-05 14:52:20,2020-12-05 23:59:59,ev_C,C,13,
20201205145230,2020-12-05 14:52:30,2020-12-05 23:59:59,ev_C,C,22,
20201205145240,2020-12-05 14:52:40,2020-12-05 23:59:59,ev_C,C,9,
20201205145250,2020-12-05 14:52:50,2020-12-05 23:59:59,ev_C,C,24,
20201205145300,2020-12-05 14:53:00,2020-12-05 23:59:59,ev_C,C,8,
20201205145310,2020-12-05 14:53:10,2020-12-05 23:59:59,ev_C,C,13,
20201205145320,2020-12-05 14:53:20,2020-12-05 23:59:59,ev_K,K,3,
20201205145330,2020-12-05 14:53:30,2020-12-05 23:59:59,ev_C,C,14,
20201205145340,2020-12-05 14:53:40,2020-12-05 23:59:59,ev_C,C,1,
20201205145350,2020-12-05 14:53:50,2020-12-05 23:59:59,ev_C,C,13,
20201205145400,2020-12-05 14:54:00,2020-12-05 23:59:59,ev_C,C,6,
20201205145410,2020-12-05 14:54:10,2020-12-05 23:59:59,ev_C,C,15,
20201205145420,2020-12-05 14:54:20,2020-12-05 23:59:59,ev_C,C,2,
20201205145430,2020-12-05 14:54:30,2020-12-05 23:59:59,ev_K,K,5,
20201205145440,2020-12-05 14:54:40,2020-12-05 23:59:59,ev_C,C,6,
20201205145450,2020-12-05 14:54:50,2020-12-05 23:59:59,ev_C,C,15,
20201205145500,2020-12-05 14:55:00,2020-12-05 23:59:59,ev_C,C,2,
20201205145510,2020-12-05 14:55:10,2020-12-05 23:59:59,ev_C,C,12,
20201205145520,2020-12-05 14:55:20,2020-12-05 23:59:59,ev_C,C,14,
20201205145530,2020-12-05 14:55:30,2020-12-05 23:59:59,ev_C,C,4,
20201205145540,2020-12-05 14:55:40,2020-12-05 23:59:59,ev_C,C,10,
20201205145550,2020-12-05 14:55:50,2020-12-05 23:59:59,ev_C,C,4,
20201205145600,2020-12-05 14:56:00,2020-12-05 23:59:59,ev_C,C,24,
20201205145610,2020-12-05 14:56:10,2020-12-05 23:59:59,ev_N,K,3,
20201205145620,2020-12-05 14:56:20,2020-12-05 23:59:59,ev_C,C,23,
20201205145630,2020-12-05 14:56:30,2020-12-05 23:59:59,ev_C,C,24,
20201205145640,2020-12-05 14:56:40,2020-12-05 23:59:59,ev_C,C,8,
20201205145650,2020-12-05 14:56:50,2020-12-05 23:59:59,ev_K,K,3,
20201205145700,2020-12-05 14:57:00,2020-12-05 23:59:59,ev_C,C,13,
20201205145710,2020-12-05 14:57:10,2020-12-05 23:59:59,ev_K,K,1,
20201205145720,2020-12-05 14:57:20,2020-12-05 23:59:59,ev_C,C,6,
20201205145730,2020-12-05 14:57:30,2020-12-05 23:59:59,ev_C,C,15,
20201205145740,2020-12-05 14:57:40,2020-12-05 23:59:59,ev_C,C,9,
20201205145750,2020-12-05 14:57:50,2020-12-05 23:59:59,ev_K,K,3,
20201205145800,2020-12-05 14:58:00,2020-12-05 23:59:59,ev_C,C,4,
20201205145810,2020-12-05 14:58:10,2020-12-05 23:59:59,ev_K,K,4,
20201205145820,2020-12-05 14:58:20,2020-12-05 23:59:59,ev_C,C,11,
20201205145830,2020-12-05 14:58:30,2020-12-05 23:59:59,ev_C,C,22,
20201205145840,2020-12-05 14:58:40,2020-12-05 23:59:59,ev_C,C,10,
20201205145850,2020-12-05 14:58:50,2020-12-05 23:59:59,ev_N,K,3,
20201205145900,2020-12-05 14:59:00,2020-12-05 23:59:59,ev_C,C,9,
20201205145910,2020-12-05 14:59:10,2020-12-05 23:59:59,ev_C,C,9,
20201205145920,2020-12-05 14:59:20,2020-12-05 23:59:59,ev_C,C,25,
20201205145930,2020-12-05 14:59:30,2020-12-05 23:59:59,ev_K,K,2,
20201205145940,2020-12-05 14:59:40,2020-12-05 23:59:59,ev_K,K,1,
20201205145950,2020-12-05 14:59:50,2020-12-05 23:59:59,ev_N,K,5,
20201205150000,2020-12-05 15:00:00,2020-12-05 23:59:59,ev_C,C,9,
20201205150010,2020-12-05 15:00:10,2020-12-05 23:59:59,ev_K,K,1,
20201205150020,2020-12-05 15:00:20,2020-12-05 23:59:59,ev_C,C,13,
20201205150030,2020-12-05 15:00:30,2020-12-05 23:59:59,ev_C,C,21,
20201205150040,2020-12-05 15:00:40,2020-12-05 23:59:59,ev_C,C,12,
20201205150050,2020-12-05 15:00:50,2020-12-05 23:59:59,ev_C,C,25,
20201205150100,2020-12-05 15:01:00,2020-12-05 23:59:59,ev_C,C,1,
20201205150110,2020-12-05 15:01:10,2020-12-05 23:59:59,ev_C,C,3,
20201205150120,2020-12-05 15:01:20,2020-12-05 23:59:59,ev_C,C,13,
20201205150130,2020-12-05 15:01:30,2020-12-05 23:59:59,ev_C,C,11,
20201205150140,2020-12-05 15:01:40,2020-12-05 23:59:59,ev_C,C,11,
20201205150150,2020-12-05 15:01:50,2020-12-05 23:59:59,ev_N,K,4,
20201205150200,2020-12-05 15:02:00,2020-12-05 23:59:59,ev_C,C,22,
20201205150210,2020-12-05 15:02:10,2020-12-05 23:59:59,ev_C,C,8,
20201205150220,2020-12-05 15:02:20,2020-12-05 23:59:59,ev_C,C,6,
20201205150230,2020-12-05 15:02:30,2020-12-05 23:59:59,ev_K,K,4,
20201205150240,2020-12-05 15:02:40,2020-12-05 23:59:59,ev_C,C,7,
20201205150250,2020-12-05 15:02:50,2020-12-05 23:59:59,ev_K,K,2,
20201205150300,2020-12-05 15:03:00,2020-12-05 23:59:59,ev_C,C,21,
20201205150310,2020-12-05 15:03:10,2020-12-05 23:59:59,ev_N,K,1,
20201205150320,2020-12-05 15:03:20,2020-12-05 23:59:59,ev_C,C,2,
20201205150330,2020-12-05 15:03:30,2020-12-05 23:59:59,ev_C,C,13,
20201205150340,2020-12-05 15:03:40,2020-12-05 23:59:59,ev_C,C,1,
20201205150350,2020-12-05 15:03:50,2020-12-05 23:59:59,ev_K,K,4,
20201205150400,2020-12-05 15:04:00,2020-12-05 23:59:59,ev_K,K,5,
20201205150410,2020-12-05 15:04:10,2020-12-05 23:59:59,ev_C,C,7,
20201205150420,2020-12-05 15:04:20,2020-12-05 23:59:59,ev_N,K,3,
20201205150430,2020-12-05 15:04:30,2020-12-05 23:59:59,ev_C,C,15,
20201205150440,2020-12-05 15:04:40,2020-12-05 23:59:59,ev_C,C,22,
20201205150450,2020-12-05 15:04:50,2020-12-05 23:59:59,ev_C,C,9,
20201205150500,2020-12-05 15:05:00,2020-12-05 23:59:59,ev_C,C,23,
20201205150510,2020-12-05 15:05:10,2020-12-05 23:59:59,ev_C,C,1,
20201205150520,2020-12-05 15:05:20,2020-12-05 23:59:59,ev_C,C,5,
20201205150530,2020-12-05 15:05:30,2020-12-05 23:59:59,ev_C,C,24,
20201205150540,2020-12-05 15:05:40,2020-12-05 23:59:59,ev_C,C,22,
20201205150550,2020-12-05 15:05:50,2020-12-05 23:59:59,ev_C,C,1,
20201205150600,2020-12-05 15:06:00,2020-12-05 23:59:59,ev_K,K,2,
20201205150610,2020-12-05 15:06:10,2020-12-05 23:59:59,ev_C,C,4,
20201205150620,2020-12-05 15:06:20,2020-12-05 23:59:59,ev_K,K,1,
20201205150630,2020-12-05 15:06:30,2020-12-05 23:59:59,ev_C,C,7,
20201205150640,2020-12-05 15:06:40,2020-12-05 23:59:59,ev_C,C,3,
20201205150650,2020-12-05 15:06:50,2020-12-05 23:59:59,ev_C,C,5,
20201205150700,2020-12-05 15:07:00,2020-12-05 23:59:59,ev_C,C,8,
20201205150710,2020-12-05 15:07:10,2020-12-05 23:59:59,ev_C,C,22,
20201205150720,2020-12-05 15:07:20,2020-12-05 23:59:59,ev_C,C,2,
20201205150730,2020-12-05 15:07:30,2020-12-05 23:59:59,ev_N,K,2,
20201205150740,2020-12-05 15:07:40,2020-12-05 23:59:59,ev_C,C,21,
20201205150750,2020-12-05 15:07:50,2020-12-05 23:59:59,ev_C,C,8,
20201205150800,2020-12-05 15:08:00,2020-12-05 23:59:59,ev_C,C,1,
20201205150810,2020-12-05 15:08:10,2020-12-05 23:59:59,ev_C,C,3,
20201205150820,2020-12-05 15:08:20,2020-12-05 23:59:59,ev_C,C,7,
20201205150830,2020-12-05 15:08:30,2020-12-05 23:59:59,ev_K,K,1,
20201205150840,2020-12-05 15:08:40,2020-12-05 23:59:59,ev_N,K,2,
20201205150850,2020-12-05 15:08:50,2020-12-05 23:59:59,ev_C,C,21,
20201205150900,2020-12-05 15:09:00,2020-12-05 23:59:59,ev_C,C,2,
20201205150910,2020-12-05 15:09:10,2020-12-05 23:59:59,ev_C,C,24,
20201205150920,2020-12-05 15:09:20,2020-12-05 23:59:59,ev_C,C,21,
20201205150930,2020-12-05 15:09:30,2020-12-05 23:59:59,ev_C,C,7,
20201205150940,2020-12-05 15:09:40,2020-12-05 23:59:59,ev_C,C,11,
20201205150950,2020-12-05 15:09:50,2020-12-05 23:59:59,ev_K,K,4,
20201205151000,2020-12-05 15:10:00,2020-12-05 23:59:59,ev_C,C,15,
20201205151010,2020-12-05 15:10:10,2020-12-05 23:59:59,ev_C,C,21,
20201205151020,2020-12-05 15:10:20,2020-12-05 23:59:59,ev_K,K,3,
20201205151030,2020-12-05 15:10:30,2020-12-05 23:59:59,ev_C,C,6,
20201205151040,2020-12-05 15:10:40,2020-12-05 23:59:59,ev_C,C,25,
20201205151050,2020-12-05 15:10:50,2020-12-05 23:59:59,ev_C,C,14,
20201205151100,2020-12-05 15:11:00,2020-12-05 23:59:59,ev_K,K,1,
20201205151110,2020-12-05 15:11:10,2020-12-05 23:59:59,ev_C,C,3,
20201205151120,2020-12-05 15:11:20,2020-12-05 23:59:59,ev_C,C,15,
20201205151130,2020-12-05 15:11:30,2020-12-05 23:59:59,ev_K,K,4,
20201205151140,2020-12-05 15:11:40,2020-12-05 23:59:59,ev_C,C,3,
20201205151150,2020-12-05 15:11:50,2020-12-05 23:59:59,ev_C,C,13,
20201205151200,2020-12-05 15:12:00,2020-12-05 23:59:59,ev_C,C,25,
20201205151210,2020-12-05 15:12:10,2020-12-05 23:59:59,ev_C,C,11,
20201205151220,2020-12-05 15:12:20,2020-12-05 23:59:59,ev_K,K,3,
20201205151230,2020-12-05 15:12:30,2020-12-05 23:59:59,ev_C,C,13,
20201205151240,2020-12-05 15:12:40,2020-12-05 23:59:59,ev_C,C,22,
20201205151250,2020-12-05 15:12:50,2020-12-05 23:59:59,ev_C,C,10,
20201205151300,2020-12-05 15:13:00,2020-12-05 23:59:59,ev_C,C,10,
20201205151310,2020-12-05 15:13:10,2020-12-05 23:59:59,ev_C,C,25,
20201205151320,2020-12-05 15:13:20,2020-12-05 23:59:59,ev_C,C,23,
20201205151330,2020-12-05 15:13:30,2020-12-05 23:59:59,ev_C,C,15,
20201205151340,2020-12-05 15:13:40,2020-12-05 23:59:59,ev_C,C,7,
20201205151350,2020-12-05 15:13:50,2020-12-05 23:59:59,ev_K,K,4,
20201205151400,2020-12-05 15:14:00,2020-12-05 23:59:59,ev_C,C,2,
20201205151410,2020-12-05 15:14:10,2020-12-05 23:59:59,ev_K,K,2,
20201205151420,2020-12-05 15:14:20,2020-12-05 23:59:59,ev_C,C,23,
20201205151430,2020-12-05 15:14:30,2020-12-05 23:59:59,ev_C,C,1,
20201205151440,2020-12-05 15:14:40,2020-12-05 23:59:59,ev_N,K,2,
20201205151450,2020-12-05 15:14:50,2020-12-05 23:59:59,ev_C,C,24,
20201205151500,2020-12-05 15:15:00,2020-12-05 23:59:59,ev_C,C,9,
20201205151510,2020-12-05 15:15:10,2020-12-05 23:59:59,ev_C,C,8,
20201205151520,2020-12-05 15:15:20,2020-12-05 23:59:59,ev_C,C,12,
20201205151530,2020-12-05 15:15:30,2020-12-05 23:59:59,ev_C,C,23,
20201205151540,2020-12-05 15:15:40,2020-12-05 23:59:59,ev_C,C,12,
20201205151550,2020-12-05 15:15:50,2020-12-05 23:59:59,ev_C,C,12,
20201205151600,2020-12-05 15:16:00,2020-12-05 23:59:59,ev_K,K,5,
20201205151610,2020-12-05 15:16:10,2020-12-05 23:59:59,ev_C,C,2,
20201205151620,2020-12-05 15:16:20,2020-12-05 23:59:59,ev_C,C,24,
20201205151630,2020-12-05 15:16:30,2020-12-05 23:59:59,ev_C,C,14,
20201205151640,2020-12-05 15:16:40,2020-12-05 23:59:59,ev_C,C,25,
20201205151650,2020-12-05 15:16:50,2020-12-05 23:59:59,ev_C,C,8,
20201205151700,2020-12-05 15:17:00,2020-12-05 23:59:59,ev_C,C,25,
20201205151710,2020-12-05 15:17:10,2020-12-05 23:59:59,ev_C,C,8,
20201205151720,2020-12-05 15:17:20,2020-12-05 23:59:59,ev_C,C,9,
20201205151730,2020-12-05 15:17:30,2020-12-05 23:59:59,ev_C,C,4,
20201205151740,2020-12-05 15:17:40,2020-12-05 23:59:59,ev_C,C,25,
20201205151750,2020-12-05 15:17:50,2020-12-05 23:59:59,ev_C,C,6,
20201205151800,2020-12-05 15:18:00,2020-12-05 23:59:59,ev_C,C,24,
20201205151810,2020-12-05 15:18:10,2020-12-05 23:59:59,ev_C,C,7,
20201205151820,2020-12-05 15:18:20,2020-12-05 23:59:59,ev_C,C,5,
20201205151830,2020-12-05 15:18:30,2020-12-05 23:59:59,ev_N,K,4,
20201205151840,2020-12-05 15:18:40,2020-12-05 23:59:59,ev_C,C,12,
20201205151850,2020-12-05 15:18:50,2020-12-05 23:59:59,ev_C,C,14,
20201205151900,2020-12-05 15:19:00,2020-12-05 23:59:59,ev_C,C,24,
20201205151910,2020-12-05 15:19:10,2020-12-05 23:59:59,ev_C,C,14,
20201205151920,2020-12-05 15:19:20,2020-12-05 23:59:59,ev_K,K,3,
20201205151930,2020-12-05 15:19:30,2020-12-05 23:59:59,ev_C,C,3,
20201205151940,2020-12-05 15:19:40,2020-12-05 23:59:59,ev_C,C,23,
20201205151950,2020-12-05 15:19:50,2020-12-05 23:59:59,ev_C,C,10,
20201205152000,2020-12-05 15:20:00,2020-12-05 23:59:59,ev_N,K,3,
20201205152010,2020-12-05 15:20:10,2020-12-05 23:59:59,ev_C,C,11,
20201205152020,2020-12-05 15:20:20,2020-12-05 23:59:59,ev_C,C,3,
20201205152030,2020-12-05 15:20:30,2020-12-05 23:59:59,ev_C,C,11,
20201205152040,2020-12-05 15:20:40,2020-12-05 23:59:59,ev_C,C,25,
20201205152050,2020-12-05 15:20:50,2020-12-05 23:59:59,ev_K,K,1,
20201205152100,2020-12-05 15:21:00,2020-12-05 23:59:59,ev_K,K,3,
20201205152110,2020-12-05 15:21:10,2020-12-05 23:59:59,ev_C,C,13,
20201205152120,2020-12-05 15:21:20,2020-12-05 23:59:59,ev_C,C,6,
20201205152130,2020-12-05 15:21:30,2020-12-05 23:59:59,ev_C,C,8,
20201205152140,2020-12-05 15:21:40,2020-12-05 23:59:59,ev_C,C,6,
20201205152150,2020-12-05 15:21:50,2020-12-05 23:59:59,ev_C,C,15,
20201205152200,2020-12-05 15:22:00,2020-12-05 23:59:59,ev_C,C,11,
20201205152210,2020-12-05 15:22:10,2020-12-05 23:59:59,ev_K,K,3,
20201205152220,2020-12-05 15:22:20,2020-12-05 23:59:59,ev_C,C,24,
20201205152230,2020-12-05 15:22:30,2020-12-05 23:59:59,ev_C,C,10,
20201205152240,2020-12-05 15:22:40,2020-12-05 23:59:59,ev_K,K,1,
20201205152250,2020-12-05 15:22:50,2020-12-05 23:59:59,ev_C,C,10,
20201205152300,2020-12-05 15:23:00,2020-12-05 23:59:59,ev_C,C,24,
20201205152310,2020-12-05 15:23:10,2020-12-05 23:59:59,ev_C,C,10,
20201205152320,2020-12-05 15:23:20,2020-12-05 23:59:59,ev_K,K,5,
20201205152330,2020-12-05 15:23:30,2020-12-05 23:59:59,ev_C,C,11,
20201205152340,2020-12-05 15:23:40,2020-12-05 23:59:59,ev_C,C,14,
20201205152350,2020-12-05 15:23:50,2020-12-05 23:59:59,ev_C,C,25,
20201205152400,2020-12-05 15:24:00,2020-12-05 23:59:59,ev_C,C,9,
20201205152410,2020-12-05 15:24:10,2020-12-05 23:59:59,ev_C,C,10,
20201205152420,2020-12-05 15:24:20,2020-12-05 23:59:59,ev_K,K,2,
20201205152430,2020-12-05 15:24:30,2020-12-05 23:59:59,ev_N,K,1,
20201205152440,2020-12-05 15:24:40,2020-12-05 23:59:59,ev_C,C,11,
20201205152450,2020-12-05 15:24:50,2020-12-05 23:59:59,ev_C,C,7,
20201205152500,2020-12-05 15:25:00,2020-12-05 23:59:59,ev_C,C,4,
20201205152510,2020-12-05 15:25:10,2020-12-05 23:59:59,ev_K,K,4,
20201205152520,2020-12-05 15:25:20,2020-12-05 23:59:59,ev_C,C,1,
20201205152530,2020-12-05 15:25:30,2020-12-05 23:59:59,ev_C,C,11,
20201205152540,2020-12-05 15:25:40,2020-12-05 23:59:59,ev_C,C,14,
20201205152550,2020-12-05 15:25:50,2020-12-05 23:59:59,ev_N,K,3,
20201205152600,2020-12-05 15:26:00,2020-12-05 23:59:59,ev_C,C,13,
20201205152610,2020-12-05 15:26:10,2020-12-05 23:59:59,ev_C,C,1,
20201205152620,2020-12-05 15:26:20,2020-12-05 23:59:59,ev_C,C,25,
20201205152630,2020-12-05 15:26:30,2020-12-05 23:59:59,ev_C,C,12,
20201205152640,2020-12-05 15:26:40,2020-12-05 23:59:59,ev_C,C,1,
20201205152650,2020-12-05 15:26:50,2020-12-05 23:59:59,ev_C,C,14,
20201205152700,2020-12-05 15:27:00,2020-12-05 23:59:59,ev_K,K,4,
20201205152710,2020-12-05 15:27:10,2020-12-05 23:59:59,ev_K,K,3,
20201205152720,2020-12-05 15:27:20,2020-12-05 23:59:59,ev_N,K,1,
20201205152730,2020-12-05 15:27:30,2020-12-05 23:59:59,ev_K,K,5,
20201205152740,2020-12-05 15:27:40,2020-12-05 23:59:59,ev_C,C,9,
20201205152750,2020-12-05 15:27:50,2020-12-05 23:59:59,ev_C,C,23,
20201205152800,2020-12-05 15:28:00,2020-12-05 23:59:59,ev_C,C,22,
20201205152810,2020-12-05 15:28:10,2020-12-05 23:59:59,ev_K,K,4,
20201205152820,2020-12-05 15:28:20,2020-12-05 23:59:59,ev_C,C,14,
20201205152830,2020-12-05 15:28:30,2020-12-05 23:59:59,ev_K,K,3,
20201205152840,2020-12-05 15:28:40,2020-12-05 23:59:59,ev_C,C,5,
20201205152850,2020-12-05 15:28:50,2020-12-05 23:59:59,ev_K,K,3,
20201205152900,2020-12-05 15:29:00,2020-12-05 23:59:59,ev_C,C,25,
20201205152910,2020-12-05 15:29:10,2020-12-05 23:59:59,ev_K,K,1,
20201205152920,2020-12-05 15:29:20,2020-12-05 23:59:59,ev_C,C,14,
20201205152930,2020-12-05 15:29:30,2020-12-05 23:59:59,ev_C,C,11,
20201205152940,2020-12-05 15:29:40,2020-12-05 23:59:59,ev_C,C,15,
20201205152950,2020-12-05 15:29:50,2020-12-05 23:59:59,ev_K,K,2,
20201205153000,2020-12-05 15:30:00,2020-12-05 23:59:59,ev_C,C,24,
20201205153010,2020-12-05 15:30:10,2020-12-05 23:59:59,ev_C,C,15,
20201205153020,2020-12-05 15:30:20,2020-12-05 23:59:59,ev_C,C,9,
20201205153030,2020-12-05 15:30:30,2020-12-05 23:59:59,ev_C,C,3,
20201205153040,2020-12-05 15:30:40,2020-12-05 23:59:59,ev_C,C,1,
20201205153050,2020-12-05 15:30:50,2020-12-05 23:59:59,ev_C,C,24,
20201205153100,2020-12-05 15:31:00,2020-12-05 23:59:59,ev_K,K,5,
20201205153110,2020-12-05 15:31:10,2020-12-05 23:59:59,ev_C,C,14,
20201205153120,2020-12-05 15:31:20,2020-12-05 23:59:59,ev_C,C,13,
20201205153130,2020-12-05 15:31:30,2020-12-05 23:59:59,ev_C,C,10,
20201205153140,2020-12-05 15:31:40,2020-12-05 23:59:59,ev_C,C,13,
20201205153150,2020-12-05 15:31:50,2020-12-05 23:59:59,ev_C,C,21,
20201205153200,2020-12-05 15:32:00,2020-12-05 23:59:59,ev_C,C,1,
20201205153210,2020-12-05 15:32:10,2020-12-05 23:59:59,ev_C,C,9,
20201205153220,2020-12-05 15:32:20,2020-12-05 23:59:59,ev_C,C,4,
20201205153230,2020-12-05 15:32:30,2020-12-05 23:59:59,ev_N,K,5,
20201205153240,2020-12-05 15:32:40,2020-12-05 23:59:59,ev_C,C,3,
20201205153250,2020-12-05 15:32:50,2020-12-05 23:59:59,ev_K,K,4,
20201205153300,2020-12-05 15:33:00,2020-12-05 23:59:59,ev_C,C,5,
20201205153310,2020-12-05 15:33:10,2020-12-05 23:59:59,ev_C,C,25,
20201205153320,2020-12-05 15:33:20,2020-12-05 23:59:59,ev_K,K,3,
20201205153330,2020-12-05 15:33:30,2020-12-05 23:59:59,ev_N,K,5,
20201205153340,2020-12-05 15:33:40,2020-12-05 23:59:59,ev_K,K,5,
20201205153350,2020-12-05 15:33:50,2020-12-05 23:59:59,ev_C,C,25,
20201205153400,2020-12-05 15:34:00,2020-12-05 23:59:59,ev_C,C,13,
20201205153410,2020-12-05 15:34:10,2020-12-05 23:59:59,ev_K,K,3,
20201205153420,2020-12-05 15:34:20,2020-12-05 23:59:59,ev_K,K,1,
20201205153430,2020-12-05 15:34:30,2020-12-05 23:59:59,ev_C,C,4,
20201205153440,2020-12-05 15:34:40,2020-12-05 23:59:59,ev_C,C,7,
20201205153450,2020-12-05 15:34:50,2020-12-05 23:59:59,ev_C,C,6,
20201205153500,2020-12-05 15:35:00,2020-12-05 23:59:59,ev_C,C,13,
20201205153510,2020-12-05 15:35:10,2020-12-05 23:59:59,ev_C,C,9,
20201205153520,2020-12-05 15:35:20,2020-12-05 23:59:59,ev_C,C,25,
20201205153530,2020-12-05 15:35:30,2020-12-05 23:59:59,ev_C,C,4,
20201205153540,2020-12-05 15:35:40,2020-12-05 23:59:59,ev_N,K,5,
20201205153550,2020-12-05 15:35:50,2020-12-05 23:59:59,ev_C,C,10,
20201205153600,2020-12-05 15:36:00,2020-12-05 23:59:59,ev_C,C,11,
20201205153610,2020-12-05 15:36:10,2020-12-05 23:59:59,ev_C,C,22,
20201205153620,2020-12-05 15:36:20,2020-12-05 23:59:59,ev_C,C,8,
20201205153630,2020-12-05 15:36:30,2020-12-05 23:59:59,ev_C,C,14,
20201205153640,2020-12-05 15:36:40,2020-12-05 23:59:59,ev_C,C,4,
20201205153650,2020-12-05 15:36:50,2020-12-05 23:59:59,ev_C,C,15,
20201205153700,2020-12-05 15:37:00,2020-12-05 23:59:59,ev_C,C,11,
20201205153710,2020-12-05 15:37:10,2020-12-05 23:59:59,ev_K,K,3,
20201205153720,2020-12-05 15:37:20,2020-12-05 23:59:59,ev_C,C,24,
20201205153730,2020-12-05 15:37:30,2020-12-05 23:59:59,ev_C,C,23,
20201205153740,2020-12-05 15:37:40,2020-12-05 23:59:59,ev_C,C,14,
20201205153750,2020-12-05 15:37:50,2020-12-05 23:59:59,ev_K,K,4,
20201205153800,2020-12-05 15:38:00,2020-12-05 23:59:59,ev_C,C,3,
20201205153810,2020-12-05 15:38:10,2020-12-05 23:59:59,ev_K,K,1,
20201205153820,2020-12-05 15:38:20,2020-12-05 23:59:59,ev_C,C,21,
20201205153830,2020-12-05 15:38:30,2020-12-05 23:59:59,ev_K,K,2,
20201205153840,2020-12-05 15:38:40,2020-12-05 23:59:59,ev_N,K,4,
20201205153850,2020-12-05 15:38:50,2020-12-05 23:59:59,ev_C,C,22,
20201205153900,2020-12-05 15:39:00,2020-12-05 23:59:59,ev_C,C,8,
20201205153910,2020-12-05 15:39:10,2020-12-05 23:59:59,ev_C,C,15,
20201205153920,2020-12-05 15:39:20,2020-12-05 23:59:59,ev_K,K,5,
20201205153930,2020-12-05 15:39:30,2020-12-05 23:59:59,ev_C,C,22,
20201205153940,2020-12-05 15:39:40,2020-12-05 23:59:59,ev_N,K,3,
20201205153950,2020-12-05 15:39:50,2020-12-05 23:59:59,ev_C,C,25,
20201205154000,2020-12-05 15:40:00,2020-12-05 23:59:59,ev_N,K,4,
20201205154010,2020-12-05 15:40:10,2020-12-05 23:59:59,ev_C,C,6,
20201205154020,2020-12-05 15:40:20,2020-12-05 23:59:59,ev_K,K,3,
20201205154030,2020-12-05 15:40:30,2020-12-05 23:59:59,ev_C,C,11,
20201205154040,2020-12-05 15:40:40,2020-12-05 23:59:59,ev_C,C,3,
20201205154050,2020-12-05 15:40:50,2020-12-05 23:59:59,ev_K,K,2,
20201205154100,2020-12-05 15:41:00,2020-12-05 23:59:59,ev_C,C,23,
20201205154110,2020-12-05 15:41:10,2020-12-05 23:59:59,ev_C,C,10,
20201205154120,2020-12-05 15:41:20,2020-12-05 23:59:59,ev_C,C,6,
20201205154130,2020-12-05 15:41:30,2020-12-05 23:59:59,ev_C,C,7,
20201205154140,2020-12-05 15:41:40,2020-12-05 23:59:59,ev_C,C,5,
20201205154150,2020-12-05 15:41:50,2020-12-05 23:59:59,ev_N,K,5,
20201205154200,2020-12-05 15:42:00,2020-12-05 23:59:59,ev_C,C,14,
20201205154210,2020-12-05 15:42:10,2020-12-05 23:59:59,ev_N,K,3,
20201205154220,2020-12-05 15:42:20,2020-12-05 23:59:59,ev_N,K,5,
20201205154230,2020-12-05 15:42:30,2020-12-05 23:59:59,ev_C,C,25,
20201205154240,2020-12-05 15:42:40,2020-12-05 23:59:59,ev_N,K,3,
20201205154250,2020-12-05 15:42:50,2020-12-05 23:59:59,ev_C,C,25,
20201205154300,2020-12-05 15:43:00,2020-12-05 23:59:59,ev_C,C,10,
20201205154310,2020-12-05 15:43:10,2020-12-05 23:59:59,ev_C,C,10,
20201205154320,2020-12-05 15:43:20,2020-12-05 23:59:59,ev_C,C,14,
20201205154330,2020-12-05 15:43:30,2020-12-05 23:59:59,ev_C,C,1,
20201205154340,2020-12-05 15:43:40,2020-12-05 23:59:59,ev_C,C,5,
20201205154350,2020-12-05 15:43:50,2020-12-05 23:59:59,ev_C,C,9,
20201205154400,2020-12-05 15:44:00,2020-12-05 23:59:59,ev_K,K,5,
20201205154410,2020-12-05 15:44:10,2020-12-05 23:59:59,ev_C,C,1,
20201205154420,2020-12-05 15:44:20,2020-12-05 23:59:59,ev_C,C,3,
20201205154430,2020-12-05 15:44:30,2020-12-05 23:59:59,ev_K,K,3,
20201205154440,2020-12-05 15:44:40,2020-12-05 23:59:59,ev_C,C,6,
20201205154450,2020-12-05 15:44:50,2020-12-05 23:59:59,ev_K,K,3,
20201205154500,2020-12-05 15:45:00,2020-12-05 23:59:59,ev_C,C,5,
20201205154510,2020-12-05 15:45:10,2020-12-05 23:59:59,ev_C,C,12,
20201205154520,2020-12-05 15:45:20,2020-12-05 23:59:59,ev_C,C,8,
20201205154530,2020-12-05 15:45:30,2020-12-05 23:59:59,ev_N,K,5,
20201205154540,2020-12-05 15:45:40,2020-12-05 23:59:59,ev_N,K,3,
20201205154550,2020-12-05 15:45:50,2020-12-05 23:59:59,ev_N,K,3,
20201205154600,2020-12-05 15:46:00,2020-12-05 23:59:59,ev_C,C,9,
20201205154610,2020-12-05 15:46:10,2020-12-05 23:59:59,ev_C,C,4,
20201205154620,2020-12-05 15:46:20,2020-12-05 23:59:59,ev_C,C,7,
20201205154630,2020-12-05 15:46:30,2020-12-05 23:59:59,ev_C,C,12,
20201205154640,2020-12-05 15:46:40,2020-12-05 23:59:59,ev_C,C,23,
20201205154650,2020-12-05 15:46:50,2020-12-05 23:59:59,ev_C,C,4,
20201205154700,2020-12-05 15:47:00,2020-12-05 23:59:59,ev_N,K,4,
20201205154710,2020-12-05 15:47:10,2020-12-05 23:59:59,ev_C,C,9,
20201205154720,2020-12-05 15:47:20,2020-12-05 23:59:59,ev_C,C,11,
20201205154730,2020-12-05 15:47:30,2020-12-05 23:59:59,ev_C,C,21,
20201205154740,2020-12-05 15:47:40,2020-12-05 23:59:59,ev_C,C,7,
20201205154750,2020-12-05 15:47:50,2020-12-05 23:59:59,ev_K,K,3,
20201205154800,2020-12-05 15:48:00,2020-12-05 23:59:59,ev_K,K,1,
20201205154810,2020-12-05 15:48:10,2020-12-05 23:59:59,ev_C,C,4,
20201205154820,2020-12-05 15:48:20,2020-12-05 23:59:59,ev_C,C,3,
20201205154830,2020-12-05 15:48:30,2020-12-05 23:59:59,ev_C,C,6,
20201205154840,2020-12-05 15:48:40,2020-12-05 23:59:59,ev_C,C,6,
20201205154850,2020-12-05 15:48:50,2020-12-05 23:59:59,ev_C,C,2,
20201205154900,2020-12-05 15:49:00,2020-12-05 23:59:59,ev_C,C,12,
20201205154910,2020-12-05 15:49:10,2020-12-05 23:59:59,ev_N,K,4,
20201205154920,2020-12-05 15:49:20,2020-12-05 23:59:59,ev_C,C,23,
20201205154930,2020-12-05 15:49:30,2020-12-05 23:59:59,ev_C,C,8,
20201205154940,2020-12-05 15:49:40,2020-12-05 23:59:59,ev_K,K,3,
20201205154950,2020-12-05 15:49:50,2020-12-05 23:59:59,ev_C,C,3,
20201205155000,2020-12-05 15:50:00,2020-12-05 23:59:59,ev_C,C,9,
20201205155010,2020-12-05 15:50:10,2020-12-05 23:59:59,ev_C,C,15,
20201205155020,2020-12-05 15:50:20,2020-12-05 23:59:59,ev_N,K,4,
20201205155030,2020-12-05 15:50:30,2020-12-05 23:59:59,ev_C,C,7,
20201205155040,2020-12-05 15:50:40,2020-12-05 23:59:59,ev_C,C,10,
20201205155050,2020-12-05 15:50:50,2020-12-05 23:59:59,ev_K,K,2,
20201205155100,2020-12-05 15:51:00,2020-12-05 23:59:59,ev_C,C,4,
20201205155110,2020-12-05 15:51:10,2020-12-05 23:59:59,ev_C,C,3,
20201205155120,2020-12-05 15:51:20,2020-12-05 23:59:59,ev_C,C,25,
20201205155130,2020-12-05 15:51:30,2020-12-05 23:59:59,ev_C,C,11,
20201205155140,2020-12-05 15:51:40,2020-12-05 23:59:59,ev_C,C,22,
20201205155150,2020-12-05 15:51:50,2020-12-05 23:59:59,ev_K,K,3,
20201205155200,2020-12-05 15:52:00,2020-12-05 23:59:59,ev_C,C,15,
20201205155210,2020-12-05 15:52:10,2020-12-05 23:59:59,ev_C,C,13,
20201205155220,2020-12-05 15:52:20,2020-12-05 23:59:59,ev_K,K,5,
20201205155230,2020-12-05 15:52:30,2020-12-05 23:59:59,ev_C,C,10,
20201205155240,2020-12-05 15:52:40,2020-12-05 23:59:59,ev_K,K,5,
20201205155250,2020-12-05 15:52:50,2020-12-05 23:59:59,ev_N,K,5,
20201205155300,2020-12-05 15:53:00,2020-12-05 23:59:59,ev_C,C,14,
20201205155310,2020-12-05 15:53:10,2020-12-05 23:59:59,ev_C,C,7,
20201205155320,2020-12-05 15:53:20,2020-12-05 23:59:59,ev_C,C,3,
20201205155330,2020-12-05 15:53:30,2020-12-05 23:59:59,ev_C,C,13,
20201205155340,2020-12-05 15:53:40,2020-12-05 23:59:59,ev_C,C,22,
20201205155350,2020-12-05 15:53:50,2020-12-05 23:59:59,ev_C,C,3,
20201205155400,2020-12-05 15:54:00,2020-12-05 23:59:59,ev_N,K,3,
20201205155410,2020-12-05 15:54:10,2020-12-05 23:59:59,ev_K,K,2,
20201205155420,2020-12-05 15:54:20,2020-12-05 23:59:59,ev_C,C,22,
20201205155430,2020-12-05 15:54:30,2020-12-05 23:59:59,ev_C,C,15,
20201205155440,2020-12-05 15:54:40,2020-12-05 23:59:59,ev_C,C,5,
20201205155450,2020-12-05 15:54:50,2020-12-05 23:59:59,ev_K,K,3,
20201205155500,2020-12-05 15:55:00,2020-12-05 23:59:59,ev_C,C,9,
20201205155510,2020-12-05 15:55:10,2020-12-05 23:59:59,ev_C,C,3,
20201205155520,2020-12-05 15:55:20,2020-12-05 23:59:59,ev_N,K,2,
20201205155530,2020-12-05 15:55:30,2020-12-05 23:59:59,ev_N,K,4,
20201205155540,2020-12-05 15:55:40,2020-12-05 23:59:59,ev_K,K,4,
20201205155550,2020-12-05 15:55:50,2020-12-05 23:59:59,ev_C,C,7,
20201205155600,2020-12-05 15:56:00,2020-12-05 23:59:59,ev_C,C,25,
20201205155610,2020-12-05 15:56:10,2020-12-05 23:59:59,ev_K,K,2,
20201205155620,2020-12-05 15:56:20,2020-12-05 23:59:59,ev_C,C,3,
20201205155630,2020-12-05 15:56:30,2020-12-05 23:59:59,ev_C,C,11,
20201205155640,2020-12-05 15:56:40,2020-12-05 23:59:59,ev_C,C,13,
20201205155650,2020-12-05 15:56:50,2020-12-05 23:59:59,ev_K,K,2,
20201205155700,2020-12-05 15:57:00,2020-12-05 23:59:59,ev_C,C,1,
20201205155710,2020-12-05 15:57:10,2020-12-05 23:59:59,ev_C,C,7,
20201205155720,2020-12-05 15:57:20,2020-12-05 23:59:59,ev_C,C,25,
20201205155730,2020-12-05 15:57:30,2020-12-05 23:59:59,ev_C,C,6,
20201205155740,2020-12-05 15:57:40,2020-12-05 23:59:59,ev_C,C,13,
20201205155750,2020-12-05 15:57:50,2020-12-05 23:59:59,ev_C,C,10,
20201205155800,2020-12-05 15:58:00,2020-12-05 23:59:59,ev_C,C,12,
20201205155810,2020-12-05 15:58:10,2020-12-05 23:59:59,ev_K,K,4,
20201205155820,2020-12-05 15:58:20,2020-12-05 23:59:59,ev_C,C,23,
20201205155830,2020-12-05 15:58:30,2020-12-05 23:59:59,ev_C,C,24,
20201205155840,2020-12-05 15:58:40,2020-12-05 23:59:59,ev_K,K,1,
20201205155850,2020-12-05 15:58:50,2020-12-05 23:59:59,ev_C,C,13,
20201205155900,2020-12-05 15:59:00,2020-12-05 23:59:59,ev_C,C,23,
20201205155910,2020-12-05 15:59:10,2020-12-05 23:59:59,ev_C,C,24,
20201205155920,2020-12-05 15:59:20,2020-12-05 23:59:59,ev_C,C,5,
20201205155930,2020-12-05 15:59:30,2020-12-05 23:59:59,ev_K,K,4,
20201205155940,2020-12-05 15:59:40,2020-12-05 23:59:59,ev_C,C,10,
20201205155950,2020-12-05 15:59:50,2020-12-05 23:59:59,ev_C,C,22,
20201205160000,2020-12-05 16:00:00,2020-12-05 23:59:59,ev_C,C,14,
20201205160010,2020-12-05 16:00:10,2020-12-05 23:59:59,ev_C,C,8,
20201205160020,2020-12-05 16:00:20,2020-12-05 23:59:59,ev_K,K,4,
20201205160030,2020-12-05 16:00:30,2020-12-05 23:59:59,ev_C,C,4,
20201205160040,2020-12-05 16:00:40,2020-12-05 23:59:59,ev_C,C,1,
20201205160050,2020-12-05 16:00:50,2020-12-05 23:59:59,ev_N,K,2,
20201205160100,2020-12-05 16:01:00,2020-12-05 23:59:59,ev_K,K,5,
20201205160110,2020-12-05 16:01:10,2020-12-05 23:59:59,ev_C,C,24,
20201205160120,2020-12-05 16:01:20,2020-12-05 23:59:59,ev_C,C,4,
20201205160130,2020-12-05 16:01:30,2020-12-05 23:59:59,ev_K,K,4,
20201205160140,2020-12-05 16:01:40,2020-12-05 23:59:59,ev_C,C,8,
20201205160150,2020-12-05 16:01:50,2020-12-05 23:59:59,ev_C,C,8,
20201205160200,2020-12-05 16:02:00,2020-12-05 23:59:59,ev_C,C,14,
20201205160210,2020-12-05 16:02:10,2020-12-05 23:59:59,ev_C,C,7,
20201205160220,2020-12-05 16:02:20,2020-12-05 23:59:59,ev_C,C,11,
20201205160230,2020-12-05 16:02:30,2020-12-05 23:59:59,ev_C,C,6,
20201205160240,2020-12-05 16:02:40,2020-12-05 23:59:59,ev_C,C,7,
20201205160250,2020-12-05 16:02:50,2020-12-05 23:59:59,ev_C,C,14,
20201205160300,2020-12-05 16:03:00,2020-12-05 23:59:59,ev_K,K,5,
20201205160310,2020-12-05 16:03:10,2020-12-05 23:59:59,ev_C,C,22,
20201205160320,2020-12-05 16:03:20,2020-12-05 23:59:59,ev_N,K,3,
20201205160330,2020-12-05 16:03:30,2020-12-05 23:59:59,ev_C,C,3,
20201205160340,2020-12-05 16:03:40,2020-12-05 23:59:59,ev_K,K,4,
20201205160350,2020-12-05 16:03:50,2020-12-05 23:59:59,ev_C,C,6,
20201205160400,2020-12-05 16:04:00,2020-12-05 23:59:59,ev_K,K,3,
20201205160410,2020-12-05 16:04:10,2020-12-05 23:59:59,ev_K,K,5,
20201205160420,2020-12-05 16:04:20,2020-12-05 23:59:59,ev_C,C,8,
20201205160430,2020-12-05 16:04:30,2020-12-05 23:59:59,ev_C,C,2,
20201205160440,2020-12-05 16:04:40,2020-12-05 23:59:59,ev_C,C,9,
20201205160450,2020-12-05 16:04:50,2020-12-05 23:59:59,ev_K,K,1,
20201205160500,2020-12-05 16:05:00,2020-12-05 23:59:59,ev_C,C,15,
20201205160510,2020-12-05 16:05:10,2020-12-05 23:59:59,ev_C,C,13,
20201205160520,2020-12-05 16:05:20,2020-12-05 23:59:59,ev_C,C,9,
20201205160530,2020-12-05 16:05:30,2020-12-05 23:59:59,ev_C,C,10,
20201205160540,2020-12-05 16:05:40,2020-12-05 23:59:59,ev_C,C,3,
20201205160550,2020-12-05 16:05:50,2020-12-05 23:59:59,ev_K,K,4,
20201205160600,2020-12-05 16:06:00,2020-12-05 23:59:59,ev_N,K,2,
20201205160610,2020-12-05 16:06:10,2020-12-05 23:59:59,ev_C,C,25,
20201205160620,2020-12-05 16:06:20,2020-12-05 23:59:59,ev_C,C,22,
20201205160630,2020-12-05 16:06:30,2020-12-05 23:59:59,ev_N,K,1,
20201205160640,2020-12-05 16:06:40,2020-12-05 23:59:59,ev_K,K,4,
20201205160650,2020-12-05 16:06:50,2020-12-05 23:59:59,ev_C,C,3,
20201205160700,2020-12-05 16:07:00,2020-12-05 23:59:59,ev_C,C,3,
20201205160710,2020-12-05 16:07:10,2020-12-05 23:59:59,ev_C,C,2,
20201205160720,2020-12-05 16:07:20,2020-12-05 23:59:59,ev_C,C,14,
20201205160730,2020-12-05 16:07:30,2020-12-05 23:59:59,ev_C,C,8,
20201205160740,2020-12-05 16:07:40,2020-12-05 23:59:59,ev_C,C,12,
20201205160750,2020-12-05 16:07:50,2020-12-05 23:59:59,ev_C,C,21,
20201205160800,2020-12-05 16:08:00,2020-12-05 23:59:59,ev_C,C,1,
20201205160810,2020-12-05 16:08:10,2020-12-05 23:59:59,ev_C,C,25,
20201205160820,2020-12-05 16:08:20,2020-12-05 23:59:59,ev_C,C,8,
20201205160830,2020-12-05 16:08:30,2020-12-05 23:59:59,ev_C,C,6,
20201205160840,2020-12-05 16:08:40,2020-12-05 23:59:59,ev_C,C,6,
20201205160850,2020-12-05 16:08:50,2020-12-05 23:59:59,ev_C,C,21,
20201205160900,2020-12-05 16:09:00,2020-12-05 23:59:59,ev_C,C,15,
20201205160910,2020-12-05 16:09:10,2020-12-05 23:59:59,ev_C,C,25,
20201205160920,2020-12-05 16:09:20,2020-12-05 23:59:59,ev_C,C,13,
20201205160930,2020-12-05 16:09:30,2020-12-05 23:59:59,ev_C,C,21,
20201205160940,2020-12-05 16:09:40,2020-12-05 23:59:59,ev_K,K,3,
20201205160950,2020-12-05 16:09:50,2020-12-05 23:59:59,ev_N,K,4,
20201205161000,2020-12-05 16:10:00,2020-12-05 23:59:59,ev_C,C,21,
20201205161010,2020-12-05 16:10:10,2020-12-05 23:59:59,ev_C,C,2,
20201205161020,2020-12-05 16:10:20,2020-12-05 23:59:59,ev_K,K,3,
20201205161030,2020-12-05 16:10:30,2020-12-05 23:59:59,ev_C,C,24,
20201205161040,2020-12-05 16:10:40,2020-12-05 23:59:59,ev_N,K,2,
20201205161050,2020-12-05 16:10:50,2020-12-05 23:59:59,ev_K,K,4,
20201205161100,2020-12-05 16:11:00,2020-12-05 23:59:59,ev_C,C,25,
20201205161110,2020-12-05 16:11:10,2020-12-05 23:59:59,ev_C,C,13,
20201205161120,2020-12-05 16:11:20,2020-12-05 23:59:59,ev_C,C,5,
20201205161130,2020-12-05 16:11:30,2020-12-05 23:59:59,ev_C,C,22,
20201205161140,2020-12-05 16:11:40,2020-12-05 23:59:59,ev_C,C,10,
20201205161150,2020-12-05 16:11:50,2020-12-05 23:59:59,ev_C,C,6,
20201205161200,2020-12-05 16:12:00,2020-12-05 23:59:59,ev_C,C,12,
20201205161210,2020-12-05 16:12:10,2020-12-05 23:59:59,ev_C,C,25,
20201205161220,2020-12-05 16:12:20,2020-12-05 23:59:59,ev_C,C,7,
20201205161230,2020-12-05 16:12:30,2020-12-05 23:59:59,ev_C,C,6,
20201205161240,2020-12-05 16:12:40,2020-12-05 23:59:59,ev_C,C,23,
20201205161250,2020-12-05 16:12:50,2020-12-05 23:59:59,ev_C,C,4,
20201205161300,2020-12-05 16:13:00,2020-12-05 23:59:59,ev_C,C,2,
20201205161310,2020-12-05 16:13:10,2020-12-05 23:59:59,ev_K,K,4,
20201205161320,2020-12-05 16:13:20,2020-12-05 23:59:59,ev_C,C,23,
20201205161330,2020-12-05 16:13:30,2020-12-05 23:59:59,ev_C,C,21,
20201205161340,2020-12-05 16:13:40,2020-12-05 23:59:59,ev_K,K,4,
20201205161350,2020-12-05 16:13:50,2020-12-05 23:59:59,ev_C,C,23,
20201205161400,2020-12-05 16:14:00,2020-12-05 23:59:59,ev_C,C,23,
20201205161410,2020-12-05 16:14:10,2020-12-05 23:59:59,ev_C,C,22,
20201205161420,2020-12-05 16:14:20,2020-12-05 23:59:59,ev_K,K,4,
20201205161430,2020-12-05 16:14:30,2020-12-05 23:59:59,ev_C,C,8,
20201205161440,2020-12-05 16:14:40,2020-12-05 23:59:59,ev_C,C,4,
20201205161450,2020-12-05 16:14:50,2020-12-05 23:59:59,ev_C,C,14,
20201205161500,2020-12-05 16:15:00,2020-12-05 23:59:59,ev_C,C,15,
20201205161510,2020-12-05 16:15:10,2020-12-05 23:59:59,ev_C,C,15,
20201205161520,2020-12-05 16:15:20,2020-12-05 23:59:59,ev_C,C,13,
20201205161530,2020-12-05 16:15:30,2020-12-05 23:59:59,ev_C,C,4,
20201205161540,2020-12-05 16:15:40,2020-12-05 23:59:59,ev_K,K,4,
20201205161550,2020-12-05 16:15:50,2020-12-05 23:59:59,ev_C,C,6,
20201205161600,2020-12-05 16:16:00,2020-12-05 23:59:59,ev_K,K,1,
20201205161610,2020-12-05 16:16:10,2020-12-05 23:59:59,ev_C,C,11,
20201205161620,2020-12-05 16:16:20,2020-12-05 23:59:59,ev_K,K,4,
20201205161630,2020-12-05 16:16:30,2020-12-05 23:59:59,ev_N,K,3,
20201205161640,2020-12-05 16:16:40,2020-12-05 23:59:59,ev_C,C,7,
20201205161650,2020-12-05 16:16:50,2020-12-05 23:59:59,ev_C,C,7,
20201205161700,2020-12-05 16:17:00,2020-12-05 23:59:59,ev_C,C,6,
20201205161710,2020-12-05 16:17:10,2020-12-05 23:59:59,ev_C,C,9,
20201205161720,2020-12-05 16:17:20,2020-12-05 23:59:59,ev_C,C,1,
20201205161730,2020-12-05 16:17:30,2020-12-05 23:59:59,ev_C,C,4,
20201205161740,2020-12-05 16:17:40,2020-12-05 23:59:59,ev_C,C,9,
20201205161750,2020-12-05 16:17:50,2020-12-05 23:59:59,ev_C,C,5,
20201205161800,2020-12-05 16:18:00,2020-12-05 23:59:59,ev_C,C,7,
20201205161810,2020-12-05 16:18:10,2020-12-05 23:59:59,ev_C,C,15,
20201205161820,2020-12-05 16:18:20,2020-12-05 23:59:59,ev_C,C,10,
20201205161830,2020-12-05 16:18:30,2020-12-05 23:59:59,ev_K,K,3,
20201205161840,2020-12-05 16:18:40,2020-12-05 23:59:59,ev_C,C,15,
20201205161850,2020-12-05 16:18:50,2020-12-05 23:59:59,ev_C,C,2,
20201205161900,2020-12-05 16:19:00,2020-12-05 23:59:59,ev_C,C,21,
20201205161910,2020-12-05 16:19:10,2020-12-05 23:59:59,ev_C,C,3,
20201205161920,2020-12-05 16:19:20,2020-12-05 23:59:59,ev_K,K,5,
20201205161930,2020-12-05 16:19:30,2020-12-05 23:59:59,ev_C,C,3,
20201205161940,2020-12-05 16:19:40,2020-12-05 23:59:59,ev_C,C,6,
20201205161950,2020-12-05 16:19:50,2020-12-05 23:59:59,ev_C,C,11,
20201205162000,2020-12-05 16:20:00,2020-12-05 23:59:59,ev_C,C,5,
20201205162010,2020-12-05 16:20:10,2020-12-05 23:59:59,ev_K,K,5,
20201205162020,2020-12-05 16:20:20,2020-12-05 23:59:59,ev_K,K,3,
20201205162030,2020-12-05 16:20:30,2020-12-05 23:59:59,ev_N,K,1,
20201205162040,2020-12-05 16:20:40,2020-12-05 23:59:59,ev_C,C,9,
20201205162050,2020-12-05 16:20:50,2020-12-05 23:59:59,ev_K,K,4,
20201205162100,2020-12-05 16:21:00,2020-12-05 23:59:59,ev_C,C,12,
20201205162110,2020-12-05 16:21:10,2020-12-05 23:59:59,ev_C,C,6,
20201205162120,2020-12-05 16:21:20,2020-12-05 23:59:59,ev_C,C,23,
20201205162130,2020-12-05 16:21:30,2020-12-05 23:59:59,ev_C,C,14,
20201205162140,2020-12-05 16:21:40,2020-12-05 23:59:59,ev_K,K,3,
20201205162150,2020-12-05 16:21:50,2020-12-05 23:59:59,ev_K,K,2,
20201205162200,2020-12-05 16:22:00,2020-12-05 23:59:59,ev_C,C,13,
20201205162210,2020-12-05 16:22:10,2020-12-05 23:59:59,ev_C,C,22,
20201205162220,2020-12-05 16:22:20,2020-12-05 23:59:59,ev_C,C,9,
20201205162230,2020-12-05 16:22:30,2020-12-05 23:59:59,ev_C,C,8,
20201205162240,2020-12-05 16:22:40,2020-12-05 23:59:59,ev_N,K,5,
20201205162250,2020-12-05 16:22:50,2020-12-05 23:59:59,ev_K,K,4,
20201205162300,2020-12-05 16:23:00,2020-12-05 23:59:59,ev_N,K,3,
20201205162310,2020-12-05 16:23:10,2020-12-05 23:59:59,ev_C,C,13,
20201205162320,2020-12-05 16:23:20,2020-12-05 23:59:59,ev_C,C,12,
20201205162330,2020-12-05 16:23:30,2020-12-05 23:59:59,ev_C,C,4,
20201205162340,2020-12-05 16:23:40,2020-12-05 23:59:59,ev_K,K,5,
20201205162350,2020-12-05 16:23:50,2020-12-05 23:59:59,ev_C,C,15,
20201205162400,2020-12-05 16:24:00,2020-12-05 23:59:59,ev_C,C,9,
20201205162410,2020-12-05 16:24:10,2020-12-05 23:59:59,ev_C,C,7,
20201205162420,2020-12-05 16:24:20,2020-12-05 23:59:59,ev_C,C,2,
20201205162430,2020-12-05 16:24:30,2020-12-05 23:59:59,ev_C,C,12,
20201205162440,2020-12-05 16:24:40,2020-12-05 23:59:59,ev_C,C,25,
20201205162450,2020-12-05 16:24:50,2020-12-05 23:59:59,ev_C,C,8,
20201205162500,2020-12-05 16:25:00,2020-12-05 23:59:59,ev_C,C,23,
20201205162510,2020-12-05 16:25:10,2020-12-05 23:59:59,ev_C,C,21,
20201205162520,2020-12-05 16:25:20,2020-12-05 23:59:59,ev_C,C,11,
20201205162530,2020-12-05 16:25:30,2020-12-05 23:59:59,ev_K,K,5,
20201205162540,2020-12-05 16:25:40,2020-12-05 23:59:59,ev_C,C,25,
20201205162550,2020-12-05 16:25:50,2020-12-05 23:59:59,ev_C,C,4,
20201205162600,2020-12-05 16:26:00,2020-12-05 23:59:59,ev_C,C,13,
20201205162610,2020-12-05 16:26:10,2020-12-05 23:59:59,ev_C,C,4,
20201205162620,2020-12-05 16:26:20,2020-12-05 23:59:59,ev_K,K,1,
20201205162630,2020-12-05 16:26:30,2020-12-05 23:59:59,ev_K,K,2,
20201205162640,2020-12-05 16:26:40,2020-12-05 23:59:59,ev_C,C,13,
20201205162650,2020-12-05 16:26:50,2020-12-05 23:59:59,ev_K,K,4,
20201205162700,2020-12-05 16:27:00,2020-12-05 23:59:59,ev_C,C,6,
20201205162710,2020-12-05 16:27:10,2020-12-05 23:59:59,ev_K,K,2,
20201205162720,2020-12-05 16:27:20,2020-12-05 23:59:59,ev_C,C,13,
20201205162730,2020-12-05 16:27:30,2020-12-05 23:59:59,ev_C,C,11,
20201205162740,2020-12-05 16:27:40,2020-12-05 23:59:59,ev_C,C,23,
20201205162750,2020-12-05 16:27:50,2020-12-05 23:59:59,ev_C,C,25,
20201205162800,2020-12-05 16:28:00,2020-12-05 23:59:59,ev_C,C,23,
20201205162810,2020-12-05 16:28:10,2020-12-05 23:59:59,ev_K,K,4,
20201205162820,2020-12-05 16:28:20,2020-12-05 23:59:59,ev_K,K,4,
20201205162830,2020-12-05 16:28:30,2020-12-05 23:59:59,ev_C,C,1,
20201205162840,2020-12-05 16:28:40,2020-12-05 23:59:59,ev_C,C,9,
20201205162850,2020-12-05 16:28:50,2020-12-05 23:59:59,ev_C,C,9,
20201205162900,2020-12-05 16:29:00,2020-12-05 23:59:59,ev_C,C,2,
20201205162910,2020-12-05 16:29:10,2020-12-05 23:59:59,ev_K,K,1,
20201205162920,2020-12-05 16:29:20,2020-12-05 23:59:59,ev_C,C,13,
20201205162930,2020-12-05 16:29:30,2020-12-05 23:59:59,ev_K,K,3,
20201205162940,2020-12-05 16:29:40,2020-12-05 23:59:59,ev_N,K,5,
20201205162950,2020-12-05 16:29:50,2020-12-05 23:59:59,ev_K,K,3,
20201205163000,2020-12-05 16:30:00,2020-12-05 23:59:59,ev_C,C,15,
20201205163010,2020-12-05 16:30:10,2020-12-05 23:59:59,ev_K,K,5,
20201205163020,2020-12-05 16:30:20,2020-12-05 23:59:59,ev_K,K,4,
20201205163030,2020-12-05 16:30:30,2020-12-05 23:59:59,ev_C,C,10,
20201205163040,2020-12-05 16:30:40,2020-12-05 23:59:59,ev_C,C,14,
20201205163050,2020-12-05 16:30:50,2020-12-05 23:59:59,ev_N,K,1,
20201205163100,2020-12-05 16:31:00,2020-12-05 23:59:59,ev_C,C,15,
20201205163110,2020-12-05 16:31:10,2020-12-05 23:59:59,ev_K,K,3,
20201205163120,2020-12-05 16:31:20,2020-12-05 23:59:59,ev_C,C,5,
20201205163130,2020-12-05 16:31:30,2020-12-05 23:59:59,ev_C,C,8,
20201205163140,2020-12-05 16:31:40,2020-12-05 23:59:59,ev_C,C,5,
20201205163150,2020-12-05 16:31:50,2020-12-05 23:59:59,ev_C,C,3,
20201205163200,2020-12-05 16:32:00,2020-12-05 23:59:59,ev_K,K,2,
20201205163210,2020-12-05 16:32:10,2020-12-05 23:59:59,ev_C,C,3,
20201205163220,2020-12-05 16:32:20,2020-12-05 23:59:59,ev_C,C,1,
20201205163230,2020-12-05 16:32:30,2020-12-05 23:59:59,ev_K,K,2,
20201205163240,2020-12-05 16:32:40,2020-12-05 23:59:59,ev_C,C,11,
20201205163250,2020-12-05 16:32:50,2020-12-05 23:59:59,ev_C,C,5,
20201205163300,2020-12-05 16:33:00,2020-12-05 23:59:59,ev_C,C,7,
20201205163310,2020-12-05 16:33:10,2020-12-05 23:59:59,ev_C,C,25,
20201205163320,2020-12-05 16:33:20,2020-12-05 23:59:59,ev_C,C,7,
20201205163330,2020-12-05 16:33:30,2020-12-05 23:59:59,ev_C,C,22,
20201205163340,2020-12-05 16:33:40,2020-12-05 23:59:59,ev_C,C,11,
20201205163350,2020-12-05 16:33:50,2020-12-05 23:59:59,ev_C,C,25,
20201205163400,2020-12-05 16:34:00,2020-12-05 23:59:59,ev_K,K,5,
20201205163410,2020-12-05 16:34:10,2020-12-05 23:59:59,ev_C,C,25,
20201205163420,2020-12-05 16:34:20,2020-12-05 23:59:59,ev_K,K,5,
20201205163430,2020-12-05 16:34:30,2020-12-05 23:59:59,ev_C,C,6,
20201205163440,2020-12-05 16:34:40,2020-12-05 23:59:59,ev_C,C,4,
20201205163450,2020-12-05 16:34:50,2020-12-05 23:59:59,ev_C,C,7,
20201205163500,2020-12-05 16:35:00,2020-12-05 23:59:59,ev_K,K,3,
20201205163510,2020-12-05 16:35:10,2020-12-05 23:59:59,ev_C,C,2,
20201205163520,2020-12-05 16:35:20,2020-12-05 23:59:59,ev_C,C,8,
20201205163530,2020-12-05 16:35:30,2020-12-05 23:59:59,ev_C,C,24,
20201205163540,2020-12-05 16:35:40,2020-12-05 23:59:59,ev_N,K,4,
20201205163550,2020-12-05 16:35:50,2020-12-05 23:59:59,ev_C,C,15,
20201205163600,2020-12-05 16:36:00,2020-12-05 23:59:59,ev_N,K,1,
20201205163610,2020-12-05 16:36:10,2020-12-05 23:59:59,ev_C,C,11,
20201205163620,2020-12-05 16:36:20,2020-12-05 23:59:59,ev_C,C,10,
20201205163630,2020-12-05 16:36:30,2020-12-05 23:59:59,ev_C,C,23,
20201205163640,2020-12-05 16:36:40,2020-12-05 23:59:59,ev_C,C,15,
20201205163650,2020-12-05 16:36:50,2020-12-05 23:59:59,ev_C,C,13,
20201205163700,2020-12-05 16:37:00,2020-12-05 23:59:59,ev_C,C,12,
20201205163710,2020-12-05 16:37:10,2020-12-05 23:59:59,ev_K,K,5,
20201205163720,2020-12-05 16:37:20,2020-12-05 23:59:59,ev_C,C,14,
20201205163730,2020-12-05 16:37:30,2020-12-05 23:59:59,ev_C,C,4,
20201205163740,2020-12-05 16:37:40,2020-12-05 23:59:59,ev_C,C,11,
20201205163750,2020-12-05 16:37:50,2020-12-05 23:59:59,ev_C,C,23,
20201205163800,2020-12-05 16:38:00,2020-12-05 23:59:59,ev_C,C,25,
20201205163810,2020-12-05 16:38:10,2020-12-05 23:59:59,ev_C,C,3,
20201205163820,2020-12-05 16:38:20,2020-12-05 23:59:59,ev_C,C,7,
20201205163830,2020-12-05 16:38:30,2020-12-05 23:59:59,ev_C,C,23,
20201205163840,2020-12-05 16:38:40,2020-12-05 23:59:59,ev_K,K,5,
20201205163850,2020-12-05 16:38:50,2020-12-05 23:59:59,ev_C,C,13,
20201205163900,2020-12-05 16:39:00,2020-12-05 23:59:59,ev_K,K,3,
20201205163910,2020-12-05 16:39:10,2020-12-05 23:59:59,ev_C,C,5,
20201205163920,2020-12-05 16:39:20,2020-12-05 23:59:59,ev_C,C,21,
20201205163930,2020-12-05 16:39:30,2020-12-05 23:59:59,ev_C,C,8,
20201205163940,2020-12-05 16:39:40,2020-12-05 23:59:59,ev_C,C,9,
20201205163950,2020-12-05 16:39:50,2020-12-05 23:59:59,ev_C,C,22,
20201205164000,2020-12-05 16:40:00,2020-12-05 23:59:59,ev_N,K,3,
20201205164010,2020-12-05 16:40:10,2020-12-05 23:59:59,ev_C,C,12,
20201205164020,2020-12-05 16:40:20,2020-12-05 23:59:59,ev_C,C,11,
20201205164030,2020-12-05 16:40:30,2020-12-05 23:59:59,ev_C,C,23,
20201205164040,2020-12-05 16:40:40,2020-12-05 23:59:59,ev_K,K,2,
20201205164050,2020-12-05 16:40:50,2020-12-05 23:59:59,ev_K,K,3,
20201205164100,2020-12-05 16:41:00,2020-12-05 23:59:59,ev_N,K,1,
20201205164110,2020-12-05 16:41:10,2020-12-05 23:59:59,ev_C,C,11,
20201205164120,2020-12-05 16:41:20,2020-12-05 23:59:59,ev_K,K,3,
20201205164130,2020-12-05 16:41:30,2020-12-05 23:59:59,ev_C,C,23,
20201205164140,2020-12-05 16:41:40,2020-12-05 23:59:59,ev_K,K,2,
20201205164150,2020-12-05 16:41:50,2020-12-05 23:59:59,ev_N,K,3,
20201205164200,2020-12-05 16:42:00,2020-12-05 23:59:59,ev_K,K,3,
20201205164210,2020-12-05 16:42:10,2020-12-05 23:59:59,ev_C,C,8,
20201205164220,2020-12-05 16:42:20,2020-12-05 23:59:59,ev_C,C,15,
20201205164230,2020-12-05 16:42:30,2020-12-05 23:59:59,ev_C,C,11,
20201205164240,2020-12-05 16:42:40,2020-12-05 23:59:59,ev_C,C,12,
20201205164250,2020-12-05 16:42:50,2020-12-05 23:59:59,ev_C,C,1,
20201205164300,2020-12-05 16:43:00,2020-12-05 23:59:59,ev_C,C,22,
20201205164310,2020-12-05 16:43:10,2020-12-05 23:59:59,ev_C,C,21,
20201205164320,2020-12-05 16:43:20,2020-12-05 23:59:59,ev_C,C,23,
20201205164330,2020-12-05 16:43:30,2020-12-05 23:59:59,ev_N,K,5,
20201205164340,2020-12-05 16:43:40,2020-12-05 23:59:59,ev_C,C,10,
20201205164350,2020-12-05 16:43:50,2020-12-05 23:59:59,ev_C,C,10,
20201205164400,2020-12-05 16:44:00,2020-12-05 23:59:59,ev_C,C,11,
20201205164410,2020-12-05 16:44:10,2020-12-05 23:59:59,ev_C,C,8,
20201205164420,2020-12-05 16:44:20,2020-12-05 23:59:59,ev_C,C,25,
20201205164430,2020-12-05 16:44:30,2020-12-05 23:59:59,ev_K,K,3,
20201205164440,2020-12-05 16:44:40,2020-12-05 23:59:59,ev_K,K,2,
20201205164450,2020-12-05 16:44:50,2020-12-05 23:59:59,ev_K,K,3,
20201205164500,2020-12-05 16:45:00,2020-12-05 23:59:59,ev_N,K,4,
20201205164510,2020-12-05 16:45:10,2020-12-05 23:59:59,ev_K,K,3,
20201205164520,2020-12-05 16:45:20,2020-12-05 23:59:59,ev_C,C,4,
20201205164530,2020-12-05 16:45:30,2020-12-05 23:59:59,ev_K,K,1,
20201205164540,2020-12-05 16:45:40,2020-12-05 23:59:59,ev_K,K,2,
20201205164550,2020-12-05 16:45:50,2020-12-05 23:59:59,ev_K,K,1,
20201205164600,2020-12-05 16:46:00,2020-12-05 23:59:59,ev_C,C,1,
20201205164610,2020-12-05 16:46:10,2020-12-05 23:59:59,ev_C,C,5,
20201205164620,2020-12-05 16:46:20,2020-12-05 23:59:59,ev_K,K,5,
20201205164630,2020-12-05 16:46:30,2020-12-05 23:59:59,ev_K,K,1,
20201205164640,2020-12-05 16:46:40,2020-12-05 23:59:59,ev_C,C,23,
20201205164650,2020-12-05 16:46:50,2020-12-05 23:59:59,ev_C,C,11,
20201205164700,2020-12-05 16:47:00,2020-12-05 23:59:59,ev_K,K,2,
20201205164710,2020-12-05 16:47:10,2020-12-05 23:59:59,ev_C,C,21,
20201205164720,2020-12-05 16:47:20,2020-12-05 23:59:59,ev_N,K,1,
20201205164730,2020-12-05 16:47:30,2020-12-05 23:59:59,ev_K,K,3,
20201205164740,2020-12-05 16:47:40,2020-12-05 23:59:59,ev_C,C,10,
20201205164750,2020-12-05 16:47:50,2020-12-05 23:59:59,ev_C,C,22,
20201205164800,2020-12-05 16:48:00,2020-12-05 23:59:59,ev_C,C,7,
20201205164810,2020-12-05 16:48:10,2020-12-05 23:59:59,ev_C,C,7,
20201205164820,2020-12-05 16:48:20,2020-12-05 23:59:59,ev_N,K,3,
20201205164830,2020-12-05 16:48:30,2020-12-05 23:59:59,ev_C,C,5,
20201205164840,2020-12-05 16:48:40,2020-12-05 23:59:59,ev_C,C,25,
20201205164850,2020-12-05 16:48:50,2020-12-05 23:59:59,ev_C,C,5,
20201205164900,2020-12-05 16:49:00,2020-12-05 23:59:59,ev_C,C,13,
20201205164910,2020-12-05 16:49:10,2020-12-05 23:59:59,ev_C,C,1,
20201205164920,2020-12-05 16:49:20,2020-12-05 23:59:59,ev_C,C,14,
20201205164930,2020-12-05 16:49:30,2020-12-05 23:59:59,ev_C,C,12,
20201205164940,2020-12-05 16:49:40,2020-12-05 23:59:59,ev_C,C,22,
20201205164950,2020-12-05 16:49:50,2020-12-05 23:59:59,ev_C,C,8,
20201205165000,2020-12-05 16:50:00,2020-12-05 23:59:59,ev_C,C,13,
20201205165010,2020-12-05 16:50:10,2020-12-05 23:59:59,ev_C,C,5,
20201205165020,2020-12-05 16:50:20,2020-12-05 23:59:59,ev_K,K,1,
20201205165030,2020-12-05 16:50:30,2020-12-05 23:59:59,ev_N,K,3,
20201205165040,2020-12-05 16:50:40,2020-12-05 23:59:59,ev_C,C,1,
20201205165050,2020-12-05 16:50:50,2020-12-05 23:59:59,ev_C,C,11,
20201205165100,2020-12-05 16:51:00,2020-12-05 23:59:59,ev_C,C,13,
20201205165110,2020-12-05 16:51:10,2020-12-05 23:59:59,ev_K,K,2,
20201205165120,2020-12-05 16:51:20,2020-12-05 23:59:59,ev_C,C,2,
20201205165130,2020-12-05 16:51:30,2020-12-05 23:59:59,ev_C,C,7,
20201205165140,2020-12-05 16:51:40,2020-12-05 23:59:59,ev_C,C,25,
20201205165150,2020-12-05 16:51:50,2020-12-05 23:59:59,ev_K,K,5,
20201205165200,2020-12-05 16:52:00,2020-12-05 23:59:59,ev_C,C,22,
20201205165210,2020-12-05 16:52:10,2020-12-05 23:59:59,ev_C,C,4,
20201205165220,2020-12-05 16:52:20,2020-12-05 23:59:59,ev_K,K,5,
20201205165230,2020-12-05 16:52:30,2020-12-05 23:59:59,ev_K,K,4,
20201205165240,2020-12-05 16:52:40,2020-12-05 23:59:59,ev_K,K,1,
20201205165250,2020-12-05 16:52:50,2020-12-05 23:59:59,ev_C,C,12,
20201205165300,2020-12-05 16:53:00,2020-12-05 23:59:59,ev_K,K,3,
20201205165310,2020-12-05 16:53:10,2020-12-05 23:59:59,ev_K,K,4,
20201205165320,2020-12-05 16:53:20,2020-12-05 23:59:59,ev_C,C,21,
20201205165330,2020-12-05 16:53:30,2020-12-05 23:59:59,ev_C,C,2,
20201205165340,2020-12-05 16:53:40,2020-12-05 23:59:59,ev_C,C,23,
20201205165350,2020-12-05 16:53:50,2020-12-05 23:59:59,ev_C,C,7,
20201205165400,2020-12-05 16:54:00,2020-12-05 23:59:59,ev_C,C,8,
20201205165410,2020-12-05 16:54:10,2020-12-05 23:59:59,ev_K,K,3,
20201205165420,2020-12-05 16:54:20,2020-12-05 23:59:59,ev_C,C,11,
20201205165430,2020-12-05 16:54:30,2020-12-05 23:59:59,ev_C,C,14,
20201205165440,2020-12-05 16:54:40,2020-12-05 23:59:59,ev_K,K,3,
20201205165450,2020-12-05 16:54:50,2020-12-05 23:59:59,ev_C,C,3,
20201205165500,2020-12-05 16:55:00,2020-12-05 23:59:59,ev_C,C,12,
20201205165510,2020-12-05 16:55:10,2020-12-05 23:59:59,ev_C,C,14,
20201205165520,2020-12-05 16:55:20,2020-12-05 23:59:59,ev_C,C,6,
20201205165530,2020-12-05 16:55:30,2020-12-05 23:59:59,ev_C,C,8,
20201205165540,2020-12-05 16:55:40,2020-12-05 23:59:59,ev_C,C,1,
20201205165550,2020-12-05 16:55:50,2020-12-05 23:59:59,ev_C,C,25,
20201205165600,2020-12-05 16:56:00,2020-12-05 23:59:59,ev_C,C,22,
20201205165610,2020-12-05 16:56:10,2020-12-05 23:59:59,ev_C,C,21,
20201205165620,2020-12-05 16:56:20,2020-12-05 23:59:59,ev_C,C,25,
20201205165630,2020-12-05 16:56:30,2020-12-05 23:59:59,ev_C,C,3,
20201205165640,2020-12-05 16:56:40,2020-12-05 23:59:59,ev_C,C,25,
20201205165650,2020-12-05 16:56:50,2020-12-05 23:59:59,ev_C,C,8,
20201205165700,2020-12-05 16:57:00,2020-12-05 23:59:59,ev_N,K,5,
20201205165710,2020-12-05 16:57:10,2020-12-05 23:59:59,ev_C,C,11,
20201205165720,2020-12-05 16:57:20,2020-12-05 23:59:59,ev_C,C,23,
20201205165730,2020-12-05 16:57:30,2020-12-05 23:59:59,ev_C,C,15,
20201205165740,2020-12-05 16:57:40,2020-12-05 23:59:59,ev_C,C,13,
20201205165750,2020-12-05 16:57:50,2020-12-05 23:59:59,ev_C,C,24,
20201205165800,2020-12-05 16:58:00,2020-12-05 23:59:59,ev_C,C,10,
20201205165810,2020-12-05 16:58:10,2020-12-05 23:59:59,ev_C,C,21,
20201205165820,2020-12-05 16:58:20,2020-12-05 23:59:59,ev_K,K,1,
20201205165830,2020-12-05 16:58:30,2020-12-05 23:59:59,ev_C,C,10,
20201205165840,2020-12-05 16:58:40,2020-12-05 23:59:59,ev_C,C,13,
20201205165850,2020-12-05 16:58:50,2020-12-05 23:59:59,ev_C,C,7,
20201205165900,2020-12-05 16:59:00,2020-12-05 23:59:59,ev_C,C,24,
20201205165910,2020-12-05 16:59:10,2020-12-05 23:59:59,ev_C,C,14,
20201205165920,2020-12-05 16:59:20,2020-12-05 23:59:59,ev_K,K,3,
20201205165930,2020-12-05 16:59:30,2020-12-05 23:59:59,ev_C,C,6,
20201205165940,2020-12-05 16:59:40,2020-12-05 23:59:59,ev_C,C,25,
20201205165950,2020-12-05 16:59:50,2020-12-05 23:59:59,ev_C,C,25,
20201205170000,2020-12-05 17:00:00,2020-12-05 23:59:59,ev_C,C,7,
20201205170010,2020-12-05 17:00:10,2020-12-05 23:59:59,ev_C,C,12,
20201205170020,2020-12-05 17:00:20,2020-12-05 23:59:59,ev_K,K,1,
20201205170030,2020-12-05 17:00:30,2020-12-05 23:59:59,ev_C,C,13,
20201205170040,2020-12-05 17:00:40,2020-12-05 23:59:59,ev_C,C,22,
20201205170050,2020-12-05 17:00:50,2020-12-05 23:59:59,ev_N,K,4,
20201205170100,2020-12-05 17:01:00,2020-12-05 23:59:59,ev_C,C,14,
20201205170110,2020-12-05 17:01:10,2020-12-05 23:59:59,ev_C,C,24,
20201205170120,2020-12-05 17:01:20,2020-12-05 23:59:59,ev_C,C,6,
20201205170130,2020-12-05 17:01:30,2020-12-05 23:59:59,ev_C,C,9,
20201205170140,2020-12-05 17:01:40,2020-12-05 23:59:59,ev_C,C,11,
20201205170150,2020-12-05 17:01:50,2020-12-05 23:59:59,ev_C,C,21,
20201205170200,2020-12-05 17:02:00,2020-12-05 23:59:59,ev_C,C,21,
20201205170210,2020-12-05 17:02:10,2020-12-05 23:59:59,ev_C,C,14,
20201205170220,2020-12-05 17:02:20,2020-12-05 23:59:59,ev_C,C,3,
20201205170230,2020-12-05 17:02:30,2020-12-05 23:59:59,ev_C,C,6,
20201205170240,2020-12-05 17:02:40,2020-12-05 23:59:59,ev_C,C,4,
20201205170250,2020-12-05 17:02:50,2020-12-05 23:59:59,ev_C,C,12,
20201205170300,2020-12-05 17:03:00,2020-12-05 23:59:59,ev_C,C,15,
20201205170310,2020-12-05 17:03:10,2020-12-05 23:59:59,ev_C,C,23,
20201205170320,2020-12-05 17:03:20,2020-12-05 23:59:59,ev_C,C,2,
20201205170330,2020-12-05 17:03:30,2020-12-05 23:59:59,ev_C,C,14,
20201205170340,2020-12-05 17:03:40,2020-12-05 23:59:59,ev_C,C,22,
20201205170350,2020-12-05 17:03:50,2020-12-05 23:59:59,ev_C,C,8,
20201205170400,2020-12-05 17:04:00,2020-12-05 23:59:59,ev_C,C,23,
20201205170410,2020-12-05 17:04:10,2020-12-05 23:59:59,ev_K,K,1,
20201205170420,2020-12-05 17:04:20,2020-12-05 23:59:59,ev_C,C,4,
20201205170430,2020-12-05 17:04:30,2020-12-05 23:59:59,ev_C,C,6,
20201205170440,2020-12-05 17:04:40,2020-12-05 23:59:59,ev_K,K,4,
20201205170450,2020-12-05 17:04:50,2020-12-05 23:59:59,ev_K,K,2,
20201205170500,2020-12-05 17:05:00,2020-12-05 23:59:59,ev_C,C,22,
20201205170510,2020-12-05 17:05:10,2020-12-05 23:59:59,ev_K,K,2,
20201205170520,2020-12-05 17:05:20,2020-12-05 23:59:59,ev_K,K,5,
20201205170530,2020-12-05 17:05:30,2020-12-05 23:59:59,ev_K,K,4,
20201205170540,2020-12-05 17:05:40,2020-12-05 23:59:59,ev_C,C,15,
20201205170550,2020-12-05 17:05:50,2020-12-05 23:59:59,ev_K,K,1,
20201205170600,2020-12-05 17:06:00,2020-12-05 23:59:59,ev_C,C,6,
20201205170610,2020-12-05 17:06:10,2020-12-05 23:59:59,ev_C,C,1,
20201205170620,2020-12-05 17:06:20,2020-12-05 23:59:59,ev_C,C,14,
20201205170630,2020-12-05 17:06:30,2020-12-05 23:59:59,ev_C,C,1,
20201205170640,2020-12-05 17:06:40,2020-12-05 23:59:59,ev_C,C,13,
20201205170650,2020-12-05 17:06:50,2020-12-05 23:59:59,ev_C,C,10,
20201205170700,2020-12-05 17:07:00,2020-12-05 23:59:59,ev_C,C,21,
20201205170710,2020-12-05 17:07:10,2020-12-05 23:59:59,ev_C,C,22,
20201205170720,2020-12-05 17:07:20,2020-12-05 23:59:59,ev_C,C,21,
20201205170730,2020-12-05 17:07:30,2020-12-05 23:59:59,ev_C,C,8,
20201205170740,2020-12-05 17:07:40,2020-12-05 23:59:59,ev_N,K,3,
20201205170750,2020-12-05 17:07:50,2020-12-05 23:59:59,ev_C,C,5,
20201205170800,2020-12-05 17:08:00,2020-12-05 23:59:59,ev_C,C,1,
20201205170810,2020-12-05 17:08:10,2020-12-05 23:59:59,ev_C,C,2,
20201205170820,2020-12-05 17:08:20,2020-12-05 23:59:59,ev_C,C,11,
20201205170830,2020-12-05 17:08:30,2020-12-05 23:59:59,ev_C,C,5,
20201205170840,2020-12-05 17:08:40,2020-12-05 23:59:59,ev_C,C,8,
20201205170850,2020-12-05 17:08:50,2020-12-05 23:59:59,ev_C,C,21,
20201205170900,2020-12-05 17:09:00,2020-12-05 23:59:59,ev_C,C,3,
20201205170910,2020-12-05 17:09:10,2020-12-05 23:59:59,ev_K,K,3,
20201205170920,2020-12-05 17:09:20,2020-12-05 23:59:59,ev_N,K,4,
20201205170930,2020-12-05 17:09:30,2020-12-05 23:59:59,ev_C,C,13,
20201205170940,2020-12-05 17:09:40,2020-12-05 23:59:59,ev_C,C,21,
20201205170950,2020-12-05 17:09:50,2020-12-05 23:59:59,ev_C,C,1,
20201205171000,2020-12-05 17:10:00,2020-12-05 23:59:59,ev_N,K,4,
20201205171010,2020-12-05 17:10:10,2020-12-05 23:59:59,ev_C,C,21,
20201205171020,2020-12-05 17:10:20,2020-12-05 23:59:59,ev_C,C,6,
20201205171030,2020-12-05 17:10:30,2020-12-05 23:59:59,ev_C,C,6,
20201205171040,2020-12-05 17:10:40,2020-12-05 23:59:59,ev_K,K,2,
20201205171050,2020-12-05 17:10:50,2020-12-05 23:59:59,ev_C,C,4,
20201205171100,2020-12-05 17:11:00,2020-12-05 23:59:59,ev_C,C,21,
20201205171110,2020-12-05 17:11:10,2020-12-05 23:59:59,ev_C,C,22,
20201205171120,2020-12-05 17:11:20,2020-12-05 23:59:59,ev_C,C,14,
20201205171130,2020-12-05 17:11:30,2020-12-05 23:59:59,ev_C,C,1,
20201205171140,2020-12-05 17:11:40,2020-12-05 23:59:59,ev_C,C,9,
20201205171150,2020-12-05 17:11:50,2020-12-05 23:59:59,ev_C,C,24,
20201205171200,2020-12-05 17:12:00,2020-12-05 23:59:59,ev_C,C,21,
20201205171210,2020-12-05 17:12:10,2020-12-05 23:59:59,ev_C,C,5,
20201205171220,2020-12-05 17:12:20,2020-12-05 23:59:59,ev_C,C,22,
20201205171230,2020-12-05 17:12:30,2020-12-05 23:59:59,ev_C,C,6,
20201205171240,2020-12-05 17:12:40,2020-12-05 23:59:59,ev_C,C,12,
20201205171250,2020-12-05 17:12:50,2020-12-05 23:59:59,ev_C,C,11,
20201205171300,2020-12-05 17:13:00,2020-12-05 23:59:59,ev_C,C,11,
20201205171310,2020-12-05 17:13:10,2020-12-05 23:59:59,ev_C,C,21,
20201205171320,2020-12-05 17:13:20,2020-12-05 23:59:59,ev_C,C,21,
20201205171330,2020-12-05 17:13:30,2020-12-05 23:59:59,ev_C,C,4,
20201205171340,2020-12-05 17:13:40,2020-12-05 23:59:59,ev_K,K,3,
20201205171350,2020-12-05 17:13:50,2020-12-05 23:59:59,ev_K,K,1,
20201205171400,2020-12-05 17:14:00,2020-12-05 23:59:59,ev_C,C,7,
20201205171410,2020-12-05 17:14:10,2020-12-05 23:59:59,ev_C,C,10,
20201205171420,2020-12-05 17:14:20,2020-12-05 23:59:59,ev_C,C,6,
20201205171430,2020-12-05 17:14:30,2020-12-05 23:59:59,ev_C,C,2,
20201205171440,2020-12-05 17:14:40,2020-12-05 23:59:59,ev_C,C,8,
20201205171450,2020-12-05 17:14:50,2020-12-05 23:59:59,ev_C,C,24,
20201205171500,2020-12-05 17:15:00,2020-12-05 23:59:59,ev_C,C,21,
20201205171510,2020-12-05 17:15:10,2020-12-05 23:59:59,ev_K,K,1,
20201205171520,2020-12-05 17:15:20,2020-12-05 23:59:59,ev_K,K,3,
20201205171530,2020-12-05 17:15:30,2020-12-05 23:59:59,ev_C,C,12,
20201205171540,2020-12-05 17:15:40,2020-12-05 23:59:59,ev_C,C,6,
20201205171550,2020-12-05 17:15:50,2020-12-05 23:59:59,ev_C,C,23,
20201205171600,2020-12-05 17:16:00,2020-12-05 23:59:59,ev_C,C,23,
20201205171610,2020-12-05 17:16:10,2020-12-05 23:59:59,ev_C,C,22,
20201205171620,2020-12-05 17:16:20,2020-12-05 23:59:59,ev_C,C,12,
20201205171630,2020-12-05 17:16:30,2020-12-05 23:59:59,ev_C,C,15,
20201205171640,2020-12-05 17:16:40,2020-12-05 23:59:59,ev_C,C,25,
20201205171650,2020-12-05 17:16:50,2020-12-05 23:59:59,ev_C,C,10,
20201205171700,2020-12-05 17:17:00,2020-12-05 23:59:59,ev_C,C,2,
20201205171710,2020-12-05 17:17:10,2020-12-05 23:59:59,ev_C,C,12,
20201205171720,2020-12-05 17:17:20,2020-12-05 23:59:59,ev_C,C,2,
20201205171730,2020-12-05 17:17:30,2020-12-05 23:59:59,ev_C,C,21,
20201205171740,2020-12-05 17:17:40,2020-12-05 23:59:59,ev_C,C,23,
20201205171750,2020-12-05 17:17:50,2020-12-05 23:59:59,ev_C,C,8,
20201205171800,2020-12-05 17:18:00,2020-12-05 23:59:59,ev_K,K,3,
20201205171810,2020-12-05 17:18:10,2020-12-05 23:59:59,ev_C,C,5,
20201205171820,2020-12-05 17:18:20,2020-12-05 23:59:59,ev_C,C,11,
20201205171830,2020-12-05 17:18:30,2020-12-05 23:59:59,ev_N,K,4,
20201205171840,2020-12-05 17:18:40,2020-12-05 23:59:59,ev_K,K,3,
20201205171850,2020-12-05 17:18:50,2020-12-05 23:59:59,ev_C,C,21,
20201205171900,2020-12-05 17:19:00,2020-12-05 23:59:59,ev_C,C,14,
20201205171910,2020-12-05 17:19:10,2020-12-05 23:59:59,ev_C,C,24,
20201205171920,2020-12-05 17:19:20,2020-12-05 23:59:59,ev_C,C,13,
20201205171930,2020-12-05 17:19:30,2020-12-05 23:59:59,ev_C,C,23,
20201205171940,2020-12-05 17:19:40,2020-12-05 23:59:59,ev_K,K,4,
20201205171950,2020-12-05 17:19:50,2020-12-05 23:59:59,ev_N,K,1,
20201205172000,2020-12-05 17:20:00,2020-12-05 23:59:59,ev_C,C,1,
20201205172010,2020-12-05 17:20:10,2020-12-05 23:59:59,ev_N,K,3,
20201205172020,2020-12-05 17:20:20,2020-12-05 23:59:59,ev_C,C,21,
20201205172030,2020-12-05 17:20:30,2020-12-05 23:59:59,ev_K,K,3,
20201205172040,2020-12-05 17:20:40,2020-12-05 23:59:59,ev_N,K,2,
20201205172050,2020-12-05 17:20:50,2020-12-05 23:59:59,ev_C,C,24,
20201205172100,2020-12-05 17:21:00,2020-12-05 23:59:59,ev_C,C,21,
20201205172110,2020-12-05 17:21:10,2020-12-05 23:59:59,ev_C,C,21,
20201205172120,2020-12-05 17:21:20,2020-12-05 23:59:59,ev_C,C,23,
20201205172130,2020-12-05 17:21:30,2020-12-05 23:59:59,ev_C,C,1,
20201205172140,2020-12-05 17:21:40,2020-12-05 23:59:59,ev_K,K,5,
20201205172150,2020-12-05 17:21:50,2020-12-05 23:59:59,ev_K,K,3,
20201205172200,2020-12-05 17:22:00,2020-12-05 23:59:59,ev_C,C,1,
20201205172210,2020-12-05 17:22:10,2020-12-05 23:59:59,ev_C,C,3,
20201205172220,2020-12-05 17:22:20,2020-12-05 23:59:59,ev_C,C,4,
20201205172230,2020-12-05 17:22:30,2020-12-05 23:59:59,ev_K,K,1,
20201205172240,2020-12-05 17:22:40,2020-12-05 23:59:59,ev_K,K,4,
20201205172250,2020-12-05 17:22:50,2020-12-05 23:59:59,ev_C,C,9,
20201205172300,2020-12-05 17:23:00,2020-12-05 23:59:59,ev_N,K,5,
20201205172310,2020-12-05 17:23:10,2020-12-05 23:59:59,ev_C,C,24,
20201205172320,2020-12-05 17:23:20,2020-12-05 23:59:59,ev_C,C,14,
20201205172330,2020-12-05 17:23:30,2020-12-05 23:59:59,ev_C,C,6,
20201205172340,2020-12-05 17:23:40,2020-12-05 23:59:59,ev_C,C,12,
20201205172350,2020-12-05 17:23:50,2020-12-05 23:59:59,ev_C,C,9,
20201205172400,2020-12-05 17:24:00,2020-12-05 23:59:59,ev_C,C,12,
20201205172410,2020-12-05 17:24:10,2020-12-05 23:59:59,ev_C,C,6,
20201205172420,2020-12-05 17:24:20,2020-12-05 23:59:59,ev_N,K,4,
20201205172430,2020-12-05 17:24:30,2020-12-05 23:59:59,ev_C,C,25,
20201205172440,2020-12-05 17:24:40,2020-12-05 23:59:59,ev_C,C,21,
20201205172450,2020-12-05 17:24:50,2020-12-05 23:59:59,ev_C,C,5,
20201205172500,2020-12-05 17:25:00,2020-12-05 23:59:59,ev_K,K,5,
20201205172510,2020-12-05 17:25:10,2020-12-05 23:59:59,ev_C,C,10,
20201205172520,2020-12-05 17:25:20,2020-12-05 23:59:59,ev_C,C,23,
20201205172530,2020-12-05 17:25:30,2020-12-05 23:59:59,ev_C,C,7,
20201205172540,2020-12-05 17:25:40,2020-12-05 23:59:59,ev_C,C,8,
20201205172550,2020-12-05 17:25:50,2020-12-05 23:59:59,ev_C,C,8,
20201205172600,2020-12-05 17:26:00,2020-12-05 23:59:59,ev_C,C,15,
20201205172610,2020-12-05 17:26:10,2020-12-05 23:59:59,ev_K,K,3,
20201205172620,2020-12-05 17:26:20,2020-12-05 23:59:59,ev_C,C,25,
20201205172630,2020-12-05 17:26:30,2020-12-05 23:59:59,ev_C,C,11,
20201205172640,2020-12-05 17:26:40,2020-12-05 23:59:59,ev_C,C,22,
20201205172650,2020-12-05 17:26:50,2020-12-05 23:59:59,ev_C,C,7,
20201205172700,2020-12-05 17:27:00,2020-12-05 23:59:59,ev_C,C,2,
20201205172710,2020-12-05 17:27:10,2020-12-05 23:59:59,ev_C,C,15,
20201205172720,2020-12-05 17:27:20,2020-12-05 23:59:59,ev_K,K,2,
20201205172730,2020-12-05 17:27:30,2020-12-05 23:59:59,ev_C,C,9,
20201205172740,2020-12-05 17:27:40,2020-12-05 23:59:59,ev_C,C,8,
20201205172750,2020-12-05 17:27:50,2020-12-05 23:59:59,ev_K,K,4,
20201205172800,2020-12-05 17:28:00,2020-12-05 23:59:59,ev_C,C,12,
20201205172810,2020-12-05 17:28:10,2020-12-05 23:59:59,ev_N,K,4,
20201205172820,2020-12-05 17:28:20,2020-12-05 23:59:59,ev_C,C,5,
20201205172830,2020-12-05 17:28:30,2020-12-05 23:59:59,ev_N,K,1,
20201205172840,2020-12-05 17:28:40,2020-12-05 23:59:59,ev_C,C,10,
20201205172850,2020-12-05 17:28:50,2020-12-05 23:59:59,ev_C,C,22,
20201205172900,2020-12-05 17:29:00,2020-12-05 23:59:59,ev_K,K,1,
20201205172910,2020-12-05 17:29:10,2020-12-05 23:59:59,ev_C,C,10,
20201205172920,2020-12-05 17:29:20,2020-12-05 23:59:59,ev_C,C,12,
20201205172930,2020-12-05 17:29:30,2020-12-05 23:59:59,ev_C,C,5,
20201205172940,2020-12-05 17:29:40,2020-12-05 23:59:59,ev_K,K,4,
20201205172950,2020-12-05 17:29:50,2020-12-05 23:59:59,ev_N,K,5,
20201205173000,2020-12-05 17:30:00,2020-12-05 23:59:59,ev_C,C,13,
20201205173010,2020-12-05 17:30:10,2020-12-05 23:59:59,ev_C,C,12,
20201205173020,2020-12-05 17:30:20,2020-12-05 23:59:59,ev_N,K,1,
20201205173030,2020-12-05 17:30:30,2020-12-05 23:59:59,ev_C,C,25,
20201205173040,2020-12-05 17:30:40,2020-12-05 23:59:59,ev_C,C,10,
20201205173050,2020-12-05 17:30:50,2020-12-05 23:59:59,ev_C,C,15,
20201205173100,2020-12-05 17:31:00,2020-12-05 23:59:59,ev_K,K,5,
20201205173110,2020-12-05 17:31:10,2020-12-05 23:59:59,ev_K,K,1,
20201205173120,2020-12-05 17:31:20,2020-12-05 23:59:59,ev_K,K,1,
20201205173130,2020-12-05 17:31:30,2020-12-05 23:59:59,ev_C,C,12,
20201205173140,2020-12-05 17:31:40,2020-12-05 23:59:59,ev_C,C,5,
20201205173150,2020-12-05 17:31:50,2020-12-05 23:59:59,ev_C,C,1,
20201205173200,2020-12-05 17:32:00,2020-12-05 23:59:59,ev_C,C,11,
20201205173210,2020-12-05 17:32:10,2020-12-05 23:59:59,ev_C,C,24,
20201205173220,2020-12-05 17:32:20,2020-12-05 23:59:59,ev_C,C,3,
20201205173230,2020-12-05 17:32:30,2020-12-05 23:59:59,ev_N,K,3,
20201205173240,2020-12-05 17:32:40,2020-12-05 23:59:59,ev_C,C,12,
20201205173250,2020-12-05 17:32:50,2020-12-05 23:59:59,ev_C,C,11,
20201205173300,2020-12-05 17:33:00,2020-12-05 23:59:59,ev_C,C,4,
20201205173310,2020-12-05 17:33:10,2020-12-05 23:59:59,ev_C,C,7,
20201205173320,2020-12-05 17:33:20,2020-12-05 23:59:59,ev_K,K,1,
20201205173330,2020-12-05 17:33:30,2020-12-05 23:59:59,ev_C,C,13,
20201205173340,2020-12-05 17:33:40,2020-12-05 23:59:59,ev_N,K,1,
20201205173350,2020-12-05 17:33:50,2020-12-05 23:59:59,ev_C,C,12,
20201205173400,2020-12-05 17:34:00,2020-12-05 23:59:59,ev_C,C,13,
20201205173410,2020-12-05 17:34:10,2020-12-05 23:59:59,ev_K,K,2,
20201205173420,2020-12-05 17:34:20,2020-12-05 23:59:59,ev_C,C,10,
20201205173430,2020-12-05 17:34:30,2020-12-05 23:59:59,ev_C,C,5,
20201205173440,2020-12-05 17:34:40,2020-12-05 23:59:59,ev_C,C,22,
20201205173450,2020-12-05 17:34:50,2020-12-05 23:59:59,ev_K,K,1,
20201205173500,2020-12-05 17:35:00,2020-12-05 23:59:59,ev_C,C,23,
20201205173510,2020-12-05 17:35:10,2020-12-05 23:59:59,ev_C,C,8,
20201205173520,2020-12-05 17:35:20,2020-12-05 23:59:59,ev_K,K,3,
20201205173530,2020-12-05 17:35:30,2020-12-05 23:59:59,ev_C,C,14,
20201205173540,2020-12-05 17:35:40,2020-12-05 23:59:59,ev_C,C,14,
20201205173550,2020-12-05 17:35:50,2020-12-05 23:59:59,ev_K,K,4,
20201205173600,2020-12-05 17:36:00,2020-12-05 23:59:59,ev_C,C,24,
20201205173610,2020-12-05 17:36:10,2020-12-05 23:59:59,ev_C,C,4,
20201205173620,2020-12-05 17:36:20,2020-12-05 23:59:59,ev_K,K,4,
20201205173630,2020-12-05 17:36:30,2020-12-05 23:59:59,ev_K,K,4,
20201205173640,2020-12-05 17:36:40,2020-12-05 23:59:59,ev_C,C,2,
20201205173650,2020-12-05 17:36:50,2020-12-05 23:59:59,ev_N,K,1,
20201205173700,2020-12-05 17:37:00,2020-12-05 23:59:59,ev_C,C,13,
20201205173710,2020-12-05 17:37:10,2020-12-05 23:59:59,ev_C,C,15,
20201205173720,2020-12-05 17:37:20,2020-12-05 23:59:59,ev_C,C,13,
20201205173730,2020-12-05 17:37:30,2020-12-05 23:59:59,ev_C,C,4,
20201205173740,2020-12-05 17:37:40,2020-12-05 23:59:59,ev_K,K,4,
20201205173750,2020-12-05 17:37:50,2020-12-05 23:59:59,ev_C,C,6,
20201205173800,2020-12-05 17:38:00,2020-12-05 23:59:59,ev_C,C,25,
20201205173810,2020-12-05 17:38:10,2020-12-05 23:59:59,ev_C,C,7,
20201205173820,2020-12-05 17:38:20,2020-12-05 23:59:59,ev_C,C,15,
20201205173830,2020-12-05 17:38:30,2020-12-05 23:59:59,ev_C,C,8,
20201205173840,2020-12-05 17:38:40,2020-12-05 23:59:59,ev_K,K,5,
20201205173850,2020-12-05 17:38:50,2020-12-05 23:59:59,ev_K,K,2,
20201205173900,2020-12-05 17:39:00,2020-12-05 23:59:59,ev_C,C,5,
20201205173910,2020-12-05 17:39:10,2020-12-05 23:59:59,ev_C,C,14,
20201205173920,2020-12-05 17:39:20,2020-12-05 23:59:59,ev_C,C,14,
20201205173930,2020-12-05 17:39:30,2020-12-05 23:59:59,ev_C,C,7,
20201205173940,2020-12-05 17:39:40,2020-12-05 23:59:59,ev_K,K,2,
20201205173950,2020-12-05 17:39:50,2020-12-05 23:59:59,ev_C,C,22,
20201205174000,2020-12-05 17:40:00,2020-12-05 23:59:59,ev_C,C,23,
20201205174010,2020-12-05 17:40:10,2020-12-05 23:59:59,ev_K,K,5,
20201205174020,2020-12-05 17:40:20,2020-12-05 23:59:59,ev_K,K,1,
20201205174030,2020-12-05 17:40:30,2020-12-05 23:59:59,ev_C,C,22,
20201205174040,2020-12-05 17:40:40,2020-12-05 23:59:59,ev_C,C,25,
20201205174050,2020-12-05 17:40:50,2020-12-05 23:59:59,ev_C,C,21,
20201205174100,2020-12-05 17:41:00,2020-12-05 23:59:59,ev_K,K,3,
20201205174110,2020-12-05 17:41:10,2020-12-05 23:59:59,ev_K,K,2,
20201205174120,2020-12-05 17:41:20,2020-12-05 23:59:59,ev_K,K,5,
20201205174130,2020-12-05 17:41:30,2020-12-05 23:59:59,ev_C,C,12,
20201205174140,2020-12-05 17:41:40,2020-12-05 23:59:59,ev_C,C,7,
20201205174150,2020-12-05 17:41:50,2020-12-05 23:59:59,ev_N,K,2,
20201205174200,2020-12-05 17:42:00,2020-12-05 23:59:59,ev_C,C,24,
20201205174210,2020-12-05 17:42:10,2020-12-05 23:59:59,ev_C,C,14,
20201205174220,2020-12-05 17:42:20,2020-12-05 23:59:59,ev_K,K,5,
20201205174230,2020-12-05 17:42:30,2020-12-05 23:59:59,ev_K,K,4,
20201205174240,2020-12-05 17:42:40,2020-12-05 23:59:59,ev_C,C,21,
20201205174250,2020-12-05 17:42:50,2020-12-05 23:59:59,ev_C,C,6,
20201205174300,2020-12-05 17:43:00,2020-12-05 23:59:59,ev_N,K,5,
20201205174310,2020-12-05 17:43:10,2020-12-05 23:59:59,ev_K,K,3,
20201205174320,2020-12-05 17:43:20,2020-12-05 23:59:59,ev_C,C,7,
20201205174330,2020-12-05 17:43:30,2020-12-05 23:59:59,ev_C,C,13,
20201205174340,2020-12-05 17:43:40,2020-12-05 23:59:59,ev_N,K,3,
20201205174350,2020-12-05 17:43:50,2020-12-05 23:59:59,ev_N,K,3,
20201205174400,2020-12-05 17:44:00,2020-12-05 23:59:59,ev_C,C,1,
20201205174410,2020-12-05 17:44:10,2020-12-05 23:59:59,ev_N,K,5,
20201205174420,2020-12-05 17:44:20,2020-12-05 23:59:59,ev_C,C,2,
20201205174430,2020-12-05 17:44:30,2020-12-05 23:59:59,ev_C,C,1,
20201205174440,2020-12-05 17:44:40,2020-12-05 23:59:59,ev_C,C,11,
20201205174450,2020-12-05 17:44:50,2020-12-05 23:59:59,ev_C,C,10,
20201205174500,2020-12-05 17:45:00,2020-12-05 23:59:59,ev_C,C,15,
20201205174510,2020-12-05 17:45:10,2020-12-05 23:59:59,ev_C,C,8,
20201205174520,2020-12-05 17:45:20,2020-12-05 23:59:59,ev_C,C,10,
20201205174530,2020-12-05 17:45:30,2020-12-05 23:59:59,ev_K,K,5,
20201205174540,2020-12-05 17:45:40,2020-12-05 23:59:59,ev_K,K,5,
20201205174550,2020-12-05 17:45:50,2020-12-05 23:59:59,ev_N,K,4,
20201205174600,2020-12-05 17:46:00,2020-12-05 23:59:59,ev_C,C,2,
20201205174610,2020-12-05 17:46:10,2020-12-05 23:59:59,ev_K,K,2,
20201205174620,2020-12-05 17:46:20,2020-12-05 23:59:59,ev_N,K,1,
20201205174630,2020-12-05 17:46:30,2020-12-05 23:59:59,ev_C,C,3,
20201205174640,2020-12-05 17:46:40,2020-12-05 23:59:59,ev_C,C,24,
20201205174650,2020-12-05 17:46:50,2020-12-05 23:59:59,ev_K,K,1,
20201205174700,2020-12-05 17:47:00,2020-12-05 23:59:59,ev_C,C,10,
20201205174710,2020-12-05 17:47:10,2020-12-05 23:59:59,ev_C,C,11,
20201205174720,2020-12-05 17:47:20,2020-12-05 23:59:59,ev_C,C,14,
20201205174730,2020-12-05 17:47:30,2020-12-05 23:59:59,ev_C,C,14,
20201205174740,2020-12-05 17:47:40,2020-12-05 23:59:59,ev_C,C,25,
20201205174750,2020-12-05 17:47:50,2020-12-05 23:59:59,ev_C,C,3,
20201205174800,2020-12-05 17:48:00,2020-12-05 23:59:59,ev_N,K,5,
20201205174810,2020-12-05 17:48:10,2020-12-05 23:59:59,ev_C,C,22,
20201205174820,2020-12-05 17:48:20,2020-12-05 23:59:59,ev_C,C,1,
20201205174830,2020-12-05 17:48:30,2020-12-05 23:59:59,ev_C,C,13,
20201205174840,2020-12-05 17:48:40,2020-12-05 23:59:59,ev_C,C,9,
20201205174850,2020-12-05 17:48:50,2020-12-05 23:59:59,ev_C,C,3,
20201205174900,2020-12-05 17:49:00,2020-12-05 23:59:59,ev_K,K,4,
20201205174910,2020-12-05 17:49:10,2020-12-05 23:59:59,ev_C,C,22,
20201205174920,2020-12-05 17:49:20,2020-12-05 23:59:59,ev_C,C,24,
20201205174930,2020-12-05 17:49:30,2020-12-05 23:59:59,ev_K,K,2,
20201205174940,2020-12-05 17:49:40,2020-12-05 23:59:59,ev_K,K,4,
20201205174950,2020-12-05 17:49:50,2020-12-05 23:59:59,ev_C,C,5,
20201205175000,2020-12-05 17:50:00,2020-12-05 23:59:59,ev_C,C,7,
20201205175010,2020-12-05 17:50:10,2020-12-05 23:59:59,ev_K,K,4,
20201205175020,2020-12-05 17:50:20,2020-12-05 23:59:59,ev_C,C,24,
20201205175030,2020-12-05 17:50:30,2020-12-05 23:59:59,ev_C,C,3,
20201205175040,2020-12-05 17:50:40,2020-12-05 23:59:59,ev_C,C,21,
20201205175050,2020-12-05 17:50:50,2020-12-05 23:59:59,ev_K,K,5,
20201205175100,2020-12-05 17:51:00,2020-12-05 23:59:59,ev_N,K,5,
20201205175110,2020-12-05 17:51:10,2020-12-05 23:59:59,ev_C,C,15,
20201205175120,2020-12-05 17:51:20,2020-12-05 23:59:59,ev_C,C,10,
20201205175130,2020-12-05 17:51:30,2020-12-05 23:59:59,ev_C,C,25,
20201205175140,2020-12-05 17:51:40,2020-12-05 23:59:59,ev_C,C,24,
20201205175150,2020-12-05 17:51:50,2020-12-05 23:59:59,ev_C,C,24,
20201205175200,2020-12-05 17:52:00,2020-12-05 23:59:59,ev_C,C,14,
20201205175210,2020-12-05 17:52:10,2020-12-05 23:59:59,ev_C,C,24,
20201205175220,2020-12-05 17:52:20,2020-12-05 23:59:59,ev_C,C,23,
20201205175230,2020-12-05 17:52:30,2020-12-05 23:59:59,ev_N,K,4,
20201205175240,2020-12-05 17:52:40,2020-12-05 23:59:59,ev_C,C,25,
20201205175250,2020-12-05 17:52:50,2020-12-05 23:59:59,ev_C,C,3,
20201205175300,2020-12-05 17:53:00,2020-12-05 23:59:59,ev_C,C,12,
20201205175310,2020-12-05 17:53:10,2020-12-05 23:59:59,ev_C,C,12,
20201205175320,2020-12-05 17:53:20,2020-12-05 23:59:59,ev_C,C,9,
20201205175330,2020-12-05 17:53:30,2020-12-05 23:59:59,ev_C,C,11,
20201205175340,2020-12-05 17:53:40,2020-12-05 23:59:59,ev_C,C,14,
20201205175350,2020-12-05 17:53:50,2020-12-05 23:59:59,ev_C,C,21,
20201205175400,2020-12-05 17:54:00,2020-12-05 23:59:59,ev_C,C,24,
20201205175410,2020-12-05 17:54:10,2020-12-05 23:59:59,ev_C,C,25,
20201205175420,2020-12-05 17:54:20,2020-12-05 23:59:59,ev_C,C,9,
20201205175430,2020-12-05 17:54:30,2020-12-05 23:59:59,ev_C,C,14,
20201205175440,2020-12-05 17:54:40,2020-12-05 23:59:59,ev_C,C,12,
20201205175450,2020-12-05 17:54:50,2020-12-05 23:59:59,ev_C,C,15,
20201205175500,2020-12-05 17:55:00,2020-12-05 23:59:59,ev_K,K,3,
20201205175510,2020-12-05 17:55:10,2020-12-05 23:59:59,ev_C,C,2,
20201205175520,2020-12-05 17:55:20,2020-12-05 23:59:59,ev_C,C,8,
20201205175530,2020-12-05 17:55:30,2020-12-05 23:59:59,ev_N,K,2,
20201205175540,2020-12-05 17:55:40,2020-12-05 23:59:59,ev_C,C,3,
20201205175550,2020-12-05 17:55:50,2020-12-05 23:59:59,ev_K,K,1,
20201205175600,2020-12-05 17:56:00,2020-12-05 23:59:59,ev_K,K,1,
20201205175610,2020-12-05 17:56:10,2020-12-05 23:59:59,ev_C,C,3,
20201205175620,2020-12-05 17:56:20,2020-12-05 23:59:59,ev_C,C,22,
20201205175630,2020-12-05 17:56:30,2020-12-05 23:59:59,ev_C,C,13,
20201205175640,2020-12-05 17:56:40,2020-12-05 23:59:59,ev_C,C,5,
20201205175650,2020-12-05 17:56:50,2020-12-05 23:59:59,ev_C,C,24,
20201205175700,2020-12-05 17:57:00,2020-12-05 23:59:59,ev_C,C,23,
20201205175710,2020-12-05 17:57:10,2020-12-05 23:59:59,ev_N,K,4,
20201205175720,2020-12-05 17:57:20,2020-12-05 23:59:59,ev_C,C,11,
20201205175730,2020-12-05 17:57:30,2020-12-05 23:59:59,ev_C,C,8,
20201205175740,2020-12-05 17:57:40,2020-12-05 23:59:59,ev_C,C,15,
20201205175750,2020-12-05 17:57:50,2020-12-05 23:59:59,ev_C,C,2,
20201205175800,2020-12-05 17:58:00,2020-12-05 23:59:59,ev_C,C,7,
20201205175810,2020-12-05 17:58:10,2020-12-05 23:59:59,ev_C,C,14,
20201205175820,2020-12-05 17:58:20,2020-12-05 23:59:59,ev_C,C,13,
20201205175830,2020-12-05 17:58:30,2020-12-05 23:59:59,ev_C,C,14,
20201205175840,2020-12-05 17:58:40,2020-12-05 23:59:59,ev_C,C,21,
20201205175850,2020-12-05 17:58:50,2020-12-05 23:59:59,ev_K,K,3,
20201205175900,2020-12-05 17:59:00,2020-12-05 23:59:59,ev_K,K,4,
20201205175910,2020-12-05 17:59:10,2020-12-05 23:59:59,ev_C,C,15,
20201205175920,2020-12-05 17:59:20,2020-12-05 23:59:59,ev_C,C,11,
20201205175930,2020-12-05 17:59:30,2020-12-05 23:59:59,ev_C,C,24,
20201205175940,2020-12-05 17:59:40,2020-12-05 23:59:59,ev_K,K,3,
20201205175950,2020-12-05 17:59:50,2020-12-05 23:59:59,ev_C,C,23,
20201205180000,2020-12-05 18:00:00,2020-12-05 23:59:59,ev_C,C,12,
20201205180010,2020-12-05 18:00:10,2020-12-05 23:59:59,ev_K,K,2,
20201205180020,2020-12-05 18:00:20,2020-12-05 23:59:59,ev_K,K,3,
20201205180030,2020-12-05 18:00:30,2020-12-05 23:59:59,ev_C,C,1,
20201205180040,2020-12-05 18:00:40,2020-12-05 23:59:59,ev_C,C,11,
20201205180050,2020-12-05 18:00:50,2020-12-05 23:59:59,ev_K,K,2,
20201205180100,2020-12-05 18:01:00,2020-12-05 23:59:59,ev_K,K,4,
20201205180110,2020-12-05 18:01:10,2020-12-05 23:59:59,ev_C,C,8,
20201205180120,2020-12-05 18:01:20,2020-12-05 23:59:59,ev_C,C,12,
20201205180130,2020-12-05 18:01:30,2020-12-05 23:59:59,ev_K,K,5,
20201205180140,2020-12-05 18:01:40,2020-12-05 23:59:59,ev_N,K,4,
20201205180150,2020-12-05 18:01:50,2020-12-05 23:59:59,ev_C,C,6,
20201205180200,2020-12-05 18:02:00,2020-12-05 23:59:59,ev_C,C,23,
20201205180210,2020-12-05 18:02:10,2020-12-05 23:59:59,ev_C,C,7,
20201205180220,2020-12-05 18:02:20,2020-12-05 23:59:59,ev_C,C,2,
20201205180230,2020-12-05 18:02:30,2020-12-05 23:59:59,ev_C,C,12,
20201205180240,2020-12-05 18:02:40,2020-12-05 23:59:59,ev_C,C,9,
20201205180250,2020-12-05 18:02:50,2020-12-05 23:59:59,ev_C,C,10,
20201205180300,2020-12-05 18:03:00,2020-12-05 23:59:59,ev_K,K,5,
20201205180310,2020-12-05 18:03:10,2020-12-05 23:59:59,ev_C,C,10,
20201205180320,2020-12-05 18:03:20,2020-12-05 23:59:59,ev_C,C,22,
20201205180330,2020-12-05 18:03:30,2020-12-05 23:59:59,ev_K,K,2,
20201205180340,2020-12-05 18:03:40,2020-12-05 23:59:59,ev_C,C,14,
20201205180350,2020-12-05 18:03:50,2020-12-05 23:59:59,ev_C,C,4,
20201205180400,2020-12-05 18:04:00,2020-12-05 23:59:59,ev_C,C,7,
20201205180410,2020-12-05 18:04:10,2020-12-05 23:59:59,ev_K,K,2,
20201205180420,2020-12-05 18:04:20,2020-12-05 23:59:59,ev_C,C,8,
20201205180430,2020-12-05 18:04:30,2020-12-05 23:59:59,ev_N,K,2,
20201205180440,2020-12-05 18:04:40,2020-12-05 23:59:59,ev_K,K,5,
20201205180450,2020-12-05 18:04:50,2020-12-05 23:59:59,ev_K,K,5,
20201205180500,2020-12-05 18:05:00,2020-12-05 23:59:59,ev_C,C,15,
20201205180510,2020-12-05 18:05:10,2020-12-05 23:59:59,ev_C,C,2,
20201205180520,2020-12-05 18:05:20,2020-12-05 23:59:59,ev_K,K,5,
20201205180530,2020-12-05 18:05:30,2020-12-05 23:59:59,ev_K,K,3,
20201205180540,2020-12-05 18:05:40,2020-12-05 23:59:59,ev_C,C,7,
20201205180550,2020-12-05 18:05:50,2020-12-05 23:59:59,ev_C,C,15,
20201205180600,2020-12-05 18:06:00,2020-12-05 23:59:59,ev_K,K,3,
20201205180610,2020-12-05 18:06:10,2020-12-05 23:59:59,ev_K,K,3,
20201205180620,2020-12-05 18:06:20,2020-12-05 23:59:59,ev_C,C,6,
20201205180630,2020-12-05 18:06:30,2020-12-05 23:59:59,ev_C,C,2,
20201205180640,2020-12-05 18:06:40,2020-12-05 23:59:59,ev_C,C,22,
20201205180650,2020-12-05 18:06:50,2020-12-05 23:59:59,ev_C,C,7,
20201205180700,2020-12-05 18:07:00,2020-12-05 23:59:59,ev_C,C,9,
20201205180710,2020-12-05 18:07:10,2020-12-05 23:59:59,ev_C,C,8,
20201205180720,2020-12-05 18:07:20,2020-12-05 23:59:59,ev_C,C,9,
20201205180730,2020-12-05 18:07:30,2020-12-05 23:59:59,ev_K,K,4,
20201205180740,2020-12-05 18:07:40,2020-12-05 23:59:59,ev_N,K,5,
20201205180750,2020-12-05 18:07:50,2020-12-05 23:59:59,ev_C,C,24,
20201205180800,2020-12-05 18:08:00,2020-12-05 23:59:59,ev_C,C,6,
20201205180810,2020-12-05 18:08:10,2020-12-05 23:59:59,ev_C,C,12,
20201205180820,2020-12-05 18:08:20,2020-12-05 23:59:59,ev_C,C,7,
20201205180830,2020-12-05 18:08:30,2020-12-05 23:59:59,ev_C,C,5,
20201205180840,2020-12-05 18:08:40,2020-12-05 23:59:59,ev_N,K,4,
20201205180850,2020-12-05 18:08:50,2020-12-05 23:59:59,ev_C,C,21,
20201205180900,2020-12-05 18:09:00,2020-12-05 23:59:59,ev_C,C,12,
20201205180910,2020-12-05 18:09:10,2020-12-05 23:59:59,ev_C,C,10,
20201205180920,2020-12-05 18:09:20,2020-12-05 23:59:59,ev_K,K,2,
20201205180930,2020-12-05 18:09:30,2020-12-05 23:59:59,ev_C,C,10,
20201205180940,2020-12-05 18:09:40,2020-12-05 23:59:59,ev_C,C,15,
20201205180950,2020-12-05 18:09:50,2020-12-05 23:59:59,ev_C,C,25,
20201205181000,2020-12-05 18:10:00,2020-12-05 23:59:59,ev_C,C,13,
20201205181010,2020-12-05 18:10:10,2020-12-05 23:59:59,ev_C,C,13,
20201205181020,2020-12-05 18:10:20,2020-12-05 23:59:59,ev_N,K,2,
20201205181030,2020-12-05 18:10:30,2020-12-05 23:59:59,ev_C,C,8,
20201205181040,2020-12-05 18:10:40,2020-12-05 23:59:59,ev_C,C,13,
20201205181050,2020-12-05 18:10:50,2020-12-05 23:59:59,ev_C,C,11,
20201205181100,2020-12-05 18:11:00,2020-12-05 23:59:59,ev_C,C,5,
20201205181110,2020-12-05 18:11:10,2020-12-05 23:59:59,ev_C,C,13,
20201205181120,2020-12-05 18:11:20,2020-12-05 23:59:59,ev_C,C,13,
20201205181130,2020-12-05 18:11:30,2020-12-05 23:59:59,ev_C,C,9,
20201205181140,2020-12-05 18:11:40,2020-12-05 23:59:59,ev_K,K,5,
20201205181150,2020-12-05 18:11:50,2020-12-05 23:59:59,ev_C,C,9,
20201205181200,2020-12-05 18:12:00,2020-12-05 23:59:59,ev_C,C,25,
20201205181210,2020-12-05 18:12:10,2020-12-05 23:59:59,ev_C,C,14,
20201205181220,2020-12-05 18:12:20,2020-12-05 23:59:59,ev_N,K,3,
20201205181230,2020-12-05 18:12:30,2020-12-05 23:59:59,ev_N,K,2,
20201205181240,2020-12-05 18:12:40,2020-12-05 23:59:59,ev_C,C,1,
20201205181250,2020-12-05 18:12:50,2020-12-05 23:59:59,ev_C,C,10,
20201205181300,2020-12-05 18:13:00,2020-12-05 23:59:59,ev_C,C,12,
20201205181310,2020-12-05 18:13:10,2020-12-05 23:59:59,ev_C,C,11,
20201205181320,2020-12-05 18:13:20,2020-12-05 23:59:59,ev_C,C,4,
20201205181330,2020-12-05 18:13:30,2020-12-05 23:59:59,ev_K,K,1,
20201205181340,2020-12-05 18:13:40,2020-12-05 23:59:59,ev_K,K,5,
20201205181350,2020-12-05 18:13:50,2020-12-05 23:59:59,ev_K,K,5,
20201205181400,2020-12-05 18:14:00,2020-12-05 23:59:59,ev_C,C,25,
20201205181410,2020-12-05 18:14:10,2020-12-05 23:59:59,ev_K,K,5,
20201205181420,2020-12-05 18:14:20,2020-12-05 23:59:59,ev_C,C,24,
20201205181430,2020-12-05 18:14:30,2020-12-05 23:59:59,ev_C,C,5,
20201205181440,2020-12-05 18:14:40,2020-12-05 23:59:59,ev_C,C,6,
20201205181450,2020-12-05 18:14:50,2020-12-05 23:59:59,ev_C,C,24,
20201205181500,2020-12-05 18:15:00,2020-12-05 23:59:59,ev_C,C,24,
20201205181510,2020-12-05 18:15:10,2020-12-05 23:59:59,ev_K,K,4,
20201205181520,2020-12-05 18:15:20,2020-12-05 23:59:59,ev_C,C,22,
20201205181530,2020-12-05 18:15:30,2020-12-05 23:59:59,ev_C,C,24,
20201205181540,2020-12-05 18:15:40,2020-12-05 23:59:59,ev_K,K,2,
20201205181550,2020-12-05 18:15:50,2020-12-05 23:59:59,ev_N,K,2,
20201205181600,2020-12-05 18:16:00,2020-12-05 23:59:59,ev_K,K,2,
20201205181610,2020-12-05 18:16:10,2020-12-05 23:59:59,ev_K,K,5,
20201205181620,2020-12-05 18:16:20,2020-12-05 23:59:59,ev_K,K,5,
20201205181630,2020-12-05 18:16:30,2020-12-05 23:59:59,ev_C,C,10,
20201205181640,2020-12-05 18:16:40,2020-12-05 23:59:59,ev_N,K,5,
20201205181650,2020-12-05 18:16:50,2020-12-05 23:59:59,ev_C,C,2,
20201205181700,2020-12-05 18:17:00,2020-12-05 23:59:59,ev_N,K,4,
20201205181710,2020-12-05 18:17:10,2020-12-05 23:59:59,ev_K,K,4,
20201205181720,2020-12-05 18:17:20,2020-12-05 23:59:59,ev_C,C,4,
20201205181730,2020-12-05 18:17:30,2020-12-05 23:59:59,ev_C,C,11,
20201205181740,2020-12-05 18:17:40,2020-12-05 23:59:59,ev_K,K,4,
20201205181750,2020-12-05 18:17:50,2020-12-05 23:59:59,ev_C,C,21,
20201205181800,2020-12-05 18:18:00,2020-12-05 23:59:59,ev_N,K,3,
20201205181810,2020-12-05 18:18:10,2020-12-05 23:59:59,ev_C,C,10,
20201205181820,2020-12-05 18:18:20,2020-12-05 23:59:59,ev_C,C,24,
20201205181830,2020-12-05 18:18:30,2020-12-05 23:59:59,ev_C,C,24,
20201205181840,2020-12-05 18:18:40,2020-12-05 23:59:59,ev_K,K,2,
20201205181850,2020-12-05 18:18:50,2020-12-05 23:59:59,ev_C,C,15,
20201205181900,2020-12-05 18:19:00,2020-12-05 23:59:59,ev_C,C,10,
20201205181910,2020-12-05 18:19:10,2020-12-05 23:59:59,ev_C,C,12,
20201205181920,2020-12-05 18:19:20,2020-12-05 23:59:59,ev_K,K,3,
20201205181930,2020-12-05 18:19:30,2020-12-05 23:59:59,ev_N,K,1,
20201205181940,2020-12-05 18:19:40,2020-12-05 23:59:59,ev_C,C,25,
20201205181950,2020-12-05 18:19:50,2020-12-05 23:59:59,ev_C,C,13,
20201205182000,2020-12-05 18:20:00,2020-12-05 23:59:59,ev_C,C,14,
20201205182010,2020-12-05 18:20:10,2020-12-05 23:59:59,ev_C,C,2,
20201205182020,2020-12-05 18:20:20,2020-12-05 23:59:59,ev_K,K,4,
20201205182030,2020-12-05 18:20:30,2020-12-05 23:59:59,ev_C,C,10,
20201205182040,2020-12-05 18:20:40,2020-12-05 23:59:59,ev_C,C,11,
20201205182050,2020-12-05 18:20:50,2020-12-05 23:59:59,ev_N,K,2,
20201205182100,2020-12-05 18:21:00,2020-12-05 23:59:59,ev_K,K,5,
20201205182110,2020-12-05 18:21:10,2020-12-05 23:59:59,ev_C,C,14,
20201205182120,2020-12-05 18:21:20,2020-12-05 23:59:59,ev_K,K,3,
20201205182130,2020-12-05 18:21:30,2020-12-05 23:59:59,ev_C,C,9,
20201205182140,2020-12-05 18:21:40,2020-12-05 23:59:59,ev_C,C,7,
20201205182150,2020-12-05 18:21:50,2020-12-05 23:59:59,ev_C,C,6,
20201205182200,2020-12-05 18:22:00,2020-12-05 23:59:59,ev_N,K,2,
20201205182210,2020-12-05 18:22:10,2020-12-05 23:59:59,ev_C,C,23,
20201205182220,2020-12-05 18:22:20,2020-12-05 23:59:59,ev_K,K,5,
20201205182230,2020-12-05 18:22:30,2020-12-05 23:59:59,ev_C,C,8,
20201205182240,2020-12-05 18:22:40,2020-12-05 23:59:59,ev_C,C,23,
20201205182250,2020-12-05 18:22:50,2020-12-05 23:59:59,ev_N,K,5,
20201205182300,2020-12-05 18:23:00,2020-12-05 23:59:59,ev_K,K,1,
20201205182310,2020-12-05 18:23:10,2020-12-05 23:59:59,ev_C,C,5,
20201205182320,2020-12-05 18:23:20,2020-12-05 23:59:59,ev_K,K,1,
20201205182330,2020-12-05 18:23:30,2020-12-05 23:59:59,ev_C,C,22,
20201205182340,2020-12-05 18:23:40,2020-12-05 23:59:59,ev_K,K,5,
20201205182350,2020-12-05 18:23:50,2020-12-05 23:59:59,ev_C,C,21,
20201205182400,2020-12-05 18:24:00,2020-12-05 23:59:59,ev_C,C,12,
20201205182410,2020-12-05 18:24:10,2020-12-05 23:59:59,ev_K,K,2,
20201205182420,2020-12-05 18:24:20,2020-12-05 23:59:59,ev_K,K,4,
20201205182430,2020-12-05 18:24:30,2020-12-05 23:59:59,ev_C,C,3,
20201205182440,2020-12-05 18:24:40,2020-12-05 23:59:59,ev_C,C,22,
20201205182450,2020-12-05 18:24:50,2020-12-05 23:59:59,ev_C,C,25,
20201205182500,2020-12-05 18:25:00,2020-12-05 23:59:59,ev_C,C,4,
20201205182510,2020-12-05 18:25:10,2020-12-05 23:59:59,ev_K,K,2,
20201205182520,2020-12-05 18:25:20,2020-12-05 23:59:59,ev_K,K,3,
20201205182530,2020-12-05 18:25:30,2020-12-05 23:59:59,ev_K,K,5,
20201205182540,2020-12-05 18:25:40,2020-12-05 23:59:59,ev_C,C,21,
20201205182550,2020-12-05 18:25:50,2020-12-05 23:59:59,ev_C,C,21,
20201205182600,2020-12-05 18:26:00,2020-12-05 23:59:59,ev_C,C,13,
20201205182610,2020-12-05 18:26:10,2020-12-05 23:59:59,ev_C,C,4,
20201205182620,2020-12-05 18:26:20,2020-12-05 23:59:59,ev_K,K,2,
20201205182630,2020-12-05 18:26:30,2020-12-05 23:59:59,ev_C,C,3,
20201205182640,2020-12-05 18:26:40,2020-12-05 23:59:59,ev_C,C,24,
20201205182650,2020-12-05 18:26:50,2020-12-05 23:59:59,ev_C,C,14,
20201205182700,2020-12-05 18:27:00,2020-12-05 23:59:59,ev_C,C,7,
20201205182710,2020-12-05 18:27:10,2020-12-05 23:59:59,ev_N,K,3,
20201205182720,2020-12-05 18:27:20,2020-12-05 23:59:59,ev_C,C,25,
20201205182730,2020-12-05 18:27:30,2020-12-05 23:59:59,ev_C,C,15,
20201205182740,2020-12-05 18:27:40,2020-12-05 23:59:59,ev_C,C,21,
20201205182750,2020-12-05 18:27:50,2020-12-05 23:59:59,ev_C,C,25,
20201205182800,2020-12-05 18:28:00,2020-12-05 23:59:59,ev_C,C,6,
20201205182810,2020-12-05 18:28:10,2020-12-05 23:59:59,ev_C,C,2,
20201205182820,2020-12-05 18:28:20,2020-12-05 23:59:59,ev_C,C,8,
20201205182830,2020-12-05 18:28:30,2020-12-05 23:59:59,ev_C,C,25,
20201205182840,2020-12-05 18:28:40,2020-12-05 23:59:59,ev_C,C,15,
20201205182850,2020-12-05 18:28:50,2020-12-05 23:59:59,ev_K,K,1,
20201205182900,2020-12-05 18:29:00,2020-12-05 23:59:59,ev_C,C,4,
20201205182910,2020-12-05 18:29:10,2020-12-05 23:59:59,ev_C,C,1,
20201205182920,2020-12-05 18:29:20,2020-12-05 23:59:59,ev_C,C,11,
20201205182930,2020-12-05 18:29:30,2020-12-05 23:59:59,ev_K,K,4,
20201205182940,2020-12-05 18:29:40,2020-12-05 23:59:59,ev_N,K,5,
20201205182950,2020-12-05 18:29:50,2020-12-05 23:59:59,ev_C,C,13,
20201205183000,2020-12-05 18:30:00,2020-12-05 23:59:59,ev_K,K,2,
20201205183010,2020-12-05 18:30:10,2020-12-05 23:59:59,ev_C,C,2,
20201205183020,2020-12-05 18:30:20,2020-12-05 23:59:59,ev_C,C,7,
20201205183030,2020-12-05 18:30:30,2020-12-05 23:59:59,ev_C,C,22,
20201205183040,2020-12-05 18:30:40,2020-12-05 23:59:59,ev_C,C,22,
20201205183050,2020-12-05 18:30:50,2020-12-05 23:59:59,ev_C,C,1,
20201205183100,2020-12-05 18:31:00,2020-12-05 23:59:59,ev_C,C,6,
20201205183110,2020-12-05 18:31:10,2020-12-05 23:59:59,ev_K,K,5,
20201205183120,2020-12-05 18:31:20,2020-12-05 23:59:59,ev_C,C,22,
20201205183130,2020-12-05 18:31:30,2020-12-05 23:59:59,ev_C,C,3,
20201205183140,2020-12-05 18:31:40,2020-12-05 23:59:59,ev_K,K,2,
20201205183150,2020-12-05 18:31:50,2020-12-05 23:59:59,ev_K,K,1,
20201205183200,2020-12-05 18:32:00,2020-12-05 23:59:59,ev_C,C,12,
20201205183210,2020-12-05 18:32:10,2020-12-05 23:59:59,ev_C,C,24,
20201205183220,2020-12-05 18:32:20,2020-12-05 23:59:59,ev_C,C,21,
20201205183230,2020-12-05 18:32:30,2020-12-05 23:59:59,ev_C,C,12,
20201205183240,2020-12-05 18:32:40,2020-12-05 23:59:59,ev_C,C,8,
20201205183250,2020-12-05 18:32:50,2020-12-05 23:59:59,ev_C,C,5,
20201205183300,2020-12-05 18:33:00,2020-12-05 23:59:59,ev_C,C,10,
20201205183310,2020-12-05 18:33:10,2020-12-05 23:59:59,ev_C,C,21,
20201205183320,2020-12-05 18:33:20,2020-12-05 23:59:59,ev_N,K,1,
20201205183330,2020-12-05 18:33:30,2020-12-05 23:59:59,ev_K,K,1,
20201205183340,2020-12-05 18:33:40,2020-12-05 23:59:59,ev_C,C,10,
20201205183350,2020-12-05 18:33:50,2020-12-05 23:59:59,ev_C,C,14,
20201205183400,2020-12-05 18:34:00,2020-12-05 23:59:59,ev_C,C,2,
20201205183410,2020-12-05 18:34:10,2020-12-05 23:59:59,ev_C,C,1,
20201205183420,2020-12-05 18:34:20,2020-12-05 23:59:59,ev_N,K,3,
20201205183430,2020-12-05 18:34:30,2020-12-05 23:59:59,ev_C,C,12,
20201205183440,2020-12-05 18:34:40,2020-12-05 23:59:59,ev_C,C,6,
20201205183450,2020-12-05 18:34:50,2020-12-05 23:59:59,ev_K,K,1,
20201205183500,2020-12-05 18:35:00,2020-12-05 23:59:59,ev_C,C,6,
20201205183510,2020-12-05 18:35:10,2020-12-05 23:59:59,ev_C,C,23,
20201205183520,2020-12-05 18:35:20,2020-12-05 23:59:59,ev_C,C,23,
20201205183530,2020-12-05 18:35:30,2020-12-05 23:59:59,ev_C,C,22,
20201205183540,2020-12-05 18:35:40,2020-12-05 23:59:59,ev_K,K,4,
20201205183550,2020-12-05 18:35:50,2020-12-05 23:59:59,ev_C,C,22,
20201205183600,2020-12-05 18:36:00,2020-12-05 23:59:59,ev_C,C,13,
20201205183610,2020-12-05 18:36:10,2020-12-05 23:59:59,ev_C,C,13,
20201205183620,2020-12-05 18:36:20,2020-12-05 23:59:59,ev_C,C,2,
20201205183630,2020-12-05 18:36:30,2020-12-05 23:59:59,ev_C,C,23,
20201205183640,2020-12-05 18:36:40,2020-12-05 23:59:59,ev_C,C,2,
20201205183650,2020-12-05 18:36:50,2020-12-05 23:59:59,ev_K,K,2,
20201205183700,2020-12-05 18:37:00,2020-12-05 23:59:59,ev_C,C,24,
20201205183710,2020-12-05 18:37:10,2020-12-05 23:59:59,ev_K,K,5,
20201205183720,2020-12-05 18:37:20,2020-12-05 23:59:59,ev_K,K,3,
20201205183730,2020-12-05 18:37:30,2020-12-05 23:59:59,ev_C,C,2,
20201205183740,2020-12-05 18:37:40,2020-12-05 23:59:59,ev_K,K,5,
20201205183750,2020-12-05 18:37:50,2020-12-05 23:59:59,ev_C,C,14,
20201205183800,2020-12-05 18:38:00,2020-12-05 23:59:59,ev_C,C,14,
20201205183810,2020-12-05 18:38:10,2020-12-05 23:59:59,ev_C,C,24,
20201205183820,2020-12-05 18:38:20,2020-12-05 23:59:59,ev_K,K,4,
20201205183830,2020-12-05 18:38:30,2020-12-05 23:59:59,ev_K,K,3,
20201205183840,2020-12-05 18:38:40,2020-12-05 23:59:59,ev_C,C,24,
20201205183850,2020-12-05 18:38:50,2020-12-05 23:59:59,ev_C,C,4,
20201205183900,2020-12-05 18:39:00,2020-12-05 23:59:59,ev_K,K,3,
20201205183910,2020-12-05 18:39:10,2020-12-05 23:59:59,ev_K,K,5,
20201205183920,2020-12-05 18:39:20,2020-12-05 23:59:59,ev_C,C,25,
20201205183930,2020-12-05 18:39:30,2020-12-05 23:59:59,ev_C,C,25,
20201205183940,2020-12-05 18:39:40,2020-12-05 23:59:59,ev_C,C,9,
20201205183950,2020-12-05 18:39:50,2020-12-05 23:59:59,ev_C,C,24,
20201205184000,2020-12-05 18:40:00,2020-12-05 23:59:59,ev_C,C,13,
20201205184010,2020-12-05 18:40:10,2020-12-05 23:59:59,ev_C,C,13,
20201205184020,2020-12-05 18:40:20,2020-12-05 23:59:59,ev_K,K,3,
20201205184030,2020-12-05 18:40:30,2020-12-05 23:59:59,ev_K,K,1,
20201205184040,2020-12-05 18:40:40,2020-12-05 23:59:59,ev_K,K,4,
20201205184050,2020-12-05 18:40:50,2020-12-05 23:59:59,ev_C,C,3,
20201205184100,2020-12-05 18:41:00,2020-12-05 23:59:59,ev_N,K,4,
20201205184110,2020-12-05 18:41:10,2020-12-05 23:59:59,ev_C,C,9,
20201205184120,2020-12-05 18:41:20,2020-12-05 23:59:59,ev_C,C,6,
20201205184130,2020-12-05 18:41:30,2020-12-05 23:59:59,ev_K,K,4,
20201205184140,2020-12-05 18:41:40,2020-12-05 23:59:59,ev_C,C,2,
20201205184150,2020-12-05 18:41:50,2020-12-05 23:59:59,ev_C,C,2,
20201205184200,2020-12-05 18:42:00,2020-12-05 23:59:59,ev_C,C,15,
20201205184210,2020-12-05 18:42:10,2020-12-05 23:59:59,ev_C,C,25,
20201205184220,2020-12-05 18:42:20,2020-12-05 23:59:59,ev_C,C,7,
20201205184230,2020-12-05 18:42:30,2020-12-05 23:59:59,ev_C,C,8,
20201205184240,2020-12-05 18:42:40,2020-12-05 23:59:59,ev_N,K,5,
20201205184250,2020-12-05 18:42:50,2020-12-05 23:59:59,ev_C,C,2,
20201205184300,2020-12-05 18:43:00,2020-12-05 23:59:59,ev_C,C,3,
20201205184310,2020-12-05 18:43:10,2020-12-05 23:59:59,ev_K,K,4,
20201205184320,2020-12-05 18:43:20,2020-12-05 23:59:59,ev_C,C,10,
20201205184330,2020-12-05 18:43:30,2020-12-05 23:59:59,ev_C,C,15,
20201205184340,2020-12-05 18:43:40,2020-12-05 23:59:59,ev_K,K,3,
20201205184350,2020-12-05 18:43:50,2020-12-05 23:59:59,ev_C,C,15,
20201205184400,2020-12-05 18:44:00,2020-12-05 23:59:59,ev_K,K,3,
20201205184410,2020-12-05 18:44:10,2020-12-05 23:59:59,ev_C,C,6,
20201205184420,2020-12-05 18:44:20,2020-12-05 23:59:59,ev_C,C,9,
20201205184430,2020-12-05 18:44:30,2020-12-05 23:59:59,ev_C,C,10,
20201205184440,2020-12-05 18:44:40,2020-12-05 23:59:59,ev_N,K,4,
20201205184450,2020-12-05 18:44:50,2020-12-05 23:59:59,ev_C,C,4,
20201205184500,2020-12-05 18:45:00,2020-12-05 23:59:59,ev_C,C,21,
20201205184510,2020-12-05 18:45:10,2020-12-05 23:59:59,ev_C,C,24,
20201205184520,2020-12-05 18:45:20,2020-12-05 23:59:59,ev_K,K,5,
20201205184530,2020-12-05 18:45:30,2020-12-05 23:59:59,ev_C,C,25,
20201205184540,2020-12-05 18:45:40,2020-12-05 23:59:59,ev_C,C,9,
20201205184550,2020-12-05 18:45:50,2020-12-05 23:59:59,ev_C,C,15,
20201205184600,2020-12-05 18:46:00,2020-12-05 23:59:59,ev_K,K,1,
20201205184610,2020-12-05 18:46:10,2020-12-05 23:59:59,ev_K,K,3,
20201205184620,2020-12-05 18:46:20,2020-12-05 23:59:59,ev_C,C,24,
20201205184630,2020-12-05 18:46:30,2020-12-05 23:59:59,ev_K,K,2,
20201205184640,2020-12-05 18:46:40,2020-12-05 23:59:59,ev_K,K,5,
20201205184650,2020-12-05 18:46:50,2020-12-05 23:59:59,ev_C,C,25,
20201205184700,2020-12-05 18:47:00,2020-12-05 23:59:59,ev_C,C,23,
20201205184710,2020-12-05 18:47:10,2020-12-05 23:59:59,ev_C,C,12,
20201205184720,2020-12-05 18:47:20,2020-12-05 23:59:59,ev_K,K,1,
20201205184730,2020-12-05 18:47:30,2020-12-05 23:59:59,ev_C,C,14,
20201205184740,2020-12-05 18:47:40,2020-12-05 23:59:59,ev_C,C,10,
20201205184750,2020-12-05 18:47:50,2020-12-05 23:59:59,ev_C,C,21,
20201205184800,2020-12-05 18:48:00,2020-12-05 23:59:59,ev_C,C,15,
20201205184810,2020-12-05 18:48:10,2020-12-05 23:59:59,ev_C,C,7,
20201205184820,2020-12-05 18:48:20,2020-12-05 23:59:59,ev_K,K,5,
20201205184830,2020-12-05 18:48:30,2020-12-05 23:59:59,ev_K,K,3,
20201205184840,2020-12-05 18:48:40,2020-12-05 23:59:59,ev_C,C,7,
20201205184850,2020-12-05 18:48:50,2020-12-05 23:59:59,ev_K,K,2,
20201205184900,2020-12-05 18:49:00,2020-12-05 23:59:59,ev_C,C,2,
20201205184910,2020-12-05 18:49:10,2020-12-05 23:59:59,ev_C,C,8,
20201205184920,2020-12-05 18:49:20,2020-12-05 23:59:59,ev_C,C,7,
20201205184930,2020-12-05 18:49:30,2020-12-05 23:59:59,ev_C,C,10,
20201205184940,2020-12-05 18:49:40,2020-12-05 23:59:59,ev_N,K,3,
20201205184950,2020-12-05 18:49:50,2020-12-05 23:59:59,ev_C,C,13,
20201205185000,2020-12-05 18:50:00,2020-12-05 23:59:59,ev_K,K,5,
20201205185010,2020-12-05 18:50:10,2020-12-05 23:59:59,ev_C,C,24,
20201205185020,2020-12-05 18:50:20,2020-12-05 23:59:59,ev_C,C,3,
20201205185030,2020-12-05 18:50:30,2020-12-05 23:59:59,ev_C,C,2,
20201205185040,2020-12-05 18:50:40,2020-12-05 23:59:59,ev_C,C,4,
20201205185050,2020-12-05 18:50:50,2020-12-05 23:59:59,ev_C,C,25,
20201205185100,2020-12-05 18:51:00,2020-12-05 23:59:59,ev_C,C,22,
20201205185110,2020-12-05 18:51:10,2020-12-05 23:59:59,ev_C,C,5,
20201205185120,2020-12-05 18:51:20,2020-12-05 23:59:59,ev_C,C,5,
20201205185130,2020-12-05 18:51:30,2020-12-05 23:59:59,ev_C,C,25,
20201205185140,2020-12-05 18:51:40,2020-12-05 23:59:59,ev_C,C,5,
20201205185150,2020-12-05 18:51:50,2020-12-05 23:59:59,ev_C,C,10,
20201205185200,2020-12-05 18:52:00,2020-12-05 23:59:59,ev_C,C,15,
20201205185210,2020-12-05 18:52:10,2020-12-05 23:59:59,ev_C,C,6,
20201205185220,2020-12-05 18:52:20,2020-12-05 23:59:59,ev_C,C,5,
20201205185230,2020-12-05 18:52:30,2020-12-05 23:59:59,ev_K,K,5,
20201205185240,2020-12-05 18:52:40,2020-12-05 23:59:59,ev_C,C,21,
20201205185250,2020-12-05 18:52:50,2020-12-05 23:59:59,ev_C,C,4,
20201205185300,2020-12-05 18:53:00,2020-12-05 23:59:59,ev_K,K,1,
20201205185310,2020-12-05 18:53:10,2020-12-05 23:59:59,ev_C,C,2,
20201205185320,2020-12-05 18:53:20,2020-12-05 23:59:59,ev_C,C,12,
20201205185330,2020-12-05 18:53:30,2020-12-05 23:59:59,ev_C,C,24,
20201205185340,2020-12-05 18:53:40,2020-12-05 23:59:59,ev_C,C,12,
20201205185350,2020-12-05 18:53:50,2020-12-05 23:59:59,ev_C,C,24,
20201205185400,2020-12-05 18:54:00,2020-12-05 23:59:59,ev_C,C,12,
20201205185410,2020-12-05 18:54:10,2020-12-05 23:59:59,ev_C,C,8,
20201205185420,2020-12-05 18:54:20,2020-12-05 23:59:59,ev_C,C,3,
20201205185430,2020-12-05 18:54:30,2020-12-05 23:59:59,ev_K,K,2,
20201205185440,2020-12-05 18:54:40,2020-12-05 23:59:59,ev_C,C,13,
20201205185450,2020-12-05 18:54:50,2020-12-05 23:59:59,ev_N,K,5,
20201205185500,2020-12-05 18:55:00,2020-12-05 23:59:59,ev_C,C,13,
20201205185510,2020-12-05 18:55:10,2020-12-05 23:59:59,ev_C,C,6,
20201205185520,2020-12-05 18:55:20,2020-12-05 23:59:59,ev_C,C,2,
20201205185530,2020-12-05 18:55:30,2020-12-05 23:59:59,ev_C,C,14,
20201205185540,2020-12-05 18:55:40,2020-12-05 23:59:59,ev_C,C,25,
20201205185550,2020-12-05 18:55:50,2020-12-05 23:59:59,ev_C,C,4,
20201205185600,2020-12-05 18:56:00,2020-12-05 23:59:59,ev_C,C,21,
20201205185610,2020-12-05 18:56:10,2020-12-05 23:59:59,ev_C,C,15,
20201205185620,2020-12-05 18:56:20,2020-12-05 23:59:59,ev_C,C,3,
20201205185630,2020-12-05 18:56:30,2020-12-05 23:59:59,ev_K,K,2,
20201205185640,2020-12-05 18:56:40,2020-12-05 23:59:59,ev_C,C,13,
20201205185650,2020-12-05 18:56:50,2020-12-05 23:59:59,ev_C,C,8,
20201205185700,2020-12-05 18:57:00,2020-12-05 23:59:59,ev_C,C,22,
20201205185710,2020-12-05 18:57:10,2020-12-05 23:59:59,ev_C,C,11,
20201205185720,2020-12-05 18:57:20,2020-12-05 23:59:59,ev_C,C,21,
20201205185730,2020-12-05 18:57:30,2020-12-05 23:59:59,ev_C,C,5,
20201205185740,2020-12-05 18:57:40,2020-12-05 23:59:59,ev_C,C,22,
20201205185750,2020-12-05 18:57:50,2020-12-05 23:59:59,ev_N,K,5,
20201205185800,2020-12-05 18:58:00,2020-12-05 23:59:59,ev_C,C,15,
20201205185810,2020-12-05 18:58:10,2020-12-05 23:59:59,ev_K,K,4,
20201205185820,2020-12-05 18:58:20,2020-12-05 23:59:59,ev_K,K,5,
20201205185830,2020-12-05 18:58:30,2020-12-05 23:59:59,ev_C,C,2,
20201205185840,2020-12-05 18:58:40,2020-12-05 23:59:59,ev_K,K,5,
20201205185850,2020-12-05 18:58:50,2020-12-05 23:59:59,ev_C,C,6,
20201205185900,2020-12-05 18:59:00,2020-12-05 23:59:59,ev_C,C,11,
20201205185910,2020-12-05 18:59:10,2020-12-05 23:59:59,ev_C,C,24,
20201205185920,2020-12-05 18:59:20,2020-12-05 23:59:59,ev_C,C,10,
20201205185930,2020-12-05 18:59:30,2020-12-05 23:59:59,ev_C,C,22,
20201205185940,2020-12-05 18:59:40,2020-12-05 23:59:59,ev_C,C,9,
20201205185950,2020-12-05 18:59:50,2020-12-05 23:59:59,ev_C,C,10,
20201205190000,2020-12-05 19:00:00,2020-12-05 23:59:59,ev_K,K,3,
20201205190010,2020-12-05 19:00:10,2020-12-05 23:59:59,ev_N,K,1,
20201205190020,2020-12-05 19:00:20,2020-12-05 23:59:59,ev_C,C,11,
20201205190030,2020-12-05 19:00:30,2020-12-05 23:59:59,ev_C,C,23,
20201205190040,2020-12-05 19:00:40,2020-12-05 23:59:59,ev_N,K,3,
20201205190050,2020-12-05 19:00:50,2020-12-05 23:59:59,ev_C,C,21,
20201205190100,2020-12-05 19:01:00,2020-12-05 23:59:59,ev_K,K,4,
20201205190110,2020-12-05 19:01:10,2020-12-05 23:59:59,ev_K,K,3,
20201205190120,2020-12-05 19:01:20,2020-12-05 23:59:59,ev_K,K,5,
20201205190130,2020-12-05 19:01:30,2020-12-05 23:59:59,ev_N,K,1,
20201205190140,2020-12-05 19:01:40,2020-12-05 23:59:59,ev_C,C,11,
20201205190150,2020-12-05 19:01:50,2020-12-05 23:59:59,ev_C,C,2,
20201205190200,2020-12-05 19:02:00,2020-12-05 23:59:59,ev_K,K,3,
20201205190210,2020-12-05 19:02:10,2020-12-05 23:59:59,ev_C,C,13,
20201205190220,2020-12-05 19:02:20,2020-12-05 23:59:59,ev_K,K,2,
20201205190230,2020-12-05 19:02:30,2020-12-05 23:59:59,ev_C,C,4,
20201205190240,2020-12-05 19:02:40,2020-12-05 23:59:59,ev_C,C,23,
20201205190250,2020-12-05 19:02:50,2020-12-05 23:59:59,ev_K,K,5,
20201205190300,2020-12-05 19:03:00,2020-12-05 23:59:59,ev_C,C,21,
20201205190310,2020-12-05 19:03:10,2020-12-05 23:59:59,ev_K,K,2,
20201205190320,2020-12-05 19:03:20,2020-12-05 23:59:59,ev_C,C,4,
20201205190330,2020-12-05 19:03:30,2020-12-05 23:59:59,ev_K,K,5,
20201205190340,2020-12-05 19:03:40,2020-12-05 23:59:59,ev_C,C,23,
20201205190350,2020-12-05 19:03:50,2020-12-05 23:59:59,ev_C,C,10,
20201205190400,2020-12-05 19:04:00,2020-12-05 23:59:59,ev_C,C,6,
20201205190410,2020-12-05 19:04:10,2020-12-05 23:59:59,ev_C,C,12,
20201205190420,2020-12-05 19:04:20,2020-12-05 23:59:59,ev_C,C,11,
20201205190430,2020-12-05 19:04:30,2020-12-05 23:59:59,ev_K,K,4,
20201205190440,2020-12-05 19:04:40,2020-12-05 23:59:59,ev_C,C,5,
20201205190450,2020-12-05 19:04:50,2020-12-05 23:59:59,ev_C,C,21,
20201205190500,2020-12-05 19:05:00,2020-12-05 23:59:59,ev_C,C,24,
20201205190510,2020-12-05 19:05:10,2020-12-05 23:59:59,ev_K,K,3,
20201205190520,2020-12-05 19:05:20,2020-12-05 23:59:59,ev_C,C,5,
20201205190530,2020-12-05 19:05:30,2020-12-05 23:59:59,ev_C,C,7,
20201205190540,2020-12-05 19:05:40,2020-12-05 23:59:59,ev_C,C,6,
20201205190550,2020-12-05 19:05:50,2020-12-05 23:59:59,ev_C,C,13,
20201205190600,2020-12-05 19:06:00,2020-12-05 23:59:59,ev_C,C,5,
20201205190610,2020-12-05 19:06:10,2020-12-05 23:59:59,ev_C,C,25,
20201205190620,2020-12-05 19:06:20,2020-12-05 23:59:59,ev_K,K,5,
20201205190630,2020-12-05 19:06:30,2020-12-05 23:59:59,ev_C,C,1,
20201205190640,2020-12-05 19:06:40,2020-12-05 23:59:59,ev_C,C,13,
20201205190650,2020-12-05 19:06:50,2020-12-05 23:59:59,ev_C,C,11,
20201205190700,2020-12-05 19:07:00,2020-12-05 23:59:59,ev_K,K,3,
20201205190710,2020-12-05 19:07:10,2020-12-05 23:59:59,ev_K,K,4,
20201205190720,2020-12-05 19:07:20,2020-12-05 23:59:59,ev_C,C,22,
20201205190730,2020-12-05 19:07:30,2020-12-05 23:59:59,ev_C,C,22,
20201205190740,2020-12-05 19:07:40,2020-12-05 23:59:59,ev_K,K,2,
20201205190750,2020-12-05 19:07:50,2020-12-05 23:59:59,ev_K,K,2,
20201205190800,2020-12-05 19:08:00,2020-12-05 23:59:59,ev_C,C,6,
20201205190810,2020-12-05 19:08:10,2020-12-05 23:59:59,ev_C,C,23,
20201205190820,2020-12-05 19:08:20,2020-12-05 23:59:59,ev_K,K,2,
20201205190830,2020-12-05 19:08:30,2020-12-05 23:59:59,ev_C,C,2,
20201205190840,2020-12-05 19:08:40,2020-12-05 23:59:59,ev_K,K,5,
20201205190850,2020-12-05 19:08:50,2020-12-05 23:59:59,ev_N,K,4,
20201205190900,2020-12-05 19:09:00,2020-12-05 23:59:59,ev_C,C,13,
20201205190910,2020-12-05 19:09:10,2020-12-05 23:59:59,ev_K,K,5,
20201205190920,2020-12-05 19:09:20,2020-12-05 23:59:59,ev_C,C,13,
20201205190930,2020-12-05 19:09:30,2020-12-05 23:59:59,ev_K,K,3,
20201205190940,2020-12-05 19:09:40,2020-12-05 23:59:59,ev_C,C,24,
20201205190950,2020-12-05 19:09:50,2020-12-05 23:59:59,ev_C,C,10,
20201205191000,2020-12-05 19:10:00,2020-12-05 23:59:59,ev_K,K,4,
20201205191010,2020-12-05 19:10:10,2020-12-05 23:59:59,ev_C,C,12,
20201205191020,2020-12-05 19:10:20,2020-12-05 23:59:59,ev_C,C,10,
20201205191030,2020-12-05 19:10:30,2020-12-05 23:59:59,ev_C,C,21,
20201205191040,2020-12-05 19:10:40,2020-12-05 23:59:59,ev_C,C,12,
20201205191050,2020-12-05 19:10:50,2020-12-05 23:59:59,ev_K,K,3,
20201205191100,2020-12-05 19:11:00,2020-12-05 23:59:59,ev_C,C,12,
20201205191110,2020-12-05 19:11:10,2020-12-05 23:59:59,ev_C,C,3,
20201205191120,2020-12-05 19:11:20,2020-12-05 23:59:59,ev_C,C,10,
20201205191130,2020-12-05 19:11:30,2020-12-05 23:59:59,ev_C,C,15,
20201205191140,2020-12-05 19:11:40,2020-12-05 23:59:59,ev_C,C,22,
20201205191150,2020-12-05 19:11:50,2020-12-05 23:59:59,ev_C,C,15,
20201205191200,2020-12-05 19:12:00,2020-12-05 23:59:59,ev_K,K,3,
20201205191210,2020-12-05 19:12:10,2020-12-05 23:59:59,ev_C,C,24,
20201205191220,2020-12-05 19:12:20,2020-12-05 23:59:59,ev_C,C,10,
20201205191230,2020-12-05 19:12:30,2020-12-05 23:59:59,ev_K,K,4,
20201205191240,2020-12-05 19:12:40,2020-12-05 23:59:59,ev_C,C,10,
20201205191250,2020-12-05 19:12:50,2020-12-05 23:59:59,ev_C,C,25,
20201205191300,2020-12-05 19:13:00,2020-12-05 23:59:59,ev_C,C,10,
20201205191310,2020-12-05 19:13:10,2020-12-05 23:59:59,ev_K,K,3,
20201205191320,2020-12-05 19:13:20,2020-12-05 23:59:59,ev_C,C,6,
20201205191330,2020-12-05 19:13:30,2020-12-05 23:59:59,ev_K,K,3,
20201205191340,2020-12-05 19:13:40,2020-12-05 23:59:59,ev_C,C,6,
20201205191350,2020-12-05 19:13:50,2020-12-05 23:59:59,ev_N,K,5,
20201205191400,2020-12-05 19:14:00,2020-12-05 23:59:59,ev_C,C,11,
20201205191410,2020-12-05 19:14:10,2020-12-05 23:59:59,ev_C,C,13,
20201205191420,2020-12-05 19:14:20,2020-12-05 23:59:59,ev_C,C,3,
20201205191430,2020-12-05 19:14:30,2020-12-05 23:59:59,ev_C,C,25,
20201205191440,2020-12-05 19:14:40,2020-12-05 23:59:59,ev_C,C,23,
20201205191450,2020-12-05 19:14:50,2020-12-05 23:59:59,ev_K,K,3,
20201205191500,2020-12-05 19:15:00,2020-12-05 23:59:59,ev_C,C,6,
20201205191510,2020-12-05 19:15:10,2020-12-05 23:59:59,ev_C,C,21,
20201205191520,2020-12-05 19:15:20,2020-12-05 23:59:59,ev_C,C,3,
20201205191530,2020-12-05 19:15:30,2020-12-05 23:59:59,ev_K,K,3,
20201205191540,2020-12-05 19:15:40,2020-12-05 23:59:59,ev_K,K,1,
20201205191550,2020-12-05 19:15:50,2020-12-05 23:59:59,ev_C,C,3,
20201205191600,2020-12-05 19:16:00,2020-12-05 23:59:59,ev_C,C,4,
20201205191610,2020-12-05 19:16:10,2020-12-05 23:59:59,ev_N,K,4,
20201205191620,2020-12-05 19:16:20,2020-12-05 23:59:59,ev_N,K,5,
20201205191630,2020-12-05 19:16:30,2020-12-05 23:59:59,ev_C,C,7,
20201205191640,2020-12-05 19:16:40,2020-12-05 23:59:59,ev_K,K,1,
20201205191650,2020-12-05 19:16:50,2020-12-05 23:59:59,ev_C,C,3,
20201205191700,2020-12-05 19:17:00,2020-12-05 23:59:59,ev_K,K,5,
20201205191710,2020-12-05 19:17:10,2020-12-05 23:59:59,ev_C,C,7,
20201205191720,2020-12-05 19:17:20,2020-12-05 23:59:59,ev_K,K,1,
20201205191730,2020-12-05 19:17:30,2020-12-05 23:59:59,ev_C,C,10,
20201205191740,2020-12-05 19:17:40,2020-12-05 23:59:59,ev_K,K,1,
20201205191750,2020-12-05 19:17:50,2020-12-05 23:59:59,ev_K,K,3,
20201205191800,2020-12-05 19:18:00,2020-12-05 23:59:59,ev_C,C,13,
20201205191810,2020-12-05 19:18:10,2020-12-05 23:59:59,ev_C,C,11,
20201205191820,2020-12-05 19:18:20,2020-12-05 23:59:59,ev_K,K,3,
20201205191830,2020-12-05 19:18:30,2020-12-05 23:59:59,ev_C,C,15,
20201205191840,2020-12-05 19:18:40,2020-12-05 23:59:59,ev_C,C,12,
20201205191850,2020-12-05 19:18:50,2020-12-05 23:59:59,ev_K,K,3,
20201205191900,2020-12-05 19:19:00,2020-12-05 23:59:59,ev_N,K,5,
20201205191910,2020-12-05 19:19:10,2020-12-05 23:59:59,ev_K,K,3,
20201205191920,2020-12-05 19:19:20,2020-12-05 23:59:59,ev_C,C,12,
20201205191930,2020-12-05 19:19:30,2020-12-05 23:59:59,ev_C,C,7,
20201205191940,2020-12-05 19:19:40,2020-12-05 23:59:59,ev_C,C,5,
20201205191950,2020-12-05 19:19:50,2020-12-05 23:59:59,ev_K,K,3,
20201205192000,2020-12-05 19:20:00,2020-12-05 23:59:59,ev_C,C,10,
20201205192010,2020-12-05 19:20:10,2020-12-05 23:59:59,ev_C,C,12,
20201205192020,2020-12-05 19:20:20,2020-12-05 23:59:59,ev_C,C,10,
20201205192030,2020-12-05 19:20:30,2020-12-05 23:59:59,ev_C,C,1,
20201205192040,2020-12-05 19:20:40,2020-12-05 23:59:59,ev_C,C,24,
20201205192050,2020-12-05 19:20:50,2020-12-05 23:59:59,ev_C,C,25,
20201205192100,2020-12-05 19:21:00,2020-12-05 23:59:59,ev_K,K,2,
20201205192110,2020-12-05 19:21:10,2020-12-05 23:59:59,ev_C,C,13,
20201205192120,2020-12-05 19:21:20,2020-12-05 23:59:59,ev_C,C,12,
20201205192130,2020-12-05 19:21:30,2020-12-05 23:59:59,ev_C,C,14,
20201205192140,2020-12-05 19:21:40,2020-12-05 23:59:59,ev_K,K,3,
20201205192150,2020-12-05 19:21:50,2020-12-05 23:59:59,ev_C,C,1,
20201205192200,2020-12-05 19:22:00,2020-12-05 23:59:59,ev_C,C,7,
20201205192210,2020-12-05 19:22:10,2020-12-05 23:59:59,ev_C,C,22,
20201205192220,2020-12-05 19:22:20,2020-12-05 23:59:59,ev_C,C,15,
20201205192230,2020-12-05 19:22:30,2020-12-05 23:59:59,ev_C,C,8,
20201205192240,2020-12-05 19:22:40,2020-12-05 23:59:59,ev_C,C,3,
20201205192250,2020-12-05 19:22:50,2020-12-05 23:59:59,ev_C,C,2,
20201205192300,2020-12-05 19:23:00,2020-12-05 23:59:59,ev_N,K,5,
20201205192310,2020-12-05 19:23:10,2020-12-05 23:59:59,ev_C,C,7,
20201205192320,2020-12-05 19:23:20,2020-12-05 23:59:59,ev_C,C,2,
20201205192330,2020-12-05 19:23:30,2020-12-05 23:59:59,ev_C,C,11,
20201205192340,2020-12-05 19:23:40,2020-12-05 23:59:59,ev_C,C,23,
20201205192350,2020-12-05 19:23:50,2020-12-05 23:59:59,ev_C,C,6,
20201205192400,2020-12-05 19:24:00,2020-12-05 23:59:59,ev_C,C,11,
20201205192410,2020-12-05 19:24:10,2020-12-05 23:59:59,ev_C,C,8,
20201205192420,2020-12-05 19:24:20,2020-12-05 23:59:59,ev_K,K,5,
20201205192430,2020-12-05 19:24:30,2020-12-05 23:59:59,ev_C,C,1,
20201205192440,2020-12-05 19:24:40,2020-12-05 23:59:59,ev_C,C,22,
20201205192450,2020-12-05 19:24:50,2020-12-05 23:59:59,ev_C,C,11,
20201205192500,2020-12-05 19:25:00,2020-12-05 23:59:59,ev_C,C,12,
20201205192510,2020-12-05 19:25:10,2020-12-05 23:59:59,ev_C,C,14,
20201205192520,2020-12-05 19:25:20,2020-12-05 23:59:59,ev_K,K,2,
20201205192530,2020-12-05 19:25:30,2020-12-05 23:59:59,ev_K,K,5,
20201205192540,2020-12-05 19:25:40,2020-12-05 23:59:59,ev_C,C,3,
20201205192550,2020-12-05 19:25:50,2020-12-05 23:59:59,ev_N,K,3,
20201205192600,2020-12-05 19:26:00,2020-12-05 23:59:59,ev_K,K,2,
20201205192610,2020-12-05 19:26:10,2020-12-05 23:59:59,ev_C,C,5,
20201205192620,2020-12-05 19:26:20,2020-12-05 23:59:59,ev_C,C,11,
20201205192630,2020-12-05 19:26:30,2020-12-05 23:59:59,ev_K,K,5,
20201205192640,2020-12-05 19:26:40,2020-12-05 23:59:59,ev_C,C,10,
20201205192650,2020-12-05 19:26:50,2020-12-05 23:59:59,ev_C,C,6,
20201205192700,2020-12-05 19:27:00,2020-12-05 23:59:59,ev_C,C,10,
20201205192710,2020-12-05 19:27:10,2020-12-05 23:59:59,ev_C,C,7,
20201205192720,2020-12-05 19:27:20,2020-12-05 23:59:59,ev_K,K,5,
20201205192730,2020-12-05 19:27:30,2020-12-05 23:59:59,ev_C,C,5,
20201205192740,2020-12-05 19:27:40,2020-12-05 23:59:59,ev_C,C,21,
20201205192750,2020-12-05 19:27:50,2020-12-05 23:59:59,ev_K,K,1,
20201205192800,2020-12-05 19:28:00,2020-12-05 23:59:59,ev_C,C,6,
20201205192810,2020-12-05 19:28:10,2020-12-05 23:59:59,ev_C,C,13,
20201205192820,2020-12-05 19:28:20,2020-12-05 23:59:59,ev_N,K,2,
20201205192830,2020-12-05 19:28:30,2020-12-05 23:59:59,ev_K,K,1,
20201205192840,2020-12-05 19:28:40,2020-12-05 23:59:59,ev_C,C,12,
20201205192850,2020-12-05 19:28:50,2020-12-05 23:59:59,ev_N,K,1,
20201205192900,2020-12-05 19:29:00,2020-12-05 23:59:59,ev_C,C,8,
20201205192910,2020-12-05 19:29:10,2020-12-05 23:59:59,ev_C,C,3,
20201205192920,2020-12-05 19:29:20,2020-12-05 23:59:59,ev_K,K,3,
20201205192930,2020-12-05 19:29:30,2020-12-05 23:59:59,ev_C,C,23,
20201205192940,2020-12-05 19:29:40,2020-12-05 23:59:59,ev_C,C,12,
20201205192950,2020-12-05 19:29:50,2020-12-05 23:59:59,ev_C,C,11,
20201205193000,2020-12-05 19:30:00,2020-12-05 23:59:59,ev_K,K,3,
20201205193010,2020-12-05 19:30:10,2020-12-05 23:59:59,ev_N,K,5,
20201205193020,2020-12-05 19:30:20,2020-12-05 23:59:59,ev_C,C,8,
20201205193030,2020-12-05 19:30:30,2020-12-05 23:59:59,ev_C,C,4,
20201205193040,2020-12-05 19:30:40,2020-12-05 23:59:59,ev_C,C,24,
20201205193050,2020-12-05 19:30:50,2020-12-05 23:59:59,ev_K,K,4,
20201205193100,2020-12-05 19:31:00,2020-12-05 23:59:59,ev_C,C,14,
20201205193110,2020-12-05 19:31:10,2020-12-05 23:59:59,ev_C,C,11,
20201205193120,2020-12-05 19:31:20,2020-12-05 23:59:59,ev_C,C,12,
20201205193130,2020-12-05 19:31:30,2020-12-05 23:59:59,ev_K,K,1,
20201205193140,2020-12-05 19:31:40,2020-12-05 23:59:59,ev_C,C,25,
20201205193150,2020-12-05 19:31:50,2020-12-05 23:59:59,ev_C,C,5,
20201205193200,2020-12-05 19:32:00,2020-12-05 23:59:59,ev_C,C,24,
20201205193210,2020-12-05 19:32:10,2020-12-05 23:59:59,ev_C,C,10,
20201205193220,2020-12-05 19:32:20,2020-12-05 23:59:59,ev_N,K,2,
20201205193230,2020-12-05 19:32:30,2020-12-05 23:59:59,ev_C,C,9,
20201205193240,2020-12-05 19:32:40,2020-12-05 23:59:59,ev_C,C,14,
20201205193250,2020-12-05 19:32:50,2020-12-05 23:59:59,ev_C,C,1,
20201205193300,2020-12-05 19:33:00,2020-12-05 23:59:59,ev_C,C,7,
20201205193310,2020-12-05 19:33:10,2020-12-05 23:59:59,ev_K,K,2,
20201205193320,2020-12-05 19:33:20,2020-12-05 23:59:59,ev_C,C,22,
20201205193330,2020-12-05 19:33:30,2020-12-05 23:59:59,ev_K,K,2,
20201205193340,2020-12-05 19:33:40,2020-12-05 23:59:59,ev_C,C,2,
20201205193350,2020-12-05 19:33:50,2020-12-05 23:59:59,ev_K,K,2,
20201205193400,2020-12-05 19:34:00,2020-12-05 23:59:59,ev_C,C,9,
20201205193410,2020-12-05 19:34:10,2020-12-05 23:59:59,ev_C,C,4,
20201205193420,2020-12-05 19:34:20,2020-12-05 23:59:59,ev_C,C,9,
20201205193430,2020-12-05 19:34:30,2020-12-05 23:59:59,ev_C,C,10,
20201205193440,2020-12-05 19:34:40,2020-12-05 23:59:59,ev_C,C,9,
20201205193450,2020-12-05 19:34:50,2020-12-05 23:59:59,ev_C,C,6,
20201205193500,2020-12-05 19:35:00,2020-12-05 23:59:59,ev_C,C,2,
20201205193510,2020-12-05 19:35:10,2020-12-05 23:59:59,ev_C,C,15,
20201205193520,2020-12-05 19:35:20,2020-12-05 23:59:59,ev_C,C,9,
20201205193530,2020-12-05 19:35:30,2020-12-05 23:59:59,ev_C,C,25,
20201205193540,2020-12-05 19:35:40,2020-12-05 23:59:59,ev_C,C,23,
20201205193550,2020-12-05 19:35:50,2020-12-05 23:59:59,ev_C,C,23,
20201205193600,2020-12-05 19:36:00,2020-12-05 23:59:59,ev_K,K,4,
20201205193610,2020-12-05 19:36:10,2020-12-05 23:59:59,ev_C,C,2,
20201205193620,2020-12-05 19:36:20,2020-12-05 23:59:59,ev_C,C,13,
20201205193630,2020-12-05 19:36:30,2020-12-05 23:59:59,ev_C,C,8,
20201205193640,2020-12-05 19:36:40,2020-12-05 23:59:59,ev_C,C,4,
20201205193650,2020-12-05 19:36:50,2020-12-05 23:59:59,ev_C,C,12,
20201205193700,2020-12-05 19:37:00,2020-12-05 23:59:59,ev_C,C,7,
20201205193710,2020-12-05 19:37:10,2020-12-05 23:59:59,ev_C,C,11,
20201205193720,2020-12-05 19:37:20,2020-12-05 23:59:59,ev_N,K,4,
20201205193730,2020-12-05 19:37:30,2020-12-05 23:59:59,ev_C,C,3,
20201205193740,2020-12-05 19:37:40,2020-12-05 23:59:59,ev_K,K,2,
20201205193750,2020-12-05 19:37:50,2020-12-05 23:59:59,ev_C,C,25,
20201205193800,2020-12-05 19:38:00,2020-12-05 23:59:59,ev_K,K,5,
20201205193810,2020-12-05 19:38:10,2020-12-05 23:59:59,ev_K,K,4,
20201205193820,2020-12-05 19:38:20,2020-12-05 23:59:59,ev_C,C,7,
20201205193830,2020-12-05 19:38:30,2020-12-05 23:59:59,ev_C,C,21,
20201205193840,2020-12-05 19:38:40,2020-12-05 23:59:59,ev_C,C,7,
20201205193850,2020-12-05 19:38:50,2020-12-05 23:59:59,ev_K,K,4,
20201205193900,2020-12-05 19:39:00,2020-12-05 23:59:59,ev_K,K,3,
20201205193910,2020-12-05 19:39:10,2020-12-05 23:59:59,ev_N,K,1,
20201205193920,2020-12-05 19:39:20,2020-12-05 23:59:59,ev_C,C,8,
20201205193930,2020-12-05 19:39:30,2020-12-05 23:59:59,ev_C,C,10,
20201205193940,2020-12-05 19:39:40,2020-12-05 23:59:59,ev_C,C,22,
20201205193950,2020-12-05 19:39:50,2020-12-05 23:59:59,ev_K,K,1,
20201205194000,2020-12-05 19:40:00,2020-12-05 23:59:59,ev_C,C,3,
20201205194010,2020-12-05 19:40:10,2020-12-05 23:59:59,ev_C,C,25,
20201205194020,2020-12-05 19:40:20,2020-12-05 23:59:59,ev_C,C,13,
20201205194030,2020-12-05 19:40:30,2020-12-05 23:59:59,ev_C,C,12,
20201205194040,2020-12-05 19:40:40,2020-12-05 23:59:59,ev_C,C,8,
20201205194050,2020-12-05 19:40:50,2020-12-05 23:59:59,ev_C,C,9,
20201205194100,2020-12-05 19:41:00,2020-12-05 23:59:59,ev_C,C,3,
20201205194110,2020-12-05 19:41:10,2020-12-05 23:59:59,ev_C,C,6,
20201205194120,2020-12-05 19:41:20,2020-12-05 23:59:59,ev_C,C,23,
20201205194130,2020-12-05 19:41:30,2020-12-05 23:59:59,ev_C,C,25,
20201205194140,2020-12-05 19:41:40,2020-12-05 23:59:59,ev_K,K,4,
20201205194150,2020-12-05 19:41:50,2020-12-05 23:59:59,ev_C,C,21,
20201205194200,2020-12-05 19:42:00,2020-12-05 23:59:59,ev_C,C,2,
20201205194210,2020-12-05 19:42:10,2020-12-05 23:59:59,ev_C,C,25,
20201205194220,2020-12-05 19:42:20,2020-12-05 23:59:59,ev_C,C,7,
20201205194230,2020-12-05 19:42:30,2020-12-05 23:59:59,ev_K,K,3,
20201205194240,2020-12-05 19:42:40,2020-12-05 23:59:59,ev_C,C,1,
20201205194250,2020-12-05 19:42:50,2020-12-05 23:59:59,ev_C,C,2,
20201205194300,2020-12-05 19:43:00,2020-12-05 23:59:59,ev_C,C,24,
20201205194310,2020-12-05 19:43:10,2020-12-05 23:59:59,ev_C,C,25,
20201205194320,2020-12-05 19:43:20,2020-12-05 23:59:59,ev_C,C,14,
20201205194330,2020-12-05 19:43:30,2020-12-05 23:59:59,ev_N,K,3,
20201205194340,2020-12-05 19:43:40,2020-12-05 23:59:59,ev_C,C,14,
20201205194350,2020-12-05 19:43:50,2020-12-05 23:59:59,ev_N,K,1,
20201205194400,2020-12-05 19:44:00,2020-12-05 23:59:59,ev_C,C,14,
20201205194410,2020-12-05 19:44:10,2020-12-05 23:59:59,ev_C,C,7,
20201205194420,2020-12-05 19:44:20,2020-12-05 23:59:59,ev_C,C,6,
20201205194430,2020-12-05 19:44:30,2020-12-05 23:59:59,ev_C,C,13,
20201205194440,2020-12-05 19:44:40,2020-12-05 23:59:59,ev_C,C,11,
20201205194450,2020-12-05 19:44:50,2020-12-05 23:59:59,ev_K,K,5,
20201205194500,2020-12-05 19:45:00,2020-12-05 23:59:59,ev_C,C,12,
20201205194510,2020-12-05 19:45:10,2020-12-05 23:59:59,ev_C,C,4,
20201205194520,2020-12-05 19:45:20,2020-12-05 23:59:59,ev_C,C,21,
20201205194530,2020-12-05 19:45:30,2020-12-05 23:59:59,ev_C,C,12,
20201205194540,2020-12-05 19:45:40,2020-12-05 23:59:59,ev_C,C,25,
20201205194550,2020-12-05 19:45:50,2020-12-05 23:59:59,ev_C,C,22,
20201205194600,2020-12-05 19:46:00,2020-12-05 23:59:59,ev_C,C,6,
20201205194610,2020-12-05 19:46:10,2020-12-05 23:59:59,ev_K,K,1,
20201205194620,2020-12-05 19:46:20,2020-12-05 23:59:59,ev_N,K,4,
20201205194630,2020-12-05 19:46:30,2020-12-05 23:59:59,ev_C,C,10,
20201205194640,2020-12-05 19:46:40,2020-12-05 23:59:59,ev_C,C,11,
20201205194650,2020-12-05 19:46:50,2020-12-05 23:59:59,ev_C,C,7,
20201205194700,2020-12-05 19:47:00,2020-12-05 23:59:59,ev_C,C,14,
20201205194710,2020-12-05 19:47:10,2020-12-05 23:59:59,ev_C,C,14,
20201205194720,2020-12-05 19:47:20,2020-12-05 23:59:59,ev_K,K,3,
20201205194730,2020-12-05 19:47:30,2020-12-05 23:59:59,ev_C,C,2,
20201205194740,2020-12-05 19:47:40,2020-12-05 23:59:59,ev_C,C,23,
20201205194750,2020-12-05 19:47:50,2020-12-05 23:59:59,ev_C,C,12,
20201205194800,2020-12-05 19:48:00,2020-12-05 23:59:59,ev_C,C,4,
20201205194810,2020-12-05 19:48:10,2020-12-05 23:59:59,ev_K,K,3,
20201205194820,2020-12-05 19:48:20,2020-12-05 23:59:59,ev_C,C,22,
20201205194830,2020-12-05 19:48:30,2020-12-05 23:59:59,ev_C,C,8,
20201205194840,2020-12-05 19:48:40,2020-12-05 23:59:59,ev_C,C,5,
20201205194850,2020-12-05 19:48:50,2020-12-05 23:59:59,ev_C,C,5,
20201205194900,2020-12-05 19:49:00,2020-12-05 23:59:59,ev_C,C,1,
20201205194910,2020-12-05 19:49:10,2020-12-05 23:59:59,ev_K,K,5,
20201205194920,2020-12-05 19:49:20,2020-12-05 23:59:59,ev_K,K,3,
20201205194930,2020-12-05 19:49:30,2020-12-05 23:59:59,ev_K,K,3,
20201205194940,2020-12-05 19:49:40,2020-12-05 23:59:59,ev_C,C,25,
20201205194950,2020-12-05 19:49:50,2020-12-05 23:59:59,ev_C,C,1,
20201205195000,2020-12-05 19:50:00,2020-12-05 23:59:59,ev_C,C,12,
20201205195010,2020-12-05 19:50:10,2020-12-05 23:59:59,ev_C,C,25,
20201205195020,2020-12-05 19:50:20,2020-12-05 23:59:59,ev_C,C,12,
20201205195030,2020-12-05 19:50:30,2020-12-05 23:59:59,ev_C,C,22,
20201205195040,2020-12-05 19:50:40,2020-12-05 23:59:59,ev_N,K,2,
20201205195050,2020-12-05 19:50:50,2020-12-05 23:59:59,ev_K,K,4,
20201205195100,2020-12-05 19:51:00,2020-12-05 23:59:59,ev_K,K,4,
20201205195110,2020-12-05 19:51:10,2020-12-05 23:59:59,ev_C,C,4,
20201205195120,2020-12-05 19:51:20,2020-12-05 23:59:59,ev_C,C,3,
20201205195130,2020-12-05 19:51:30,2020-12-05 23:59:59,ev_C,C,7,
20201205195140,2020-12-05 19:51:40,2020-12-05 23:59:59,ev_C,C,7,
20201205195150,2020-12-05 19:51:50,2020-12-05 23:59:59,ev_C,C,4,
20201205195200,2020-12-05 19:52:00,2020-12-05 23:59:59,ev_C,C,2,
20201205195210,2020-12-05 19:52:10,2020-12-05 23:59:59,ev_K,K,3,
20201205195220,2020-12-05 19:52:20,2020-12-05 23:59:59,ev_C,C,25,
20201205195230,2020-12-05 19:52:30,2020-12-05 23:59:59,ev_C,C,23,
20201205195240,2020-12-05 19:52:40,2020-12-05 23:59:59,ev_C,C,2,
20201205195250,2020-12-05 19:52:50,2020-12-05 23:59:59,ev_C,C,7,
20201205195300,2020-12-05 19:53:00,2020-12-05 23:59:59,ev_K,K,5,
20201205195310,2020-12-05 19:53:10,2020-12-05 23:59:59,ev_C,C,2,
20201205195320,2020-12-05 19:53:20,2020-12-05 23:59:59,ev_C,C,25,
20201205195330,2020-12-05 19:53:30,2020-12-05 23:59:59,ev_C,C,1,
20201205195340,2020-12-05 19:53:40,2020-12-05 23:59:59,ev_C,C,6,
20201205195350,2020-12-05 19:53:50,2020-12-05 23:59:59,ev_K,K,1,
20201205195400,2020-12-05 19:54:00,2020-12-05 23:59:59,ev_C,C,23,
20201205195410,2020-12-05 19:54:10,2020-12-05 23:59:59,ev_C,C,13,
20201205195420,2020-12-05 19:54:20,2020-12-05 23:59:59,ev_C,C,10,
20201205195430,2020-12-05 19:54:30,2020-12-05 23:59:59,ev_C,C,10,
20201205195440,2020-12-05 19:54:40,2020-12-05 23:59:59,ev_C,C,3,
20201205195450,2020-12-05 19:54:50,2020-12-05 23:59:59,ev_C,C,25,
20201205195500,2020-12-05 19:55:00,2020-12-05 23:59:59,ev_K,K,2,
20201205195510,2020-12-05 19:55:10,2020-12-05 23:59:59,ev_C,C,5,
20201205195520,2020-12-05 19:55:20,2020-12-05 23:59:59,ev_C,C,3,
20201205195530,2020-12-05 19:55:30,2020-12-05 23:59:59,ev_C,C,12,
20201205195540,2020-12-05 19:55:40,2020-12-05 23:59:59,ev_C,C,23,
20201205195550,2020-12-05 19:55:50,2020-12-05 23:59:59,ev_K,K,2,
20201205195600,2020-12-05 19:56:00,2020-12-05 23:59:59,ev_K,K,4,
20201205195610,2020-12-05 19:56:10,2020-12-05 23:59:59,ev_C,C,3,
20201205195620,2020-12-05 19:56:20,2020-12-05 23:59:59,ev_C,C,8,
20201205195630,2020-12-05 19:56:30,2020-12-05 23:59:59,ev_C,C,13,
20201205195640,2020-12-05 19:56:40,2020-12-05 23:59:59,ev_C,C,8,
20201205195650,2020-12-05 19:56:50,2020-12-05 23:59:59,ev_C,C,5,
20201205195700,2020-12-05 19:57:00,2020-12-05 23:59:59,ev_C,C,4,
20201205195710,2020-12-05 19:57:10,2020-12-05 23:59:59,ev_C,C,5,
20201205195720,2020-12-05 19:57:20,2020-12-05 23:59:59,ev_C,C,1,
20201205195730,2020-12-05 19:57:30,2020-12-05 23:59:59,ev_K,K,3,
20201205195740,2020-12-05 19:57:40,2020-12-05 23:59:59,ev_C,C,22,
20201205195750,2020-12-05 19:57:50,2020-12-05 23:59:59,ev_N,K,3,
20201205195800,2020-12-05 19:58:00,2020-12-05 23:59:59,ev_C,C,5,
20201205195810,2020-12-05 19:58:10,2020-12-05 23:59:59,ev_C,C,22,
20201205195820,2020-12-05 19:58:20,2020-12-05 23:59:59,ev_K,K,4,
20201205195830,2020-12-05 19:58:30,2020-12-05 23:59:59,ev_C,C,10,
20201205195840,2020-12-05 19:58:40,2020-12-05 23:59:59,ev_C,C,25,
20201205195850,2020-12-05 19:58:50,2020-12-05 23:59:59,ev_K,K,4,
20201205195900,2020-12-05 19:59:00,2020-12-05 23:59:59,ev_K,K,5,
20201205195910,2020-12-05 19:59:10,2020-12-05 23:59:59,ev_C,C,25,
20201205195920,2020-12-05 19:59:20,2020-12-05 23:59:59,ev_C,C,4,
20201205195930,2020-12-05 19:59:30,2020-12-05 23:59:59,ev_C,C,6,
20201205195940,2020-12-05 19:59:40,2020-12-05 23:59:59,ev_C,C,4,
20201205195950,2020-12-05 19:59:50,2020-12-05 23:59:59,ev_K,K,4,
20201205200000,2020-12-05 20:00:00,2020-12-05 23:59:59,ev_C,C,22,
20201205200010,2020-12-05 20:00:10,2020-12-05 23:59:59,ev_N,K,4,
20201205200020,2020-12-05 20:00:20,2020-12-05 23:59:59,ev_C,C,12,
20201205200030,2020-12-05 20:00:30,2020-12-05 23:59:59,ev_C,C,3,
20201205200040,2020-12-05 20:00:40,2020-12-05 23:59:59,ev_C,C,13,
20201205200050,2020-12-05 20:00:50,2020-12-05 23:59:59,ev_K,K,1,
20201205200100,2020-12-05 20:01:00,2020-12-05 23:59:59,ev_C,C,24,
20201205200110,2020-12-05 20:01:10,2020-12-05 23:59:59,ev_C,C,2,
20201205200120,2020-12-05 20:01:20,2020-12-05 23:59:59,ev_C,C,9,
20201205200130,2020-12-05 20:01:30,2020-12-05 23:59:59,ev_C,C,22,
20201205200140,2020-12-05 20:01:40,2020-12-05 23:59:59,ev_C,C,2,
20201205200150,2020-12-05 20:01:50,2020-12-05 23:59:59,ev_C,C,5,
20201205200200,2020-12-05 20:02:00,2020-12-05 23:59:59,ev_C,C,7,
20201205200210,2020-12-05 20:02:10,2020-12-05 23:59:59,ev_C,C,14,
20201205200220,2020-12-05 20:02:20,2020-12-05 23:59:59,ev_K,K,3,
20201205200230,2020-12-05 20:02:30,2020-12-05 23:59:59,ev_N,K,4,
20201205200240,2020-12-05 20:02:40,2020-12-05 23:59:59,ev_C,C,7,
20201205200250,2020-12-05 20:02:50,2020-12-05 23:59:59,ev_C,C,12,
20201205200300,2020-12-05 20:03:00,2020-12-05 23:59:59,ev_C,C,14,
20201205200310,2020-12-05 20:03:10,2020-12-05 23:59:59,ev_K,K,5,
20201205200320,2020-12-05 20:03:20,2020-12-05 23:59:59,ev_C,C,23,
20201205200330,2020-12-05 20:03:30,2020-12-05 23:59:59,ev_C,C,2,
20201205200340,2020-12-05 20:03:40,2020-12-05 23:59:59,ev_C,C,4,
20201205200350,2020-12-05 20:03:50,2020-12-05 23:59:59,ev_C,C,13,
20201205200400,2020-12-05 20:04:00,2020-12-05 23:59:59,ev_K,K,3,
20201205200410,2020-12-05 20:04:10,2020-12-05 23:59:59,ev_C,C,2,
20201205200420,2020-12-05 20:04:20,2020-12-05 23:59:59,ev_C,C,12,
20201205200430,2020-12-05 20:04:30,2020-12-05 23:59:59,ev_K,K,3,
20201205200440,2020-12-05 20:04:40,2020-12-05 23:59:59,ev_K,K,3,
20201205200450,2020-12-05 20:04:50,2020-12-05 23:59:59,ev_C,C,24,
20201205200500,2020-12-05 20:05:00,2020-12-05 23:59:59,ev_C,C,7,
20201205200510,2020-12-05 20:05:10,2020-12-05 23:59:59,ev_C,C,22,
20201205200520,2020-12-05 20:05:20,2020-12-05 23:59:59,ev_C,C,21,
20201205200530,2020-12-05 20:05:30,2020-12-05 23:59:59,ev_C,C,11,
20201205200540,2020-12-05 20:05:40,2020-12-05 23:59:59,ev_K,K,2,
20201205200550,2020-12-05 20:05:50,2020-12-05 23:59:59,ev_C,C,15,
20201205200600,2020-12-05 20:06:00,2020-12-05 23:59:59,ev_C,C,3,
20201205200610,2020-12-05 20:06:10,2020-12-05 23:59:59,ev_C,C,15,
20201205200620,2020-12-05 20:06:20,2020-12-05 23:59:59,ev_C,C,1,
20201205200630,2020-12-05 20:06:30,2020-12-05 23:59:59,ev_C,C,22,
20201205200640,2020-12-05 20:06:40,2020-12-05 23:59:59,ev_C,C,15,
20201205200650,2020-12-05 20:06:50,2020-12-05 23:59:59,ev_C,C,9,
20201205200700,2020-12-05 20:07:00,2020-12-05 23:59:59,ev_K,K,2,
20201205200710,2020-12-05 20:07:10,2020-12-05 23:59:59,ev_N,K,2,
20201205200720,2020-12-05 20:07:20,2020-12-05 23:59:59,ev_C,C,2,
20201205200730,2020-12-05 20:07:30,2020-12-05 23:59:59,ev_C,C,7,
20201205200740,2020-12-05 20:07:40,2020-12-05 23:59:59,ev_C,C,4,
20201205200750,2020-12-05 20:07:50,2020-12-05 23:59:59,ev_K,K,4,
20201205200800,2020-12-05 20:08:00,2020-12-05 23:59:59,ev_C,C,23,
20201205200810,2020-12-05 20:08:10,2020-12-05 23:59:59,ev_C,C,23,
20201205200820,2020-12-05 20:08:20,2020-12-05 23:59:59,ev_C,C,14,
20201205200830,2020-12-05 20:08:30,2020-12-05 23:59:59,ev_C,C,12,
20201205200840,2020-12-05 20:08:40,2020-12-05 23:59:59,ev_C,C,9,
20201205200850,2020-12-05 20:08:50,2020-12-05 23:59:59,ev_C,C,5,
20201205200900,2020-12-05 20:09:00,2020-12-05 23:59:59,ev_K,K,2,
20201205200910,2020-12-05 20:09:10,2020-12-05 23:59:59,ev_C,C,8,
20201205200920,2020-12-05 20:09:20,2020-12-05 23:59:59,ev_C,C,14,
20201205200930,2020-12-05 20:09:30,2020-12-05 23:59:59,ev_C,C,4,
20201205200940,2020-12-05 20:09:40,2020-12-05 23:59:59,ev_K,K,3,
20201205200950,2020-12-05 20:09:50,2020-12-05 23:59:59,ev_C,C,23,
20201205201000,2020-12-05 20:10:00,2020-12-05 23:59:59,ev_K,K,4,
20201205201010,2020-12-05 20:10:10,2020-12-05 23:59:59,ev_C,C,14,
20201205201020,2020-12-05 20:10:20,2020-12-05 23:59:59,ev_N,K,4,
20201205201030,2020-12-05 20:10:30,2020-12-05 23:59:59,ev_C,C,21,
20201205201040,2020-12-05 20:10:40,2020-12-05 23:59:59,ev_N,K,5,
20201205201050,2020-12-05 20:10:50,2020-12-05 23:59:59,ev_C,C,1,
20201205201100,2020-12-05 20:11:00,2020-12-05 23:59:59,ev_N,K,4,
20201205201110,2020-12-05 20:11:10,2020-12-05 23:59:59,ev_C,C,12,
20201205201120,2020-12-05 20:11:20,2020-12-05 23:59:59,ev_C,C,14,
20201205201130,2020-12-05 20:11:30,2020-12-05 23:59:59,ev_C,C,13,
20201205201140,2020-12-05 20:11:40,2020-12-05 23:59:59,ev_K,K,2,
20201205201150,2020-12-05 20:11:50,2020-12-05 23:59:59,ev_C,C,2,
20201205201200,2020-12-05 20:12:00,2020-12-05 23:59:59,ev_C,C,13,
20201205201210,2020-12-05 20:12:10,2020-12-05 23:59:59,ev_C,C,8,
20201205201220,2020-12-05 20:12:20,2020-12-05 23:59:59,ev_C,C,15,
20201205201230,2020-12-05 20:12:30,2020-12-05 23:59:59,ev_K,K,4,
20201205201240,2020-12-05 20:12:40,2020-12-05 23:59:59,ev_C,C,22,
20201205201250,2020-12-05 20:12:50,2020-12-05 23:59:59,ev_C,C,21,
20201205201300,2020-12-05 20:13:00,2020-12-05 23:59:59,ev_C,C,21,
20201205201310,2020-12-05 20:13:10,2020-12-05 23:59:59,ev_K,K,4,
20201205201320,2020-12-05 20:13:20,2020-12-05 23:59:59,ev_C,C,5,
20201205201330,2020-12-05 20:13:30,2020-12-05 23:59:59,ev_K,K,5,
20201205201340,2020-12-05 20:13:40,2020-12-05 23:59:59,ev_C,C,14,
20201205201350,2020-12-05 20:13:50,2020-12-05 23:59:59,ev_C,C,12,
20201205201400,2020-12-05 20:14:00,2020-12-05 23:59:59,ev_C,C,11,
20201205201410,2020-12-05 20:14:10,2020-12-05 23:59:59,ev_C,C,11,
20201205201420,2020-12-05 20:14:20,2020-12-05 23:59:59,ev_K,K,5,
20201205201430,2020-12-05 20:14:30,2020-12-05 23:59:59,ev_C,C,10,
20201205201440,2020-12-05 20:14:40,2020-12-05 23:59:59,ev_K,K,5,
20201205201450,2020-12-05 20:14:50,2020-12-05 23:59:59,ev_C,C,4,
20201205201500,2020-12-05 20:15:00,2020-12-05 23:59:59,ev_C,C,10,
20201205201510,2020-12-05 20:15:10,2020-12-05 23:59:59,ev_C,C,4,
20201205201520,2020-12-05 20:15:20,2020-12-05 23:59:59,ev_C,C,13,
20201205201530,2020-12-05 20:15:30,2020-12-05 23:59:59,ev_C,C,4,
20201205201540,2020-12-05 20:15:40,2020-12-05 23:59:59,ev_C,C,13,
20201205201550,2020-12-05 20:15:50,2020-12-05 23:59:59,ev_N,K,4,
20201205201600,2020-12-05 20:16:00,2020-12-05 23:59:59,ev_K,K,1,
20201205201610,2020-12-05 20:16:10,2020-12-05 23:59:59,ev_C,C,14,
20201205201620,2020-12-05 20:16:20,2020-12-05 23:59:59,ev_C,C,1,
20201205201630,2020-12-05 20:16:30,2020-12-05 23:59:59,ev_C,C,22,
20201205201640,2020-12-05 20:16:40,2020-12-05 23:59:59,ev_N,K,3,
20201205201650,2020-12-05 20:16:50,2020-12-05 23:59:59,ev_K,K,1,
20201205201700,2020-12-05 20:17:00,2020-12-05 23:59:59,ev_C,C,12,
20201205201710,2020-12-05 20:17:10,2020-12-05 23:59:59,ev_K,K,1,
20201205201720,2020-12-05 20:17:20,2020-12-05 23:59:59,ev_C,C,6,
20201205201730,2020-12-05 20:17:30,2020-12-05 23:59:59,ev_C,C,8,
20201205201740,2020-12-05 20:17:40,2020-12-05 23:59:59,ev_C,C,8,
20201205201750,2020-12-05 20:17:50,2020-12-05 23:59:59,ev_K,K,5,
20201205201800,2020-12-05 20:18:00,2020-12-05 23:59:59,ev_C,C,8,
20201205201810,2020-12-05 20:18:10,2020-12-05 23:59:59,ev_C,C,14,
20201205201820,2020-12-05 20:18:20,2020-12-05 23:59:59,ev_K,K,1,
20201205201830,2020-12-05 20:18:30,2020-12-05 23:59:59,ev_C,C,4,
20201205201840,2020-12-05 20:18:40,2020-12-05 23:59:59,ev_C,C,6,
20201205201850,2020-12-05 20:18:50,2020-12-05 23:59:59,ev_C,C,7,
20201205201900,2020-12-05 20:19:00,2020-12-05 23:59:59,ev_C,C,13,
20201205201910,2020-12-05 20:19:10,2020-12-05 23:59:59,ev_C,C,23,
20201205201920,2020-12-05 20:19:20,2020-12-05 23:59:59,ev_K,K,2,
20201205201930,2020-12-05 20:19:30,2020-12-05 23:59:59,ev_C,C,14,
20201205201940,2020-12-05 20:19:40,2020-12-05 23:59:59,ev_C,C,6,
20201205201950,2020-12-05 20:19:50,2020-12-05 23:59:59,ev_K,K,2,
20201205202000,2020-12-05 20:20:00,2020-12-05 23:59:59,ev_C,C,23,
20201205202010,2020-12-05 20:20:10,2020-12-05 23:59:59,ev_K,K,1,
20201205202020,2020-12-05 20:20:20,2020-12-05 23:59:59,ev_K,K,4,
20201205202030,2020-12-05 20:20:30,2020-12-05 23:59:59,ev_K,K,5,
20201205202040,2020-12-05 20:20:40,2020-12-05 23:59:59,ev_C,C,11,
20201205202050,2020-12-05 20:20:50,2020-12-05 23:59:59,ev_C,C,8,
20201205202100,2020-12-05 20:21:00,2020-12-05 23:59:59,ev_C,C,13,
20201205202110,2020-12-05 20:21:10,2020-12-05 23:59:59,ev_K,K,2,
20201205202120,2020-12-05 20:21:20,2020-12-05 23:59:59,ev_C,C,25,
20201205202130,2020-12-05 20:21:30,2020-12-05 23:59:59,ev_K,K,4,
20201205202140,2020-12-05 20:21:40,2020-12-05 23:59:59,ev_C,C,3,
20201205202150,2020-12-05 20:21:50,2020-12-05 23:59:59,ev_C,C,2,
20201205202200,2020-12-05 20:22:00,2020-12-05 23:59:59,ev_K,K,3,
20201205202210,2020-12-05 20:22:10,2020-12-05 23:59:59,ev_C,C,8,
20201205202220,2020-12-05 20:22:20,2020-12-05 23:59:59,ev_C,C,10,
20201205202230,2020-12-05 20:22:30,2020-12-05 23:59:59,ev_C,C,7,
20201205202240,2020-12-05 20:22:40,2020-12-05 23:59:59,ev_C,C,10,
20201205202250,2020-12-05 20:22:50,2020-12-05 23:59:59,ev_C,C,12,
20201205202300,2020-12-05 20:23:00,2020-12-05 23:59:59,ev_C,C,11,
20201205202310,2020-12-05 20:23:10,2020-12-05 23:59:59,ev_C,C,13,
20201205202320,2020-12-05 20:23:20,2020-12-05 23:59:59,ev_C,C,22,
20201205202330,2020-12-05 20:23:30,2020-12-05 23:59:59,ev_C,C,23,
20201205202340,2020-12-05 20:23:40,2020-12-05 23:59:59,ev_C,C,5,
20201205202350,2020-12-05 20:23:50,2020-12-05 23:59:59,ev_C,C,1,
20201205202400,2020-12-05 20:24:00,2020-12-05 23:59:59,ev_C,C,13,
20201205202410,2020-12-05 20:24:10,2020-12-05 23:59:59,ev_C,C,23,
20201205202420,2020-12-05 20:24:20,2020-12-05 23:59:59,ev_C,C,2,
20201205202430,2020-12-05 20:24:30,2020-12-05 23:59:59,ev_K,K,2,
20201205202440,2020-12-05 20:24:40,2020-12-05 23:59:59,ev_C,C,5,
20201205202450,2020-12-05 20:24:50,2020-12-05 23:59:59,ev_C,C,14,
20201205202500,2020-12-05 20:25:00,2020-12-05 23:59:59,ev_C,C,1,
20201205202510,2020-12-05 20:25:10,2020-12-05 23:59:59,ev_C,C,25,
20201205202520,2020-12-05 20:25:20,2020-12-05 23:59:59,ev_K,K,5,
20201205202530,2020-12-05 20:25:30,2020-12-05 23:59:59,ev_C,C,11,
20201205202540,2020-12-05 20:25:40,2020-12-05 23:59:59,ev_C,C,10,
20201205202550,2020-12-05 20:25:50,2020-12-05 23:59:59,ev_K,K,3,
20201205202600,2020-12-05 20:26:00,2020-12-05 23:59:59,ev_C,C,6,
20201205202610,2020-12-05 20:26:10,2020-12-05 23:59:59,ev_C,C,14,
20201205202620,2020-12-05 20:26:20,2020-12-05 23:59:59,ev_C,C,3,
20201205202630,2020-12-05 20:26:30,2020-12-05 23:59:59,ev_C,C,7,
20201205202640,2020-12-05 20:26:40,2020-12-05 23:59:59,ev_N,K,5,
20201205202650,2020-12-05 20:26:50,2020-12-05 23:59:59,ev_C,C,15,
20201205202700,2020-12-05 20:27:00,2020-12-05 23:59:59,ev_C,C,11,
20201205202710,2020-12-05 20:27:10,2020-12-05 23:59:59,ev_C,C,3,
20201205202720,2020-12-05 20:27:20,2020-12-05 23:59:59,ev_C,C,1,
20201205202730,2020-12-05 20:27:30,2020-12-05 23:59:59,ev_C,C,13,
20201205202740,2020-12-05 20:27:40,2020-12-05 23:59:59,ev_C,C,1,
20201205202750,2020-12-05 20:27:50,2020-12-05 23:59:59,ev_C,C,5,
20201205202800,2020-12-05 20:28:00,2020-12-05 23:59:59,ev_C,C,23,
20201205202810,2020-12-05 20:28:10,2020-12-05 23:59:59,ev_C,C,1,
20201205202820,2020-12-05 20:28:20,2020-12-05 23:59:59,ev_N,K,2,
20201205202830,2020-12-05 20:28:30,2020-12-05 23:59:59,ev_C,C,3,
20201205202840,2020-12-05 20:28:40,2020-12-05 23:59:59,ev_C,C,8,
20201205202850,2020-12-05 20:28:50,2020-12-05 23:59:59,ev_K,K,1,
20201205202900,2020-12-05 20:29:00,2020-12-05 23:59:59,ev_C,C,22,
20201205202910,2020-12-05 20:29:10,2020-12-05 23:59:59,ev_K,K,2,
20201205202920,2020-12-05 20:29:20,2020-12-05 23:59:59,ev_C,C,12,
20201205202930,2020-12-05 20:29:30,2020-12-05 23:59:59,ev_C,C,11,
20201205202940,2020-12-05 20:29:40,2020-12-05 23:59:59,ev_C,C,22,
20201205202950,2020-12-05 20:29:50,2020-12-05 23:59:59,ev_C,C,25,
20201205203000,2020-12-05 20:30:00,2020-12-05 23:59:59,ev_C,C,11,
20201205203010,2020-12-05 20:30:10,2020-12-05 23:59:59,ev_C,C,11,
20201205203020,2020-12-05 20:30:20,2020-12-05 23:59:59,ev_C,C,13,
20201205203030,2020-12-05 20:30:30,2020-12-05 23:59:59,ev_C,C,11,
20201205203040,2020-12-05 20:30:40,2020-12-05 23:59:59,ev_C,C,7,
20201205203050,2020-12-05 20:30:50,2020-12-05 23:59:59,ev_K,K,3,
20201205203100,2020-12-05 20:31:00,2020-12-05 23:59:59,ev_K,K,2,
20201205203110,2020-12-05 20:31:10,2020-12-05 23:59:59,ev_N,K,4,
20201205203120,2020-12-05 20:31:20,2020-12-05 23:59:59,ev_K,K,4,
20201205203130,2020-12-05 20:31:30,2020-12-05 23:59:59,ev_C,C,5,
20201205203140,2020-12-05 20:31:40,2020-12-05 23:59:59,ev_C,C,8,
20201205203150,2020-12-05 20:31:50,2020-12-05 23:59:59,ev_N,K,5,
20201205203200,2020-12-05 20:32:00,2020-12-05 23:59:59,ev_K,K,2,
20201205203210,2020-12-05 20:32:10,2020-12-05 23:59:59,ev_C,C,15,
20201205203220,2020-12-05 20:32:20,2020-12-05 23:59:59,ev_C,C,23,
20201205203230,2020-12-05 20:32:30,2020-12-05 23:59:59,ev_C,C,13,
20201205203240,2020-12-05 20:32:40,2020-12-05 23:59:59,ev_C,C,10,
20201205203250,2020-12-05 20:32:50,2020-12-05 23:59:59,ev_C,C,3,
20201205203300,2020-12-05 20:33:00,2020-12-05 23:59:59,ev_K,K,1,
20201205203310,2020-12-05 20:33:10,2020-12-05 23:59:59,ev_C,C,15,
20201205203320,2020-12-05 20:33:20,2020-12-05 23:59:59,ev_K,K,5,
20201205203330,2020-12-05 20:33:30,2020-12-05 23:59:59,ev_C,C,2,
20201205203340,2020-12-05 20:33:40,2020-12-05 23:59:59,ev_C,C,15,
20201205203350,2020-12-05 20:33:50,2020-12-05 23:59:59,ev_C,C,11,
20201205203400,2020-12-05 20:34:00,2020-12-05 23:59:59,ev_C,C,6,
20201205203410,2020-12-05 20:34:10,2020-12-05 23:59:59,ev_C,C,25,
20201205203420,2020-12-05 20:34:20,2020-12-05 23:59:59,ev_K,K,2,
20201205203430,2020-12-05 20:34:30,2020-12-05 23:59:59,ev_C,C,15,
20201205203440,2020-12-05 20:34:40,2020-12-05 23:59:59,ev_C,C,8,
20201205203450,2020-12-05 20:34:50,2020-12-05 23:59:59,ev_C,C,12,
20201205203500,2020-12-05 20:35:00,2020-12-05 23:59:59,ev_C,C,11,
20201205203510,2020-12-05 20:35:10,2020-12-05 23:59:59,ev_C,C,21,
20201205203520,2020-12-05 20:35:20,2020-12-05 23:59:59,ev_C,C,11,
20201205203530,2020-12-05 20:35:30,2020-12-05 23:59:59,ev_N,K,5,
20201205203540,2020-12-05 20:35:40,2020-12-05 23:59:59,ev_C,C,23,
20201205203550,2020-12-05 20:35:50,2020-12-05 23:59:59,ev_N,K,4,
20201205203600,2020-12-05 20:36:00,2020-12-05 23:59:59,ev_C,C,11,
20201205203610,2020-12-05 20:36:10,2020-12-05 23:59:59,ev_N,K,1,
20201205203620,2020-12-05 20:36:20,2020-12-05 23:59:59,ev_C,C,8,
20201205203630,2020-12-05 20:36:30,2020-12-05 23:59:59,ev_K,K,4,
20201205203640,2020-12-05 20:36:40,2020-12-05 23:59:59,ev_C,C,7,
20201205203650,2020-12-05 20:36:50,2020-12-05 23:59:59,ev_K,K,3,
20201205203700,2020-12-05 20:37:00,2020-12-05 23:59:59,ev_K,K,5,
20201205203710,2020-12-05 20:37:10,2020-12-05 23:59:59,ev_C,C,22,
20201205203720,2020-12-05 20:37:20,2020-12-05 23:59:59,ev_C,C,3,
20201205203730,2020-12-05 20:37:30,2020-12-05 23:59:59,ev_C,C,15,
20201205203740,2020-12-05 20:37:40,2020-12-05 23:59:59,ev_C,C,3,
20201205203750,2020-12-05 20:37:50,2020-12-05 23:59:59,ev_C,C,6,
20201205203800,2020-12-05 20:38:00,2020-12-05 23:59:59,ev_C,C,8,
20201205203810,2020-12-05 20:38:10,2020-12-05 23:59:59,ev_C,C,1,
20201205203820,2020-12-05 20:38:20,2020-12-05 23:59:59,ev_K,K,3,
20201205203830,2020-12-05 20:38:30,2020-12-05 23:59:59,ev_C,C,24,
20201205203840,2020-12-05 20:38:40,2020-12-05 23:59:59,ev_C,C,25,
20201205203850,2020-12-05 20:38:50,2020-12-05 23:59:59,ev_C,C,8,
20201205203900,2020-12-05 20:39:00,2020-12-05 23:59:59,ev_K,K,5,
20201205203910,2020-12-05 20:39:10,2020-12-05 23:59:59,ev_C,C,4,
20201205203920,2020-12-05 20:39:20,2020-12-05 23:59:59,ev_C,C,3,
20201205203930,2020-12-05 20:39:30,2020-12-05 23:59:59,ev_K,K,3,
20201205203940,2020-12-05 20:39:40,2020-12-05 23:59:59,ev_C,C,9,
20201205203950,2020-12-05 20:39:50,2020-12-05 23:59:59,ev_C,C,25,
20201205204000,2020-12-05 20:40:00,2020-12-05 23:59:59,ev_K,K,1,
20201205204010,2020-12-05 20:40:10,2020-12-05 23:59:59,ev_C,C,22,
20201205204020,2020-12-05 20:40:20,2020-12-05 23:59:59,ev_C,C,2,
20201205204030,2020-12-05 20:40:30,2020-12-05 23:59:59,ev_C,C,15,
20201205204040,2020-12-05 20:40:40,2020-12-05 23:59:59,ev_C,C,24,
20201205204050,2020-12-05 20:40:50,2020-12-05 23:59:59,ev_C,C,6,
20201205204100,2020-12-05 20:41:00,2020-12-05 23:59:59,ev_N,K,5,
20201205204110,2020-12-05 20:41:10,2020-12-05 23:59:59,ev_K,K,5,
20201205204120,2020-12-05 20:41:20,2020-12-05 23:59:59,ev_C,C,9,
20201205204130,2020-12-05 20:41:30,2020-12-05 23:59:59,ev_C,C,9,
20201205204140,2020-12-05 20:41:40,2020-12-05 23:59:59,ev_N,K,2,
20201205204150,2020-12-05 20:41:50,2020-12-05 23:59:59,ev_C,C,1,
20201205204200,2020-12-05 20:42:00,2020-12-05 23:59:59,ev_C,C,10,
20201205204210,2020-12-05 20:42:10,2020-12-05 23:59:59,ev_K,K,4,
20201205204220,2020-12-05 20:42:20,2020-12-05 23:59:59,ev_C,C,6,
20201205204230,2020-12-05 20:42:30,2020-12-05 23:59:59,ev_K,K,1,
20201205204240,2020-12-05 20:42:40,2020-12-05 23:59:59,ev_K,K,3,
20201205204250,2020-12-05 20:42:50,2020-12-05 23:59:59,ev_C,C,13,
20201205204300,2020-12-05 20:43:00,2020-12-05 23:59:59,ev_N,K,5,
20201205204310,2020-12-05 20:43:10,2020-12-05 23:59:59,ev_K,K,2,
20201205204320,2020-12-05 20:43:20,2020-12-05 23:59:59,ev_C,C,13,
20201205204330,2020-12-05 20:43:30,2020-12-05 23:59:59,ev_C,C,22,
20201205204340,2020-12-05 20:43:40,2020-12-05 23:59:59,ev_C,C,14,
20201205204350,2020-12-05 20:43:50,2020-12-05 23:59:59,ev_K,K,4,
20201205204400,2020-12-05 20:44:00,2020-12-05 23:59:59,ev_N,K,1,
20201205204410,2020-12-05 20:44:10,2020-12-05 23:59:59,ev_N,K,3,
20201205204420,2020-12-05 20:44:20,2020-12-05 23:59:59,ev_C,C,2,
20201205204430,2020-12-05 20:44:30,2020-12-05 23:59:59,ev_N,K,4,
20201205204440,2020-12-05 20:44:40,2020-12-05 23:59:59,ev_K,K,2,
20201205204450,2020-12-05 20:44:50,2020-12-05 23:59:59,ev_C,C,21,
20201205204500,2020-12-05 20:45:00,2020-12-05 23:59:59,ev_C,C,12,
20201205204510,2020-12-05 20:45:10,2020-12-05 23:59:59,ev_C,C,2,
20201205204520,2020-12-05 20:45:20,2020-12-05 23:59:59,ev_C,C,4,
20201205204530,2020-12-05 20:45:30,2020-12-05 23:59:59,ev_C,C,25,
20201205204540,2020-12-05 20:45:40,2020-12-05 23:59:59,ev_C,C,25,
20201205204550,2020-12-05 20:45:50,2020-12-05 23:59:59,ev_K,K,3,
20201205204600,2020-12-05 20:46:00,2020-12-05 23:59:59,ev_C,C,6,
20201205204610,2020-12-05 20:46:10,2020-12-05 23:59:59,ev_C,C,9,
20201205204620,2020-12-05 20:46:20,2020-12-05 23:59:59,ev_C,C,8,
20201205204630,2020-12-05 20:46:30,2020-12-05 23:59:59,ev_K,K,3,
20201205204640,2020-12-05 20:46:40,2020-12-05 23:59:59,ev_K,K,4,
20201205204650,2020-12-05 20:46:50,2020-12-05 23:59:59,ev_C,C,3,
20201205204700,2020-12-05 20:47:00,2020-12-05 23:59:59,ev_K,K,3,
20201205204710,2020-12-05 20:47:10,2020-12-05 23:59:59,ev_K,K,5,
20201205204720,2020-12-05 20:47:20,2020-12-05 23:59:59,ev_C,C,24,
20201205204730,2020-12-05 20:47:30,2020-12-05 23:59:59,ev_C,C,12,
20201205204740,2020-12-05 20:47:40,2020-12-05 23:59:59,ev_C,C,7,
20201205204750,2020-12-05 20:47:50,2020-12-05 23:59:59,ev_C,C,8,
20201205204800,2020-12-05 20:48:00,2020-12-05 23:59:59,ev_C,C,22,
20201205204810,2020-12-05 20:48:10,2020-12-05 23:59:59,ev_K,K,4,
20201205204820,2020-12-05 20:48:20,2020-12-05 23:59:59,ev_K,K,5,
20201205204830,2020-12-05 20:48:30,2020-12-05 23:59:59,ev_K,K,4,
20201205204840,2020-12-05 20:48:40,2020-12-05 23:59:59,ev_C,C,1,
20201205204850,2020-12-05 20:48:50,2020-12-05 23:59:59,ev_K,K,5,
20201205204900,2020-12-05 20:49:00,2020-12-05 23:59:59,ev_C,C,11,
20201205204910,2020-12-05 20:49:10,2020-12-05 23:59:59,ev_C,C,4,
20201205204920,2020-12-05 20:49:20,2020-12-05 23:59:59,ev_N,K,5,
20201205204930,2020-12-05 20:49:30,2020-12-05 23:59:59,ev_C,C,22,
20201205204940,2020-12-05 20:49:40,2020-12-05 23:59:59,ev_C,C,15,
20201205204950,2020-12-05 20:49:50,2020-12-05 23:59:59,ev_C,C,9,
20201205205000,2020-12-05 20:50:00,2020-12-05 23:59:59,ev_C,C,9,
20201205205010,2020-12-05 20:50:10,2020-12-05 23:59:59,ev_C,C,3,
20201205205020,2020-12-05 20:50:20,2020-12-05 23:59:59,ev_C,C,21,
20201205205030,2020-12-05 20:50:30,2020-12-05 23:59:59,ev_C,C,25,
20201205205040,2020-12-05 20:50:40,2020-12-05 23:59:59,ev_K,K,4,
20201205205050,2020-12-05 20:50:50,2020-12-05 23:59:59,ev_C,C,22,
20201205205100,2020-12-05 20:51:00,2020-12-05 23:59:59,ev_C,C,24,
20201205205110,2020-12-05 20:51:10,2020-12-05 23:59:59,ev_K,K,1,
20201205205120,2020-12-05 20:51:20,2020-12-05 23:59:59,ev_C,C,2,
20201205205130,2020-12-05 20:51:30,2020-12-05 23:59:59,ev_K,K,2,
20201205205140,2020-12-05 20:51:40,2020-12-05 23:59:59,ev_K,K,2,
20201205205150,2020-12-05 20:51:50,2020-12-05 23:59:59,ev_C,C,15,
20201205205200,2020-12-05 20:52:00,2020-12-05 23:59:59,ev_K,K,1,
20201205205210,2020-12-05 20:52:10,2020-12-05 23:59:59,ev_C,C,2,
20201205205220,2020-12-05 20:52:20,2020-12-05 23:59:59,ev_K,K,1,
20201205205230,2020-12-05 20:52:30,2020-12-05 23:59:59,ev_C,C,15,
20201205205240,2020-12-05 20:52:40,2020-12-05 23:59:59,ev_C,C,25,
20201205205250,2020-12-05 20:52:50,2020-12-05 23:59:59,ev_K,K,2,
20201205205300,2020-12-05 20:53:00,2020-12-05 23:59:59,ev_C,C,25,
20201205205310,2020-12-05 20:53:10,2020-12-05 23:59:59,ev_C,C,5,
20201205205320,2020-12-05 20:53:20,2020-12-05 23:59:59,ev_C,C,3,
20201205205330,2020-12-05 20:53:30,2020-12-05 23:59:59,ev_C,C,24,
20201205205340,2020-12-05 20:53:40,2020-12-05 23:59:59,ev_C,C,11,
20201205205350,2020-12-05 20:53:50,2020-12-05 23:59:59,ev_C,C,1,
20201205205400,2020-12-05 20:54:00,2020-12-05 23:59:59,ev_C,C,13,
20201205205410,2020-12-05 20:54:10,2020-12-05 23:59:59,ev_C,C,21,
20201205205420,2020-12-05 20:54:20,2020-12-05 23:59:59,ev_C,C,12,
20201205205430,2020-12-05 20:54:30,2020-12-05 23:59:59,ev_C,C,22,
20201205205440,2020-12-05 20:54:40,2020-12-05 23:59:59,ev_C,C,5,
20201205205450,2020-12-05 20:54:50,2020-12-05 23:59:59,ev_C,C,13,
20201205205500,2020-12-05 20:55:00,2020-12-05 23:59:59,ev_N,K,1,
20201205205510,2020-12-05 20:55:10,2020-12-05 23:59:59,ev_C,C,24,
20201205205520,2020-12-05 20:55:20,2020-12-05 23:59:59,ev_K,K,3,
20201205205530,2020-12-05 20:55:30,2020-12-05 23:59:59,ev_C,C,3,
20201205205540,2020-12-05 20:55:40,2020-12-05 23:59:59,ev_K,K,2,
20201205205550,2020-12-05 20:55:50,2020-12-05 23:59:59,ev_C,C,12,
20201205205600,2020-12-05 20:56:00,2020-12-05 23:59:59,ev_C,C,8,
20201205205610,2020-12-05 20:56:10,2020-12-05 23:59:59,ev_C,C,4,
20201205205620,2020-12-05 20:56:20,2020-12-05 23:59:59,ev_K,K,3,
20201205205630,2020-12-05 20:56:30,2020-12-05 23:59:59,ev_K,K,4,
20201205205640,2020-12-05 20:56:40,2020-12-05 23:59:59,ev_K,K,5,
20201205205650,2020-12-05 20:56:50,2020-12-05 23:59:59,ev_C,C,24,
20201205205700,2020-12-05 20:57:00,2020-12-05 23:59:59,ev_K,K,5,
20201205205710,2020-12-05 20:57:10,2020-12-05 23:59:59,ev_K,K,5,
20201205205720,2020-12-05 20:57:20,2020-12-05 23:59:59,ev_C,C,3,
20201205205730,2020-12-05 20:57:30,2020-12-05 23:59:59,ev_N,K,4,
20201205205740,2020-12-05 20:57:40,2020-12-05 23:59:59,ev_C,C,13,
20201205205750,2020-12-05 20:57:50,2020-12-05 23:59:59,ev_C,C,22,
20201205205800,2020-12-05 20:58:00,2020-12-05 23:59:59,ev_C,C,13,
20201205205810,2020-12-05 20:58:10,2020-12-05 23:59:59,ev_C,C,23,
20201205205820,2020-12-05 20:58:20,2020-12-05 23:59:59,ev_C,C,2,
20201205205830,2020-12-05 20:58:30,2020-12-05 23:59:59,ev_K,K,1,
20201205205840,2020-12-05 20:58:40,2020-12-05 23:59:59,ev_C,C,23,
20201205205850,2020-12-05 20:58:50,2020-12-05 23:59:59,ev_C,C,2,
20201205205900,2020-12-05 20:59:00,2020-12-05 23:59:59,ev_N,K,5,
20201205205910,2020-12-05 20:59:10,2020-12-05 23:59:59,ev_C,C,8,
20201205205920,2020-12-05 20:59:20,2020-12-05 23:59:59,ev_C,C,1,
20201205205930,2020-12-05 20:59:30,2020-12-05 23:59:59,ev_C,C,13,
20201205205940,2020-12-05 20:59:40,2020-12-05 23:59:59,ev_C,C,3,
20201205205950,2020-12-05 20:59:50,2020-12-05 23:59:59,ev_K,K,5,
20201205210000,2020-12-05 21:00:00,2020-12-05 23:59:59,ev_C,C,11,
20201205210010,2020-12-05 21:00:10,2020-12-05 23:59:59,ev_K,K,1,
20201205210020,2020-12-05 21:00:20,2020-12-05 23:59:59,ev_N,K,3,
20201205210030,2020-12-05 21:00:30,2020-12-05 23:59:59,ev_C,C,6,
20201205210040,2020-12-05 21:00:40,2020-12-05 23:59:59,ev_C,C,11,
20201205210050,2020-12-05 21:00:50,2020-12-05 23:59:59,ev_C,C,3,
20201205210100,2020-12-05 21:01:00,2020-12-05 23:59:59,ev_C,C,11,
20201205210110,2020-12-05 21:01:10,2020-12-05 23:59:59,ev_C,C,23,
20201205210120,2020-12-05 21:01:20,2020-12-05 23:59:59,ev_C,C,22,
20201205210130,2020-12-05 21:01:30,2020-12-05 23:59:59,ev_C,C,9,
20201205210140,2020-12-05 21:01:40,2020-12-05 23:59:59,ev_K,K,4,
20201205210150,2020-12-05 21:01:50,2020-12-05 23:59:59,ev_K,K,5,
20201205210200,2020-12-05 21:02:00,2020-12-05 23:59:59,ev_C,C,4,
20201205210210,2020-12-05 21:02:10,2020-12-05 23:59:59,ev_C,C,2,
20201205210220,2020-12-05 21:02:20,2020-12-05 23:59:59,ev_K,K,2,
20201205210230,2020-12-05 21:02:30,2020-12-05 23:59:59,ev_N,K,5,
20201205210240,2020-12-05 21:02:40,2020-12-05 23:59:59,ev_K,K,5,
20201205210250,2020-12-05 21:02:50,2020-12-05 23:59:59,ev_C,C,21,
20201205210300,2020-12-05 21:03:00,2020-12-05 23:59:59,ev_C,C,3,
20201205210310,2020-12-05 21:03:10,2020-12-05 23:59:59,ev_C,C,6,
20201205210320,2020-12-05 21:03:20,2020-12-05 23:59:59,ev_K,K,5,
20201205210330,2020-12-05 21:03:30,2020-12-05 23:59:59,ev_C,C,10,
20201205210340,2020-12-05 21:03:40,2020-12-05 23:59:59,ev_C,C,9,
20201205210350,2020-12-05 21:03:50,2020-12-05 23:59:59,ev_C,C,15,
20201205210400,2020-12-05 21:04:00,2020-12-05 23:59:59,ev_C,C,2,
20201205210410,2020-12-05 21:04:10,2020-12-05 23:59:59,ev_C,C,15,
20201205210420,2020-12-05 21:04:20,2020-12-05 23:59:59,ev_C,C,1,
20201205210430,2020-12-05 21:04:30,2020-12-05 23:59:59,ev_C,C,1,
20201205210440,2020-12-05 21:04:40,2020-12-05 23:59:59,ev_K,K,2,
20201205210450,2020-12-05 21:04:50,2020-12-05 23:59:59,ev_K,K,1,
20201205210500,2020-12-05 21:05:00,2020-12-05 23:59:59,ev_K,K,4,
20201205210510,2020-12-05 21:05:10,2020-12-05 23:59:59,ev_C,C,10,
20201205210520,2020-12-05 21:05:20,2020-12-05 23:59:59,ev_C,C,3,
20201205210530,2020-12-05 21:05:30,2020-12-05 23:59:59,ev_N,K,1,
20201205210540,2020-12-05 21:05:40,2020-12-05 23:59:59,ev_K,K,5,
20201205210550,2020-12-05 21:05:50,2020-12-05 23:59:59,ev_C,C,23,
20201205210600,2020-12-05 21:06:00,2020-12-05 23:59:59,ev_C,C,4,
20201205210610,2020-12-05 21:06:10,2020-12-05 23:59:59,ev_C,C,23,
20201205210620,2020-12-05 21:06:20,2020-12-05 23:59:59,ev_C,C,7,
20201205210630,2020-12-05 21:06:30,2020-12-05 23:59:59,ev_C,C,9,
20201205210640,2020-12-05 21:06:40,2020-12-05 23:59:59,ev_K,K,1,
20201205210650,2020-12-05 21:06:50,2020-12-05 23:59:59,ev_C,C,4,
20201205210700,2020-12-05 21:07:00,2020-12-05 23:59:59,ev_C,C,5,
20201205210710,2020-12-05 21:07:10,2020-12-05 23:59:59,ev_N,K,5,
20201205210720,2020-12-05 21:07:20,2020-12-05 23:59:59,ev_C,C,4,
20201205210730,2020-12-05 21:07:30,2020-12-05 23:59:59,ev_C,C,21,
20201205210740,2020-12-05 21:07:40,2020-12-05 23:59:59,ev_N,K,3,
20201205210750,2020-12-05 21:07:50,2020-12-05 23:59:59,ev_K,K,5,
20201205210800,2020-12-05 21:08:00,2020-12-05 23:59:59,ev_C,C,8,
20201205210810,2020-12-05 21:08:10,2020-12-05 23:59:59,ev_C,C,25,
20201205210820,2020-12-05 21:08:20,2020-12-05 23:59:59,ev_C,C,7,
20201205210830,2020-12-05 21:08:30,2020-12-05 23:59:59,ev_K,K,1,
20201205210840,2020-12-05 21:08:40,2020-12-05 23:59:59,ev_C,C,2,
20201205210850,2020-12-05 21:08:50,2020-12-05 23:59:59,ev_C,C,2,
20201205210900,2020-12-05 21:09:00,2020-12-05 23:59:59,ev_C,C,11,
20201205210910,2020-12-05 21:09:10,2020-12-05 23:59:59,ev_K,K,1,
20201205210920,2020-12-05 21:09:20,2020-12-05 23:59:59,ev_C,C,12,
20201205210930,2020-12-05 21:09:30,2020-12-05 23:59:59,ev_C,C,7,
20201205210940,2020-12-05 21:09:40,2020-12-05 23:59:59,ev_K,K,5,
20201205210950,2020-12-05 21:09:50,2020-12-05 23:59:59,ev_C,C,12,
20201205211000,2020-12-05 21:10:00,2020-12-05 23:59:59,ev_C,C,7,
20201205211010,2020-12-05 21:10:10,2020-12-05 23:59:59,ev_C,C,1,
20201205211020,2020-12-05 21:10:20,2020-12-05 23:59:59,ev_C,C,4,
20201205211030,2020-12-05 21:10:30,2020-12-05 23:59:59,ev_C,C,5,
20201205211040,2020-12-05 21:10:40,2020-12-05 23:59:59,ev_C,C,8,
20201205211050,2020-12-05 21:10:50,2020-12-05 23:59:59,ev_K,K,1,
20201205211100,2020-12-05 21:11:00,2020-12-05 23:59:59,ev_C,C,5,
20201205211110,2020-12-05 21:11:10,2020-12-05 23:59:59,ev_C,C,15,
20201205211120,2020-12-05 21:11:20,2020-12-05 23:59:59,ev_C,C,8,
20201205211130,2020-12-05 21:11:30,2020-12-05 23:59:59,ev_C,C,23,
20201205211140,2020-12-05 21:11:40,2020-12-05 23:59:59,ev_C,C,22,
20201205211150,2020-12-05 21:11:50,2020-12-05 23:59:59,ev_C,C,24,
20201205211200,2020-12-05 21:12:00,2020-12-05 23:59:59,ev_C,C,15,
20201205211210,2020-12-05 21:12:10,2020-12-05 23:59:59,ev_C,C,1,
20201205211220,2020-12-05 21:12:20,2020-12-05 23:59:59,ev_C,C,12,
20201205211230,2020-12-05 21:12:30,2020-12-05 23:59:59,ev_C,C,24,
20201205211240,2020-12-05 21:12:40,2020-12-05 23:59:59,ev_C,C,3,
20201205211250,2020-12-05 21:12:50,2020-12-05 23:59:59,ev_C,C,6,
20201205211300,2020-12-05 21:13:00,2020-12-05 23:59:59,ev_C,C,4,
20201205211310,2020-12-05 21:13:10,2020-12-05 23:59:59,ev_K,K,4,
20201205211320,2020-12-05 21:13:20,2020-12-05 23:59:59,ev_C,C,11,
20201205211330,2020-12-05 21:13:30,2020-12-05 23:59:59,ev_C,C,9,
20201205211340,2020-12-05 21:13:40,2020-12-05 23:59:59,ev_C,C,22,
20201205211350,2020-12-05 21:13:50,2020-12-05 23:59:59,ev_K,K,3,
20201205211400,2020-12-05 21:14:00,2020-12-05 23:59:59,ev_C,C,6,
20201205211410,2020-12-05 21:14:10,2020-12-05 23:59:59,ev_C,C,1,
20201205211420,2020-12-05 21:14:20,2020-12-05 23:59:59,ev_C,C,10,
20201205211430,2020-12-05 21:14:30,2020-12-05 23:59:59,ev_C,C,15,
20201205211440,2020-12-05 21:14:40,2020-12-05 23:59:59,ev_C,C,3,
20201205211450,2020-12-05 21:14:50,2020-12-05 23:59:59,ev_C,C,5,
20201205211500,2020-12-05 21:15:00,2020-12-05 23:59:59,ev_N,K,4,
20201205211510,2020-12-05 21:15:10,2020-12-05 23:59:59,ev_C,C,3,
20201205211520,2020-12-05 21:15:20,2020-12-05 23:59:59,ev_N,K,3,
20201205211530,2020-12-05 21:15:30,2020-12-05 23:59:59,ev_K,K,2,
20201205211540,2020-12-05 21:15:40,2020-12-05 23:59:59,ev_C,C,25,
20201205211550,2020-12-05 21:15:50,2020-12-05 23:59:59,ev_C,C,12,
20201205211600,2020-12-05 21:16:00,2020-12-05 23:59:59,ev_C,C,15,
20201205211610,2020-12-05 21:16:10,2020-12-05 23:59:59,ev_K,K,3,
20201205211620,2020-12-05 21:16:20,2020-12-05 23:59:59,ev_C,C,1,
20201205211630,2020-12-05 21:16:30,2020-12-05 23:59:59,ev_C,C,12,
20201205211640,2020-12-05 21:16:40,2020-12-05 23:59:59,ev_C,C,13,
20201205211650,2020-12-05 21:16:50,2020-12-05 23:59:59,ev_K,K,3,
20201205211700,2020-12-05 21:17:00,2020-12-05 23:59:59,ev_C,C,25,
20201205211710,2020-12-05 21:17:10,2020-12-05 23:59:59,ev_K,K,1,
20201205211720,2020-12-05 21:17:20,2020-12-05 23:59:59,ev_C,C,3,
20201205211730,2020-12-05 21:17:30,2020-12-05 23:59:59,ev_C,C,2,
20201205211740,2020-12-05 21:17:40,2020-12-05 23:59:59,ev_C,C,14,
20201205211750,2020-12-05 21:17:50,2020-12-05 23:59:59,ev_C,C,25,
20201205211800,2020-12-05 21:18:00,2020-12-05 23:59:59,ev_C,C,10,
20201205211810,2020-12-05 21:18:10,2020-12-05 23:59:59,ev_N,K,1,
20201205211820,2020-12-05 21:18:20,2020-12-05 23:59:59,ev_C,C,13,
20201205211830,2020-12-05 21:18:30,2020-12-05 23:59:59,ev_C,C,6,
20201205211840,2020-12-05 21:18:40,2020-12-05 23:59:59,ev_C,C,3,
20201205211850,2020-12-05 21:18:50,2020-12-05 23:59:59,ev_C,C,5,
20201205211900,2020-12-05 21:19:00,2020-12-05 23:59:59,ev_K,K,2,
20201205211910,2020-12-05 21:19:10,2020-12-05 23:59:59,ev_C,C,2,
20201205211920,2020-12-05 21:19:20,2020-12-05 23:59:59,ev_K,K,4,
20201205211930,2020-12-05 21:19:30,2020-12-05 23:59:59,ev_N,K,4,
20201205211940,2020-12-05 21:19:40,2020-12-05 23:59:59,ev_C,C,1,
20201205211950,2020-12-05 21:19:50,2020-12-05 23:59:59,ev_C,C,2,
20201205212000,2020-12-05 21:20:00,2020-12-05 23:59:59,ev_C,C,21,
20201205212010,2020-12-05 21:20:10,2020-12-05 23:59:59,ev_C,C,8,
20201205212020,2020-12-05 21:20:20,2020-12-05 23:59:59,ev_C,C,25,
20201205212030,2020-12-05 21:20:30,2020-12-05 23:59:59,ev_C,C,5,
20201205212040,2020-12-05 21:20:40,2020-12-05 23:59:59,ev_C,C,6,
20201205212050,2020-12-05 21:20:50,2020-12-05 23:59:59,ev_K,K,2,
20201205212100,2020-12-05 21:21:00,2020-12-05 23:59:59,ev_N,K,3,
20201205212110,2020-12-05 21:21:10,2020-12-05 23:59:59,ev_C,C,5,
20201205212120,2020-12-05 21:21:20,2020-12-05 23:59:59,ev_C,C,4,
20201205212130,2020-12-05 21:21:30,2020-12-05 23:59:59,ev_C,C,15,
20201205212140,2020-12-05 21:21:40,2020-12-05 23:59:59,ev_C,C,5,
20201205212150,2020-12-05 21:21:50,2020-12-05 23:59:59,ev_C,C,8,
20201205212200,2020-12-05 21:22:00,2020-12-05 23:59:59,ev_N,K,4,
20201205212210,2020-12-05 21:22:10,2020-12-05 23:59:59,ev_C,C,13,
20201205212220,2020-12-05 21:22:20,2020-12-05 23:59:59,ev_C,C,2,
20201205212230,2020-12-05 21:22:30,2020-12-05 23:59:59,ev_N,K,5,
20201205212240,2020-12-05 21:22:40,2020-12-05 23:59:59,ev_C,C,3,
20201205212250,2020-12-05 21:22:50,2020-12-05 23:59:59,ev_K,K,2,
20201205212300,2020-12-05 21:23:00,2020-12-05 23:59:59,ev_C,C,7,
20201205212310,2020-12-05 21:23:10,2020-12-05 23:59:59,ev_C,C,11,
20201205212320,2020-12-05 21:23:20,2020-12-05 23:59:59,ev_N,K,4,
20201205212330,2020-12-05 21:23:30,2020-12-05 23:59:59,ev_C,C,7,
20201205212340,2020-12-05 21:23:40,2020-12-05 23:59:59,ev_K,K,2,
20201205212350,2020-12-05 21:23:50,2020-12-05 23:59:59,ev_C,C,15,
20201205212400,2020-12-05 21:24:00,2020-12-05 23:59:59,ev_N,K,2,
20201205212410,2020-12-05 21:24:10,2020-12-05 23:59:59,ev_C,C,22,
20201205212420,2020-12-05 21:24:20,2020-12-05 23:59:59,ev_K,K,3,
20201205212430,2020-12-05 21:24:30,2020-12-05 23:59:59,ev_C,C,4,
20201205212440,2020-12-05 21:24:40,2020-12-05 23:59:59,ev_C,C,25,
20201205212450,2020-12-05 21:24:50,2020-12-05 23:59:59,ev_C,C,6,
20201205212500,2020-12-05 21:25:00,2020-12-05 23:59:59,ev_C,C,14,
20201205212510,2020-12-05 21:25:10,2020-12-05 23:59:59,ev_C,C,14,
20201205212520,2020-12-05 21:25:20,2020-12-05 23:59:59,ev_K,K,4,
20201205212530,2020-12-05 21:25:30,2020-12-05 23:59:59,ev_C,C,13,
20201205212540,2020-12-05 21:25:40,2020-12-05 23:59:59,ev_C,C,22,
20201205212550,2020-12-05 21:25:50,2020-12-05 23:59:59,ev_C,C,3,
20201205212600,2020-12-05 21:26:00,2020-12-05 23:59:59,ev_C,C,2,
20201205212610,2020-12-05 21:26:10,2020-12-05 23:59:59,ev_C,C,1,
20201205212620,2020-12-05 21:26:20,2020-12-05 23:59:59,ev_C,C,21,
20201205212630,2020-12-05 21:26:30,2020-12-05 23:59:59,ev_C,C,5,
20201205212640,2020-12-05 21:26:40,2020-12-05 23:59:59,ev_C,C,23,
20201205212650,2020-12-05 21:26:50,2020-12-05 23:59:59,ev_C,C,6,
20201205212700,2020-12-05 21:27:00,2020-12-05 23:59:59,ev_K,K,1,
20201205212710,2020-12-05 21:27:10,2020-12-05 23:59:59,ev_K,K,5,
20201205212720,2020-12-05 21:27:20,2020-12-05 23:59:59,ev_C,C,15,
20201205212730,2020-12-05 21:27:30,2020-12-05 23:59:59,ev_C,C,11,
20201205212740,2020-12-05 21:27:40,2020-12-05 23:59:59,ev_C,C,25,
20201205212750,2020-12-05 21:27:50,2020-12-05 23:59:59,ev_K,K,2,
20201205212800,2020-12-05 21:28:00,2020-12-05 23:59:59,ev_K,K,5,
20201205212810,2020-12-05 21:28:10,2020-12-05 23:59:59,ev_K,K,1,
20201205212820,2020-12-05 21:28:20,2020-12-05 23:59:59,ev_C,C,10,
20201205212830,2020-12-05 21:28:30,2020-12-05 23:59:59,ev_C,C,12,
20201205212840,2020-12-05 21:28:40,2020-12-05 23:59:59,ev_C,C,23,
20201205212850,2020-12-05 21:28:50,2020-12-05 23:59:59,ev_C,C,10,
20201205212900,2020-12-05 21:29:00,2020-12-05 23:59:59,ev_C,C,1,
20201205212910,2020-12-05 21:29:10,2020-12-05 23:59:59,ev_C,C,7,
20201205212920,2020-12-05 21:29:20,2020-12-05 23:59:59,ev_C,C,12,
20201205212930,2020-12-05 21:29:30,2020-12-05 23:59:59,ev_C,C,21,
20201205212940,2020-12-05 21:29:40,2020-12-05 23:59:59,ev_N,K,2,
20201205212950,2020-12-05 21:29:50,2020-12-05 23:59:59,ev_C,C,13,
20201205213000,2020-12-05 21:30:00,2020-12-05 23:59:59,ev_C,C,4,
20201205213010,2020-12-05 21:30:10,2020-12-05 23:59:59,ev_C,C,11,
20201205213020,2020-12-05 21:30:20,2020-12-05 23:59:59,ev_C,C,1,
20201205213030,2020-12-05 21:30:30,2020-12-05 23:59:59,ev_C,C,12,
20201205213040,2020-12-05 21:30:40,2020-12-05 23:59:59,ev_C,C,21,
20201205213050,2020-12-05 21:30:50,2020-12-05 23:59:59,ev_C,C,24,
20201205213100,2020-12-05 21:31:00,2020-12-05 23:59:59,ev_C,C,6,
20201205213110,2020-12-05 21:31:10,2020-12-05 23:59:59,ev_C,C,14,
20201205213120,2020-12-05 21:31:20,2020-12-05 23:59:59,ev_C,C,22,
20201205213130,2020-12-05 21:31:30,2020-12-05 23:59:59,ev_C,C,25,
20201205213140,2020-12-05 21:31:40,2020-12-05 23:59:59,ev_K,K,4,
20201205213150,2020-12-05 21:31:50,2020-12-05 23:59:59,ev_C,C,6,
20201205213200,2020-12-05 21:32:00,2020-12-05 23:59:59,ev_C,C,24,
20201205213210,2020-12-05 21:32:10,2020-12-05 23:59:59,ev_K,K,2,
20201205213220,2020-12-05 21:32:20,2020-12-05 23:59:59,ev_K,K,2,
20201205213230,2020-12-05 21:32:30,2020-12-05 23:59:59,ev_C,C,8,
20201205213240,2020-12-05 21:32:40,2020-12-05 23:59:59,ev_C,C,14,
20201205213250,2020-12-05 21:32:50,2020-12-05 23:59:59,ev_C,C,1,
20201205213300,2020-12-05 21:33:00,2020-12-05 23:59:59,ev_C,C,11,
20201205213310,2020-12-05 21:33:10,2020-12-05 23:59:59,ev_C,C,1,
20201205213320,2020-12-05 21:33:20,2020-12-05 23:59:59,ev_C,C,13,
20201205213330,2020-12-05 21:33:30,2020-12-05 23:59:59,ev_C,C,15,
20201205213340,2020-12-05 21:33:40,2020-12-05 23:59:59,ev_N,K,3,
20201205213350,2020-12-05 21:33:50,2020-12-05 23:59:59,ev_C,C,7,
20201205213400,2020-12-05 21:34:00,2020-12-05 23:59:59,ev_C,C,2,
20201205213410,2020-12-05 21:34:10,2020-12-05 23:59:59,ev_C,C,25,
20201205213420,2020-12-05 21:34:20,2020-12-05 23:59:59,ev_N,K,1,
20201205213430,2020-12-05 21:34:30,2020-12-05 23:59:59,ev_C,C,25,
20201205213440,2020-12-05 21:34:40,2020-12-05 23:59:59,ev_C,C,1,
20201205213450,2020-12-05 21:34:50,2020-12-05 23:59:59,ev_K,K,5,
20201205213500,2020-12-05 21:35:00,2020-12-05 23:59:59,ev_C,C,4,
20201205213510,2020-12-05 21:35:10,2020-12-05 23:59:59,ev_C,C,11,
20201205213520,2020-12-05 21:35:20,2020-12-05 23:59:59,ev_C,C,24,
20201205213530,2020-12-05 21:35:30,2020-12-05 23:59:59,ev_K,K,4,
20201205213540,2020-12-05 21:35:40,2020-12-05 23:59:59,ev_K,K,1,
20201205213550,2020-12-05 21:35:50,2020-12-05 23:59:59,ev_C,C,25,
20201205213600,2020-12-05 21:36:00,2020-12-05 23:59:59,ev_K,K,4,
20201205213610,2020-12-05 21:36:10,2020-12-05 23:59:59,ev_C,C,9,
20201205213620,2020-12-05 21:36:20,2020-12-05 23:59:59,ev_C,C,1,
20201205213630,2020-12-05 21:36:30,2020-12-05 23:59:59,ev_C,C,7,
20201205213640,2020-12-05 21:36:40,2020-12-05 23:59:59,ev_C,C,6,
20201205213650,2020-12-05 21:36:50,2020-12-05 23:59:59,ev_K,K,3,
20201205213700,2020-12-05 21:37:00,2020-12-05 23:59:59,ev_C,C,21,
20201205213710,2020-12-05 21:37:10,2020-12-05 23:59:59,ev_C,C,10,
20201205213720,2020-12-05 21:37:20,2020-12-05 23:59:59,ev_C,C,13,
20201205213730,2020-12-05 21:37:30,2020-12-05 23:59:59,ev_C,C,14,
20201205213740,2020-12-05 21:37:40,2020-12-05 23:59:59,ev_C,C,4,
20201205213750,2020-12-05 21:37:50,2020-12-05 23:59:59,ev_C,C,1,
20201205213800,2020-12-05 21:38:00,2020-12-05 23:59:59,ev_N,K,3,
20201205213810,2020-12-05 21:38:10,2020-12-05 23:59:59,ev_C,C,11,
20201205213820,2020-12-05 21:38:20,2020-12-05 23:59:59,ev_K,K,1,
20201205213830,2020-12-05 21:38:30,2020-12-05 23:59:59,ev_C,C,21,
20201205213840,2020-12-05 21:38:40,2020-12-05 23:59:59,ev_K,K,5,
20201205213850,2020-12-05 21:38:50,2020-12-05 23:59:59,ev_C,C,5,
20201205213900,2020-12-05 21:39:00,2020-12-05 23:59:59,ev_K,K,5,
20201205213910,2020-12-05 21:39:10,2020-12-05 23:59:59,ev_C,C,12,
20201205213920,2020-12-05 21:39:20,2020-12-05 23:59:59,ev_C,C,15,
20201205213930,2020-12-05 21:39:30,2020-12-05 23:59:59,ev_C,C,14,
20201205213940,2020-12-05 21:39:40,2020-12-05 23:59:59,ev_C,C,5,
20201205213950,2020-12-05 21:39:50,2020-12-05 23:59:59,ev_C,C,7,
20201205214000,2020-12-05 21:40:00,2020-12-05 23:59:59,ev_N,K,2,
20201205214010,2020-12-05 21:40:10,2020-12-05 23:59:59,ev_C,C,24,
20201205214020,2020-12-05 21:40:20,2020-12-05 23:59:59,ev_C,C,15,
20201205214030,2020-12-05 21:40:30,2020-12-05 23:59:59,ev_C,C,11,
20201205214040,2020-12-05 21:40:40,2020-12-05 23:59:59,ev_C,C,24,
20201205214050,2020-12-05 21:40:50,2020-12-05 23:59:59,ev_C,C,3,
20201205214100,2020-12-05 21:41:00,2020-12-05 23:59:59,ev_C,C,6,
20201205214110,2020-12-05 21:41:10,2020-12-05 23:59:59,ev_C,C,21,
20201205214120,2020-12-05 21:41:20,2020-12-05 23:59:59,ev_C,C,14,
20201205214130,2020-12-05 21:41:30,2020-12-05 23:59:59,ev_C,C,8,
20201205214140,2020-12-05 21:41:40,2020-12-05 23:59:59,ev_C,C,3,
20201205214150,2020-12-05 21:41:50,2020-12-05 23:59:59,ev_C,C,2,
20201205214200,2020-12-05 21:42:00,2020-12-05 23:59:59,ev_C,C,4,
20201205214210,2020-12-05 21:42:10,2020-12-05 23:59:59,ev_C,C,24,
20201205214220,2020-12-05 21:42:20,2020-12-05 23:59:59,ev_N,K,2,
20201205214230,2020-12-05 21:42:30,2020-12-05 23:59:59,ev_C,C,25,
20201205214240,2020-12-05 21:42:40,2020-12-05 23:59:59,ev_C,C,2,
20201205214250,2020-12-05 21:42:50,2020-12-05 23:59:59,ev_C,C,12,
20201205214300,2020-12-05 21:43:00,2020-12-05 23:59:59,ev_C,C,5,
20201205214310,2020-12-05 21:43:10,2020-12-05 23:59:59,ev_C,C,12,
20201205214320,2020-12-05 21:43:20,2020-12-05 23:59:59,ev_C,C,13,
20201205214330,2020-12-05 21:43:30,2020-12-05 23:59:59,ev_C,C,23,
20201205214340,2020-12-05 21:43:40,2020-12-05 23:59:59,ev_C,C,8,
20201205214350,2020-12-05 21:43:50,2020-12-05 23:59:59,ev_C,C,25,
20201205214400,2020-12-05 21:44:00,2020-12-05 23:59:59,ev_C,C,14,
20201205214410,2020-12-05 21:44:10,2020-12-05 23:59:59,ev_C,C,10,
20201205214420,2020-12-05 21:44:20,2020-12-05 23:59:59,ev_C,C,3,
20201205214430,2020-12-05 21:44:30,2020-12-05 23:59:59,ev_K,K,2,
20201205214440,2020-12-05 21:44:40,2020-12-05 23:59:59,ev_C,C,3,
20201205214450,2020-12-05 21:44:50,2020-12-05 23:59:59,ev_C,C,23,
20201205214500,2020-12-05 21:45:00,2020-12-05 23:59:59,ev_N,K,5,
20201205214510,2020-12-05 21:45:10,2020-12-05 23:59:59,ev_C,C,3,
20201205214520,2020-12-05 21:45:20,2020-12-05 23:59:59,ev_C,C,15,
20201205214530,2020-12-05 21:45:30,2020-12-05 23:59:59,ev_C,C,10,
20201205214540,2020-12-05 21:45:40,2020-12-05 23:59:59,ev_C,C,7,
20201205214550,2020-12-05 21:45:50,2020-12-05 23:59:59,ev_C,C,6,
20201205214600,2020-12-05 21:46:00,2020-12-05 23:59:59,ev_C,C,5,
20201205214610,2020-12-05 21:46:10,2020-12-05 23:59:59,ev_C,C,5,
20201205214620,2020-12-05 21:46:20,2020-12-05 23:59:59,ev_C,C,21,
20201205214630,2020-12-05 21:46:30,2020-12-05 23:59:59,ev_N,K,4,
20201205214640,2020-12-05 21:46:40,2020-12-05 23:59:59,ev_C,C,22,
20201205214650,2020-12-05 21:46:50,2020-12-05 23:59:59,ev_C,C,2,
20201205214700,2020-12-05 21:47:00,2020-12-05 23:59:59,ev_C,C,3,
20201205214710,2020-12-05 21:47:10,2020-12-05 23:59:59,ev_K,K,4,
20201205214720,2020-12-05 21:47:20,2020-12-05 23:59:59,ev_C,C,10,
20201205214730,2020-12-05 21:47:30,2020-12-05 23:59:59,ev_K,K,4,
20201205214740,2020-12-05 21:47:40,2020-12-05 23:59:59,ev_C,C,9,
20201205214750,2020-12-05 21:47:50,2020-12-05 23:59:59,ev_C,C,4,
20201205214800,2020-12-05 21:48:00,2020-12-05 23:59:59,ev_C,C,5,
20201205214810,2020-12-05 21:48:10,2020-12-05 23:59:59,ev_K,K,3,
20201205214820,2020-12-05 21:48:20,2020-12-05 23:59:59,ev_C,C,8,
20201205214830,2020-12-05 21:48:30,2020-12-05 23:59:59,ev_C,C,3,
20201205214840,2020-12-05 21:48:40,2020-12-05 23:59:59,ev_C,C,6,
20201205214850,2020-12-05 21:48:50,2020-12-05 23:59:59,ev_N,K,5,
20201205214900,2020-12-05 21:49:00,2020-12-05 23:59:59,ev_C,C,13,
20201205214910,2020-12-05 21:49:10,2020-12-05 23:59:59,ev_C,C,7,
20201205214920,2020-12-05 21:49:20,2020-12-05 23:59:59,ev_C,C,9,
20201205214930,2020-12-05 21:49:30,2020-12-05 23:59:59,ev_C,C,14,
20201205214940,2020-12-05 21:49:40,2020-12-05 23:59:59,ev_N,K,3,
20201205214950,2020-12-05 21:49:50,2020-12-05 23:59:59,ev_C,C,1,
20201205215000,2020-12-05 21:50:00,2020-12-05 23:59:59,ev_C,C,13,
20201205215010,2020-12-05 21:50:10,2020-12-05 23:59:59,ev_C,C,5,
20201205215020,2020-12-05 21:50:20,2020-12-05 23:59:59,ev_K,K,5,
20201205215030,2020-12-05 21:50:30,2020-12-05 23:59:59,ev_C,C,4,
20201205215040,2020-12-05 21:50:40,2020-12-05 23:59:59,ev_C,C,12,
20201205215050,2020-12-05 21:50:50,2020-12-05 23:59:59,ev_C,C,7,
20201205215100,2020-12-05 21:51:00,2020-12-05 23:59:59,ev_C,C,4,
20201205215110,2020-12-05 21:51:10,2020-12-05 23:59:59,ev_K,K,5,
20201205215120,2020-12-05 21:51:20,2020-12-05 23:59:59,ev_N,K,2,
20201205215130,2020-12-05 21:51:30,2020-12-05 23:59:59,ev_C,C,11,
20201205215140,2020-12-05 21:51:40,2020-12-05 23:59:59,ev_C,C,4,
20201205215150,2020-12-05 21:51:50,2020-12-05 23:59:59,ev_C,C,13,
20201205215200,2020-12-05 21:52:00,2020-12-05 23:59:59,ev_C,C,7,
20201205215210,2020-12-05 21:52:10,2020-12-05 23:59:59,ev_C,C,8,
20201205215220,2020-12-05 21:52:20,2020-12-05 23:59:59,ev_C,C,21,
20201205215230,2020-12-05 21:52:30,2020-12-05 23:59:59,ev_C,C,5,
20201205215240,2020-12-05 21:52:40,2020-12-05 23:59:59,ev_K,K,3,
20201205215250,2020-12-05 21:52:50,2020-12-05 23:59:59,ev_C,C,15,
20201205215300,2020-12-05 21:53:00,2020-12-05 23:59:59,ev_C,C,15,
20201205215310,2020-12-05 21:53:10,2020-12-05 23:59:59,ev_N,K,2,
20201205215320,2020-12-05 21:53:20,2020-12-05 23:59:59,ev_K,K,5,
20201205215330,2020-12-05 21:53:30,2020-12-05 23:59:59,ev_C,C,13,
20201205215340,2020-12-05 21:53:40,2020-12-05 23:59:59,ev_C,C,21,
20201205215350,2020-12-05 21:53:50,2020-12-05 23:59:59,ev_C,C,14,
20201205215400,2020-12-05 21:54:00,2020-12-05 23:59:59,ev_K,K,4,
20201205215410,2020-12-05 21:54:10,2020-12-05 23:59:59,ev_C,C,4,
20201205215420,2020-12-05 21:54:20,2020-12-05 23:59:59,ev_C,C,21,
20201205215430,2020-12-05 21:54:30,2020-12-05 23:59:59,ev_C,C,6,
20201205215440,2020-12-05 21:54:40,2020-12-05 23:59:59,ev_C,C,6,
20201205215450,2020-12-05 21:54:50,2020-12-05 23:59:59,ev_K,K,1,
20201205215500,2020-12-05 21:55:00,2020-12-05 23:59:59,ev_C,C,12,
20201205215510,2020-12-05 21:55:10,2020-12-05 23:59:59,ev_N,K,1,
20201205215520,2020-12-05 21:55:20,2020-12-05 23:59:59,ev_C,C,24,
20201205215530,2020-12-05 21:55:30,2020-12-05 23:59:59,ev_C,C,25,
20201205215540,2020-12-05 21:55:40,2020-12-05 23:59:59,ev_C,C,13,
20201205215550,2020-12-05 21:55:50,2020-12-05 23:59:59,ev_C,C,24,
20201205215600,2020-12-05 21:56:00,2020-12-05 23:59:59,ev_K,K,1,
20201205215610,2020-12-05 21:56:10,2020-12-05 23:59:59,ev_C,C,6,
20201205215620,2020-12-05 21:56:20,2020-12-05 23:59:59,ev_K,K,4,
20201205215630,2020-12-05 21:56:30,2020-12-05 23:59:59,ev_K,K,3,
20201205215640,2020-12-05 21:56:40,2020-12-05 23:59:59,ev_C,C,25,
20201205215650,2020-12-05 21:56:50,2020-12-05 23:59:59,ev_K,K,2,
20201205215700,2020-12-05 21:57:00,2020-12-05 23:59:59,ev_C,C,9,
20201205215710,2020-12-05 21:57:10,2020-12-05 23:59:59,ev_C,C,21,
20201205215720,2020-12-05 21:57:20,2020-12-05 23:59:59,ev_K,K,2,
20201205215730,2020-12-05 21:57:30,2020-12-05 23:59:59,ev_C,C,22,
20201205215740,2020-12-05 21:57:40,2020-12-05 23:59:59,ev_K,K,4,
20201205215750,2020-12-05 21:57:50,2020-12-05 23:59:59,ev_N,K,1,
20201205215800,2020-12-05 21:58:00,2020-12-05 23:59:59,ev_K,K,4,
20201205215810,2020-12-05 21:58:10,2020-12-05 23:59:59,ev_C,C,12,
20201205215820,2020-12-05 21:58:20,2020-12-05 23:59:59,ev_K,K,4,
20201205215830,2020-12-05 21:58:30,2020-12-05 23:59:59,ev_N,K,1,
20201205215840,2020-12-05 21:58:40,2020-12-05 23:59:59,ev_C,C,2,
20201205215850,2020-12-05 21:58:50,2020-12-05 23:59:59,ev_C,C,25,
20201205215900,2020-12-05 21:59:00,2020-12-05 23:59:59,ev_K,K,4,
20201205215910,2020-12-05 21:59:10,2020-12-05 23:59:59,ev_K,K,4,
20201205215920,2020-12-05 21:59:20,2020-12-05 23:59:59,ev_C,C,23,
20201205215930,2020-12-05 21:59:30,2020-12-05 23:59:59,ev_C,C,10,
20201205215940,2020-12-05 21:59:40,2020-12-05 23:59:59,ev_K,K,5,
20201205215950,2020-12-05 21:59:50,2020-12-05 23:59:59,ev_C,C,11,
20201205220000,2020-12-05 22:00:00,2020-12-05 23:59:59,ev_C,C,7,
20201205220010,2020-12-05 22:00:10,2020-12-05 23:59:59,ev_C,C,4,
20201205220020,2020-12-05 22:00:20,2020-12-05 23:59:59,ev_C,C,15,
20201205220030,2020-12-05 22:00:30,2020-12-05 23:59:59,ev_C,C,5,
20201205220040,2020-12-05 22:00:40,2020-12-05 23:59:59,ev_C,C,23,
20201205220050,2020-12-05 22:00:50,2020-12-05 23:59:59,ev_C,C,14,
20201205220100,2020-12-05 22:01:00,2020-12-05 23:59:59,ev_K,K,4,
20201205220110,2020-12-05 22:01:10,2020-12-05 23:59:59,ev_C,C,10,
20201205220120,2020-12-05 22:01:20,2020-12-05 23:59:59,ev_K,K,5,
20201205220130,2020-12-05 22:01:30,2020-12-05 23:59:59,ev_C,C,21,
20201205220140,2020-12-05 22:01:40,2020-12-05 23:59:59,ev_C,C,7,
20201205220150,2020-12-05 22:01:50,2020-12-05 23:59:59,ev_C,C,5,
20201205220200,2020-12-05 22:02:00,2020-12-05 23:59:59,ev_K,K,3,
20201205220210,2020-12-05 22:02:10,2020-12-05 23:59:59,ev_K,K,5,
20201205220220,2020-12-05 22:02:20,2020-12-05 23:59:59,ev_K,K,5,
20201205220230,2020-12-05 22:02:30,2020-12-05 23:59:59,ev_C,C,25,
20201205220240,2020-12-05 22:02:40,2020-12-05 23:59:59,ev_C,C,6,
20201205220250,2020-12-05 22:02:50,2020-12-05 23:59:59,ev_C,C,23,
20201205220300,2020-12-05 22:03:00,2020-12-05 23:59:59,ev_C,C,2,
20201205220310,2020-12-05 22:03:10,2020-12-05 23:59:59,ev_C,C,22,
20201205220320,2020-12-05 22:03:20,2020-12-05 23:59:59,ev_C,C,23,
20201205220330,2020-12-05 22:03:30,2020-12-05 23:59:59,ev_N,K,5,
20201205220340,2020-12-05 22:03:40,2020-12-05 23:59:59,ev_C,C,14,
20201205220350,2020-12-05 22:03:50,2020-12-05 23:59:59,ev_C,C,25,
20201205220400,2020-12-05 22:04:00,2020-12-05 23:59:59,ev_C,C,9,
20201205220410,2020-12-05 22:04:10,2020-12-05 23:59:59,ev_K,K,4,
20201205220420,2020-12-05 22:04:20,2020-12-05 23:59:59,ev_C,C,23,
20201205220430,2020-12-05 22:04:30,2020-12-05 23:59:59,ev_C,C,12,
20201205220440,2020-12-05 22:04:40,2020-12-05 23:59:59,ev_C,C,1,
20201205220450,2020-12-05 22:04:50,2020-12-05 23:59:59,ev_K,K,3,
20201205220500,2020-12-05 22:05:00,2020-12-05 23:59:59,ev_C,C,14,
20201205220510,2020-12-05 22:05:10,2020-12-05 23:59:59,ev_K,K,3,
20201205220520,2020-12-05 22:05:20,2020-12-05 23:59:59,ev_K,K,5,
20201205220530,2020-12-05 22:05:30,2020-12-05 23:59:59,ev_C,C,11,
20201205220540,2020-12-05 22:05:40,2020-12-05 23:59:59,ev_C,C,15,
20201205220550,2020-12-05 22:05:50,2020-12-05 23:59:59,ev_C,C,12,
20201205220600,2020-12-05 22:06:00,2020-12-05 23:59:59,ev_C,C,25,
20201205220610,2020-12-05 22:06:10,2020-12-05 23:59:59,ev_C,C,11,
20201205220620,2020-12-05 22:06:20,2020-12-05 23:59:59,ev_C,C,5,
20201205220630,2020-12-05 22:06:30,2020-12-05 23:59:59,ev_C,C,4,
20201205220640,2020-12-05 22:06:40,2020-12-05 23:59:59,ev_C,C,1,
20201205220650,2020-12-05 22:06:50,2020-12-05 23:59:59,ev_K,K,1,
20201205220700,2020-12-05 22:07:00,2020-12-05 23:59:59,ev_C,C,1,
20201205220710,2020-12-05 22:07:10,2020-12-05 23:59:59,ev_C,C,24,
20201205220720,2020-12-05 22:07:20,2020-12-05 23:59:59,ev_K,K,5,
20201205220730,2020-12-05 22:07:30,2020-12-05 23:59:59,ev_C,C,10,
20201205220740,2020-12-05 22:07:40,2020-12-05 23:59:59,ev_C,C,10,
20201205220750,2020-12-05 22:07:50,2020-12-05 23:59:59,ev_K,K,3,
20201205220800,2020-12-05 22:08:00,2020-12-05 23:59:59,ev_C,C,4,
20201205220810,2020-12-05 22:08:10,2020-12-05 23:59:59,ev_K,K,5,
20201205220820,2020-12-05 22:08:20,2020-12-05 23:59:59,ev_C,C,1,
20201205220830,2020-12-05 22:08:30,2020-12-05 23:59:59,ev_N,K,3,
20201205220840,2020-12-05 22:08:40,2020-12-05 23:59:59,ev_K,K,1,
20201205220850,2020-12-05 22:08:50,2020-12-05 23:59:59,ev_C,C,24,
20201205220900,2020-12-05 22:09:00,2020-12-05 23:59:59,ev_C,C,12,
20201205220910,2020-12-05 22:09:10,2020-12-05 23:59:59,ev_C,C,7,
20201205220920,2020-12-05 22:09:20,2020-12-05 23:59:59,ev_C,C,24,
20201205220930,2020-12-05 22:09:30,2020-12-05 23:59:59,ev_C,C,9,
20201205220940,2020-12-05 22:09:40,2020-12-05 23:59:59,ev_K,K,3,
20201205220950,2020-12-05 22:09:50,2020-12-05 23:59:59,ev_C,C,11,
20201205221000,2020-12-05 22:10:00,2020-12-05 23:59:59,ev_K,K,5,
20201205221010,2020-12-05 22:10:10,2020-12-05 23:59:59,ev_C,C,4,
20201205221020,2020-12-05 22:10:20,2020-12-05 23:59:59,ev_C,C,23,
20201205221030,2020-12-05 22:10:30,2020-12-05 23:59:59,ev_C,C,21,
20201205221040,2020-12-05 22:10:40,2020-12-05 23:59:59,ev_C,C,14,
20201205221050,2020-12-05 22:10:50,2020-12-05 23:59:59,ev_K,K,2,
20201205221100,2020-12-05 22:11:00,2020-12-05 23:59:59,ev_C,C,1,
20201205221110,2020-12-05 22:11:10,2020-12-05 23:59:59,ev_C,C,2,
20201205221120,2020-12-05 22:11:20,2020-12-05 23:59:59,ev_C,C,22,
20201205221130,2020-12-05 22:11:30,2020-12-05 23:59:59,ev_C,C,13,
20201205221140,2020-12-05 22:11:40,2020-12-05 23:59:59,ev_C,C,13,
20201205221150,2020-12-05 22:11:50,2020-12-05 23:59:59,ev_C,C,14,
20201205221200,2020-12-05 22:12:00,2020-12-05 23:59:59,ev_C,C,10,
20201205221210,2020-12-05 22:12:10,2020-12-05 23:59:59,ev_C,C,11,
20201205221220,2020-12-05 22:12:20,2020-12-05 23:59:59,ev_C,C,5,
20201205221230,2020-12-05 22:12:30,2020-12-05 23:59:59,ev_C,C,13,
20201205221240,2020-12-05 22:12:40,2020-12-05 23:59:59,ev_K,K,4,
20201205221250,2020-12-05 22:12:50,2020-12-05 23:59:59,ev_C,C,23,
20201205221300,2020-12-05 22:13:00,2020-12-05 23:59:59,ev_C,C,22,
20201205221310,2020-12-05 22:13:10,2020-12-05 23:59:59,ev_C,C,10,
20201205221320,2020-12-05 22:13:20,2020-12-05 23:59:59,ev_C,C,1,
20201205221330,2020-12-05 22:13:30,2020-12-05 23:59:59,ev_N,K,5,
20201205221340,2020-12-05 22:13:40,2020-12-05 23:59:59,ev_C,C,5,
20201205221350,2020-12-05 22:13:50,2020-12-05 23:59:59,ev_C,C,5,
20201205221400,2020-12-05 22:14:00,2020-12-05 23:59:59,ev_K,K,1,
20201205221410,2020-12-05 22:14:10,2020-12-05 23:59:59,ev_N,K,2,
20201205221420,2020-12-05 22:14:20,2020-12-05 23:59:59,ev_C,C,14,
20201205221430,2020-12-05 22:14:30,2020-12-05 23:59:59,ev_C,C,7,
20201205221440,2020-12-05 22:14:40,2020-12-05 23:59:59,ev_C,C,3,
20201205221450,2020-12-05 22:14:50,2020-12-05 23:59:59,ev_C,C,7,
20201205221500,2020-12-05 22:15:00,2020-12-05 23:59:59,ev_C,C,11,
20201205221510,2020-12-05 22:15:10,2020-12-05 23:59:59,ev_K,K,1,
20201205221520,2020-12-05 22:15:20,2020-12-05 23:59:59,ev_K,K,3,
20201205221530,2020-12-05 22:15:30,2020-12-05 23:59:59,ev_C,C,6,
20201205221540,2020-12-05 22:15:40,2020-12-05 23:59:59,ev_C,C,14,
20201205221550,2020-12-05 22:15:50,2020-12-05 23:59:59,ev_C,C,4,
20201205221600,2020-12-05 22:16:00,2020-12-05 23:59:59,ev_N,K,4,
20201205221610,2020-12-05 22:16:10,2020-12-05 23:59:59,ev_C,C,14,
20201205221620,2020-12-05 22:16:20,2020-12-05 23:59:59,ev_C,C,25,
20201205221630,2020-12-05 22:16:30,2020-12-05 23:59:59,ev_C,C,7,
20201205221640,2020-12-05 22:16:40,2020-12-05 23:59:59,ev_C,C,5,
20201205221650,2020-12-05 22:16:50,2020-12-05 23:59:59,ev_C,C,12,
20201205221700,2020-12-05 22:17:00,2020-12-05 23:59:59,ev_C,C,7,
20201205221710,2020-12-05 22:17:10,2020-12-05 23:59:59,ev_C,C,22,
20201205221720,2020-12-05 22:17:20,2020-12-05 23:59:59,ev_K,K,3,
20201205221730,2020-12-05 22:17:30,2020-12-05 23:59:59,ev_C,C,15,
20201205221740,2020-12-05 22:17:40,2020-12-05 23:59:59,ev_K,K,1,
20201205221750,2020-12-05 22:17:50,2020-12-05 23:59:59,ev_C,C,8,
20201205221800,2020-12-05 22:18:00,2020-12-05 23:59:59,ev_C,C,25,
20201205221810,2020-12-05 22:18:10,2020-12-05 23:59:59,ev_C,C,13,
20201205221820,2020-12-05 22:18:20,2020-12-05 23:59:59,ev_C,C,10,
20201205221830,2020-12-05 22:18:30,2020-12-05 23:59:59,ev_C,C,6,
20201205221840,2020-12-05 22:18:40,2020-12-05 23:59:59,ev_N,K,5,
20201205221850,2020-12-05 22:18:50,2020-12-05 23:59:59,ev_C,C,14,
20201205221900,2020-12-05 22:19:00,2020-12-05 23:59:59,ev_C,C,11,
20201205221910,2020-12-05 22:19:10,2020-12-05 23:59:59,ev_C,C,1,
20201205221920,2020-12-05 22:19:20,2020-12-05 23:59:59,ev_K,K,4,
20201205221930,2020-12-05 22:19:30,2020-12-05 23:59:59,ev_C,C,1,
20201205221940,2020-12-05 22:19:40,2020-12-05 23:59:59,ev_K,K,1,
20201205221950,2020-12-05 22:19:50,2020-12-05 23:59:59,ev_N,K,5,
20201205222000,2020-12-05 22:20:00,2020-12-05 23:59:59,ev_K,K,3,
20201205222010,2020-12-05 22:20:10,2020-12-05 23:59:59,ev_C,C,14,
20201205222020,2020-12-05 22:20:20,2020-12-05 23:59:59,ev_C,C,2,
20201205222030,2020-12-05 22:20:30,2020-12-05 23:59:59,ev_C,C,22,
20201205222040,2020-12-05 22:20:40,2020-12-05 23:59:59,ev_K,K,3,
20201205222050,2020-12-05 22:20:50,2020-12-05 23:59:59,ev_N,K,4,
20201205222100,2020-12-05 22:21:00,2020-12-05 23:59:59,ev_C,C,7,
20201205222110,2020-12-05 22:21:10,2020-12-05 23:59:59,ev_C,C,8,
20201205222120,2020-12-05 22:21:20,2020-12-05 23:59:59,ev_N,K,3,
20201205222130,2020-12-05 22:21:30,2020-12-05 23:59:59,ev_K,K,5,
20201205222140,2020-12-05 22:21:40,2020-12-05 23:59:59,ev_C,C,25,
20201205222150,2020-12-05 22:21:50,2020-12-05 23:59:59,ev_C,C,25,
20201205222200,2020-12-05 22:22:00,2020-12-05 23:59:59,ev_C,C,6,
20201205222210,2020-12-05 22:22:10,2020-12-05 23:59:59,ev_C,C,10,
20201205222220,2020-12-05 22:22:20,2020-12-05 23:59:59,ev_C,C,22,
20201205222230,2020-12-05 22:22:30,2020-12-05 23:59:59,ev_C,C,21,
20201205222240,2020-12-05 22:22:40,2020-12-05 23:59:59,ev_C,C,22,
20201205222250,2020-12-05 22:22:50,2020-12-05 23:59:59,ev_C,C,24,
20201205222300,2020-12-05 22:23:00,2020-12-05 23:59:59,ev_N,K,4,
20201205222310,2020-12-05 22:23:10,2020-12-05 23:59:59,ev_C,C,24,
20201205222320,2020-12-05 22:23:20,2020-12-05 23:59:59,ev_C,C,6,
20201205222330,2020-12-05 22:23:30,2020-12-05 23:59:59,ev_C,C,3,
20201205222340,2020-12-05 22:23:40,2020-12-05 23:59:59,ev_C,C,11,
20201205222350,2020-12-05 22:23:50,2020-12-05 23:59:59,ev_N,K,3,
20201205222400,2020-12-05 22:24:00,2020-12-05 23:59:59,ev_N,K,2,
20201205222410,2020-12-05 22:24:10,2020-12-05 23:59:59,ev_C,C,5,
20201205222420,2020-12-05 22:24:20,2020-12-05 23:59:59,ev_C,C,15,
20201205222430,2020-12-05 22:24:30,2020-12-05 23:59:59,ev_C,C,12,
20201205222440,2020-12-05 22:24:40,2020-12-05 23:59:59,ev_C,C,23,
20201205222450,2020-12-05 22:24:50,2020-12-05 23:59:59,ev_C,C,1,
20201205222500,2020-12-05 22:25:00,2020-12-05 23:59:59,ev_C,C,15,
20201205222510,2020-12-05 22:25:10,2020-12-05 23:59:59,ev_K,K,4,
20201205222520,2020-12-05 22:25:20,2020-12-05 23:59:59,ev_C,C,6,
20201205222530,2020-12-05 22:25:30,2020-12-05 23:59:59,ev_K,K,5,
20201205222540,2020-12-05 22:25:40,2020-12-05 23:59:59,ev_C,C,11,
20201205222550,2020-12-05 22:25:50,2020-12-05 23:59:59,ev_K,K,4,
20201205222600,2020-12-05 22:26:00,2020-12-05 23:59:59,ev_C,C,13,
20201205222610,2020-12-05 22:26:10,2020-12-05 23:59:59,ev_C,C,9,
20201205222620,2020-12-05 22:26:20,2020-12-05 23:59:59,ev_K,K,4,
20201205222630,2020-12-05 22:26:30,2020-12-05 23:59:59,ev_C,C,21,
20201205222640,2020-12-05 22:26:40,2020-12-05 23:59:59,ev_C,C,9,
20201205222650,2020-12-05 22:26:50,2020-12-05 23:59:59,ev_K,K,1,
20201205222700,2020-12-05 22:27:00,2020-12-05 23:59:59,ev_K,K,1,
20201205222710,2020-12-05 22:27:10,2020-12-05 23:59:59,ev_C,C,11,
20201205222720,2020-12-05 22:27:20,2020-12-05 23:59:59,ev_K,K,1,
20201205222730,2020-12-05 22:27:30,2020-12-05 23:59:59,ev_C,C,13,
20201205222740,2020-12-05 22:27:40,2020-12-05 23:59:59,ev_C,C,15,
20201205222750,2020-12-05 22:27:50,2020-12-05 23:59:59,ev_C,C,6,
20201205222800,2020-12-05 22:28:00,2020-12-05 23:59:59,ev_K,K,3,
20201205222810,2020-12-05 22:28:10,2020-12-05 23:59:59,ev_K,K,5,
20201205222820,2020-12-05 22:28:20,2020-12-05 23:59:59,ev_C,C,23,
20201205222830,2020-12-05 22:28:30,2020-12-05 23:59:59,ev_C,C,13,
20201205222840,2020-12-05 22:28:40,2020-12-05 23:59:59,ev_C,C,14,
20201205222850,2020-12-05 22:28:50,2020-12-05 23:59:59,ev_C,C,25,
20201205222900,2020-12-05 22:29:00,2020-12-05 23:59:59,ev_K,K,4,
20201205222910,2020-12-05 22:29:10,2020-12-05 23:59:59,ev_K,K,5,
20201205222920,2020-12-05 22:29:20,2020-12-05 23:59:59,ev_C,C,24,
20201205222930,2020-12-05 22:29:30,2020-12-05 23:59:59,ev_C,C,14,
20201205222940,2020-12-05 22:29:40,2020-12-05 23:59:59,ev_C,C,7,
20201205222950,2020-12-05 22:29:50,2020-12-05 23:59:59,ev_N,K,3,
20201205223000,2020-12-05 22:30:00,2020-12-05 23:59:59,ev_K,K,3,
20201205223010,2020-12-05 22:30:10,2020-12-05 23:59:59,ev_C,C,15,
20201205223020,2020-12-05 22:30:20,2020-12-05 23:59:59,ev_K,K,1,
20201205223030,2020-12-05 22:30:30,2020-12-05 23:59:59,ev_C,C,21,
20201205223040,2020-12-05 22:30:40,2020-12-05 23:59:59,ev_K,K,3,
20201205223050,2020-12-05 22:30:50,2020-12-05 23:59:59,ev_K,K,4,
20201205223100,2020-12-05 22:31:00,2020-12-05 23:59:59,ev_C,C,3,
20201205223110,2020-12-05 22:31:10,2020-12-05 23:59:59,ev_K,K,3,
20201205223120,2020-12-05 22:31:20,2020-12-05 23:59:59,ev_N,K,4,
20201205223130,2020-12-05 22:31:30,2020-12-05 23:59:59,ev_N,K,5,
20201205223140,2020-12-05 22:31:40,2020-12-05 23:59:59,ev_C,C,4,
20201205223150,2020-12-05 22:31:50,2020-12-05 23:59:59,ev_C,C,23,
20201205223200,2020-12-05 22:32:00,2020-12-05 23:59:59,ev_C,C,3,
20201205223210,2020-12-05 22:32:10,2020-12-05 23:59:59,ev_C,C,13,
20201205223220,2020-12-05 22:32:20,2020-12-05 23:59:59,ev_C,C,1,
20201205223230,2020-12-05 22:32:30,2020-12-05 23:59:59,ev_C,C,13,
20201205223240,2020-12-05 22:32:40,2020-12-05 23:59:59,ev_C,C,10,
20201205223250,2020-12-05 22:32:50,2020-12-05 23:59:59,ev_K,K,4,
20201205223300,2020-12-05 22:33:00,2020-12-05 23:59:59,ev_C,C,11,
20201205223310,2020-12-05 22:33:10,2020-12-05 23:59:59,ev_C,C,21,
20201205223320,2020-12-05 22:33:20,2020-12-05 23:59:59,ev_C,C,3,
20201205223330,2020-12-05 22:33:30,2020-12-05 23:59:59,ev_C,C,4,
20201205223340,2020-12-05 22:33:40,2020-12-05 23:59:59,ev_C,C,13,
20201205223350,2020-12-05 22:33:50,2020-12-05 23:59:59,ev_C,C,6,
20201205223400,2020-12-05 22:34:00,2020-12-05 23:59:59,ev_C,C,6,
20201205223410,2020-12-05 22:34:10,2020-12-05 23:59:59,ev_C,C,2,
20201205223420,2020-12-05 22:34:20,2020-12-05 23:59:59,ev_C,C,12,
20201205223430,2020-12-05 22:34:30,2020-12-05 23:59:59,ev_K,K,1,
20201205223440,2020-12-05 22:34:40,2020-12-05 23:59:59,ev_C,C,6,
20201205223450,2020-12-05 22:34:50,2020-12-05 23:59:59,ev_C,C,9,
20201205223500,2020-12-05 22:35:00,2020-12-05 23:59:59,ev_C,C,23,
20201205223510,2020-12-05 22:35:10,2020-12-05 23:59:59,ev_N,K,1,
20201205223520,2020-12-05 22:35:20,2020-12-05 23:59:59,ev_N,K,2,
20201205223530,2020-12-05 22:35:30,2020-12-05 23:59:59,ev_C,C,25,
20201205223540,2020-12-05 22:35:40,2020-12-05 23:59:59,ev_C,C,14,
20201205223550,2020-12-05 22:35:50,2020-12-05 23:59:59,ev_C,C,6,
20201205223600,2020-12-05 22:36:00,2020-12-05 23:59:59,ev_C,C,3,
20201205223610,2020-12-05 22:36:10,2020-12-05 23:59:59,ev_C,C,9,
20201205223620,2020-12-05 22:36:20,2020-12-05 23:59:59,ev_C,C,11,
20201205223630,2020-12-05 22:36:30,2020-12-05 23:59:59,ev_K,K,1,
20201205223640,2020-12-05 22:36:40,2020-12-05 23:59:59,ev_N,K,5,
20201205223650,2020-12-05 22:36:50,2020-12-05 23:59:59,ev_K,K,4,
20201205223700,2020-12-05 22:37:00,2020-12-05 23:59:59,ev_K,K,3,
20201205223710,2020-12-05 22:37:10,2020-12-05 23:59:59,ev_C,C,2,
20201205223720,2020-12-05 22:37:20,2020-12-05 23:59:59,ev_C,C,22,
20201205223730,2020-12-05 22:37:30,2020-12-05 23:59:59,ev_C,C,11,
20201205223740,2020-12-05 22:37:40,2020-12-05 23:59:59,ev_K,K,3,
20201205223750,2020-12-05 22:37:50,2020-12-05 23:59:59,ev_C,C,24,
20201205223800,2020-12-05 22:38:00,2020-12-05 23:59:59,ev_C,C,4,
20201205223810,2020-12-05 22:38:10,2020-12-05 23:59:59,ev_C,C,9,
20201205223820,2020-12-05 22:38:20,2020-12-05 23:59:59,ev_C,C,7,
20201205223830,2020-12-05 22:38:30,2020-12-05 23:59:59,ev_C,C,2,
20201205223840,2020-12-05 22:38:40,2020-12-05 23:59:59,ev_K,K,5,
20201205223850,2020-12-05 22:38:50,2020-12-05 23:59:59,ev_C,C,10,
20201205223900,2020-12-05 22:39:00,2020-12-05 23:59:59,ev_K,K,1,
20201205223910,2020-12-05 22:39:10,2020-12-05 23:59:59,ev_C,C,11,
20201205223920,2020-12-05 22:39:20,2020-12-05 23:59:59,ev_C,C,25,
20201205223930,2020-12-05 22:39:30,2020-12-05 23:59:59,ev_C,C,23,
20201205223940,2020-12-05 22:39:40,2020-12-05 23:59:59,ev_C,C,12,
20201205223950,2020-12-05 22:39:50,2020-12-05 23:59:59,ev_C,C,1,
20201205224000,2020-12-05 22:40:00,2020-12-05 23:59:59,ev_C,C,5,
20201205224010,2020-12-05 22:40:10,2020-12-05 23:59:59,ev_C,C,5,
20201205224020,2020-12-05 22:40:20,2020-12-05 23:59:59,ev_N,K,5,
20201205224030,2020-12-05 22:40:30,2020-12-05 23:59:59,ev_N,K,1,
20201205224040,2020-12-05 22:40:40,2020-12-05 23:59:59,ev_C,C,2,
20201205224050,2020-12-05 22:40:50,2020-12-05 23:59:59,ev_C,C,25,
20201205224100,2020-12-05 22:41:00,2020-12-05 23:59:59,ev_N,K,5,
20201205224110,2020-12-05 22:41:10,2020-12-05 23:59:59,ev_C,C,24,
20201205224120,2020-12-05 22:41:20,2020-12-05 23:59:59,ev_C,C,4,
20201205224130,2020-12-05 22:41:30,2020-12-05 23:59:59,ev_C,C,10,
20201205224140,2020-12-05 22:41:40,2020-12-05 23:59:59,ev_K,K,3,
20201205224150,2020-12-05 22:41:50,2020-12-05 23:59:59,ev_C,C,12,
20201205224200,2020-12-05 22:42:00,2020-12-05 23:59:59,ev_C,C,25,
20201205224210,2020-12-05 22:42:10,2020-12-05 23:59:59,ev_C,C,13,
20201205224220,2020-12-05 22:42:20,2020-12-05 23:59:59,ev_C,C,23,
20201205224230,2020-12-05 22:42:30,2020-12-05 23:59:59,ev_C,C,8,
20201205224240,2020-12-05 22:42:40,2020-12-05 23:59:59,ev_C,C,2,
20201205224250,2020-12-05 22:42:50,2020-12-05 23:59:59,ev_C,C,12,
20201205224300,2020-12-05 22:43:00,2020-12-05 23:59:59,ev_C,C,14,
20201205224310,2020-12-05 22:43:10,2020-12-05 23:59:59,ev_N,K,3,
20201205224320,2020-12-05 22:43:20,2020-12-05 23:59:59,ev_C,C,24,
20201205224330,2020-12-05 22:43:30,2020-12-05 23:59:59,ev_C,C,8,
20201205224340,2020-12-05 22:43:40,2020-12-05 23:59:59,ev_C,C,13,
20201205224350,2020-12-05 22:43:50,2020-12-05 23:59:59,ev_C,C,2,
20201205224400,2020-12-05 22:44:00,2020-12-05 23:59:59,ev_C,C,10,
20201205224410,2020-12-05 22:44:10,2020-12-05 23:59:59,ev_K,K,5,
20201205224420,2020-12-05 22:44:20,2020-12-05 23:59:59,ev_K,K,4,
20201205224430,2020-12-05 22:44:30,2020-12-05 23:59:59,ev_C,C,23,
20201205224440,2020-12-05 22:44:40,2020-12-05 23:59:59,ev_C,C,6,
20201205224450,2020-12-05 22:44:50,2020-12-05 23:59:59,ev_N,K,1,
20201205224500,2020-12-05 22:45:00,2020-12-05 23:59:59,ev_C,C,25,
20201205224510,2020-12-05 22:45:10,2020-12-05 23:59:59,ev_C,C,3,
20201205224520,2020-12-05 22:45:20,2020-12-05 23:59:59,ev_C,C,7,
20201205224530,2020-12-05 22:45:30,2020-12-05 23:59:59,ev_K,K,2,
20201205224540,2020-12-05 22:45:40,2020-12-05 23:59:59,ev_C,C,25,
20201205224550,2020-12-05 22:45:50,2020-12-05 23:59:59,ev_C,C,9,
20201205224600,2020-12-05 22:46:00,2020-12-05 23:59:59,ev_C,C,2,
20201205224610,2020-12-05 22:46:10,2020-12-05 23:59:59,ev_C,C,7,
20201205224620,2020-12-05 22:46:20,2020-12-05 23:59:59,ev_C,C,6,
20201205224630,2020-12-05 22:46:30,2020-12-05 23:59:59,ev_C,C,12,
20201205224640,2020-12-05 22:46:40,2020-12-05 23:59:59,ev_K,K,4,
20201205224650,2020-12-05 22:46:50,2020-12-05 23:59:59,ev_K,K,1,
20201205224700,2020-12-05 22:47:00,2020-12-05 23:59:59,ev_C,C,5,
20201205224710,2020-12-05 22:47:10,2020-12-05 23:59:59,ev_C,C,13,
20201205224720,2020-12-05 22:47:20,2020-12-05 23:59:59,ev_C,C,15,
20201205224730,2020-12-05 22:47:30,2020-12-05 23:59:59,ev_C,C,2,
20201205224740,2020-12-05 22:47:40,2020-12-05 23:59:59,ev_C,C,22,
20201205224750,2020-12-05 22:47:50,2020-12-05 23:59:59,ev_C,C,3,
20201205224800,2020-12-05 22:48:00,2020-12-05 23:59:59,ev_N,K,4,
20201205224810,2020-12-05 22:48:10,2020-12-05 23:59:59,ev_K,K,5,
20201205224820,2020-12-05 22:48:20,2020-12-05 23:59:59,ev_C,C,21,
20201205224830,2020-12-05 22:48:30,2020-12-05 23:59:59,ev_C,C,13,
20201205224840,2020-12-05 22:48:40,2020-12-05 23:59:59,ev_C,C,23,
20201205224850,2020-12-05 22:48:50,2020-12-05 23:59:59,ev_K,K,3,
20201205224900,2020-12-05 22:49:00,2020-12-05 23:59:59,ev_C,C,15,
20201205224910,2020-12-05 22:49:10,2020-12-05 23:59:59,ev_N,K,2,
20201205224920,2020-12-05 22:49:20,2020-12-05 23:59:59,ev_C,C,10,
20201205224930,2020-12-05 22:49:30,2020-12-05 23:59:59,ev_C,C,2,
20201205224940,2020-12-05 22:49:40,2020-12-05 23:59:59,ev_C,C,2,
20201205224950,2020-12-05 22:49:50,2020-12-05 23:59:59,ev_K,K,3,
20201205225000,2020-12-05 22:50:00,2020-12-05 23:59:59,ev_K,K,4,
20201205225010,2020-12-05 22:50:10,2020-12-05 23:59:59,ev_C,C,13,
20201205225020,2020-12-05 22:50:20,2020-12-05 23:59:59,ev_C,C,2,
20201205225030,2020-12-05 22:50:30,2020-12-05 23:59:59,ev_C,C,10,
20201205225040,2020-12-05 22:50:40,2020-12-05 23:59:59,ev_K,K,2,
20201205225050,2020-12-05 22:50:50,2020-12-05 23:59:59,ev_C,C,3,
20201205225100,2020-12-05 22:51:00,2020-12-05 23:59:59,ev_C,C,22,
20201205225110,2020-12-05 22:51:10,2020-12-05 23:59:59,ev_C,C,7,
20201205225120,2020-12-05 22:51:20,2020-12-05 23:59:59,ev_K,K,4,
20201205225130,2020-12-05 22:51:30,2020-12-05 23:59:59,ev_C,C,5,
20201205225140,2020-12-05 22:51:40,2020-12-05 23:59:59,ev_C,C,24,
20201205225150,2020-12-05 22:51:50,2020-12-05 23:59:59,ev_K,K,5,
20201205225200,2020-12-05 22:52:00,2020-12-05 23:59:59,ev_C,C,8,
20201205225210,2020-12-05 22:52:10,2020-12-05 23:59:59,ev_K,K,2,
20201205225220,2020-12-05 22:52:20,2020-12-05 23:59:59,ev_C,C,5,
20201205225230,2020-12-05 22:52:30,2020-12-05 23:59:59,ev_C,C,7,
20201205225240,2020-12-05 22:52:40,2020-12-05 23:59:59,ev_C,C,22,
20201205225250,2020-12-05 22:52:50,2020-12-05 23:59:59,ev_C,C,21,
20201205225300,2020-12-05 22:53:00,2020-12-05 23:59:59,ev_C,C,15,
20201205225310,2020-12-05 22:53:10,2020-12-05 23:59:59,ev_K,K,2,
20201205225320,2020-12-05 22:53:20,2020-12-05 23:59:59,ev_N,K,5,
20201205225330,2020-12-05 22:53:30,2020-12-05 23:59:59,ev_C,C,6,
20201205225340,2020-12-05 22:53:40,2020-12-05 23:59:59,ev_C,C,8,
20201205225350,2020-12-05 22:53:50,2020-12-05 23:59:59,ev_K,K,1,
20201205225400,2020-12-05 22:54:00,2020-12-05 23:59:59,ev_K,K,5,
20201205225410,2020-12-05 22:54:10,2020-12-05 23:59:59,ev_K,K,5,
20201205225420,2020-12-05 22:54:20,2020-12-05 23:59:59,ev_N,K,1,
20201205225430,2020-12-05 22:54:30,2020-12-05 23:59:59,ev_K,K,2,
20201205225440,2020-12-05 22:54:40,2020-12-05 23:59:59,ev_N,K,2,
20201205225450,2020-12-05 22:54:50,2020-12-05 23:59:59,ev_C,C,8,
20201205225500,2020-12-05 22:55:00,2020-12-05 23:59:59,ev_C,C,9,
20201205225510,2020-12-05 22:55:10,2020-12-05 23:59:59,ev_C,C,21,
20201205225520,2020-12-05 22:55:20,2020-12-05 23:59:59,ev_C,C,24,
20201205225530,2020-12-05 22:55:30,2020-12-05 23:59:59,ev_C,C,1,
20201205225540,2020-12-05 22:55:40,2020-12-05 23:59:59,ev_K,K,5,
20201205225550,2020-12-05 22:55:50,2020-12-05 23:59:59,ev_C,C,1,
20201205225600,2020-12-05 22:56:00,2020-12-05 23:59:59,ev_C,C,11,
20201205225610,2020-12-05 22:56:10,2020-12-05 23:59:59,ev_K,K,4,
20201205225620,2020-12-05 22:56:20,2020-12-05 23:59:59,ev_C,C,21,
20201205225630,2020-12-05 22:56:30,2020-12-05 23:59:59,ev_N,K,2,
20201205225640,2020-12-05 22:56:40,2020-12-05 23:59:59,ev_K,K,3,
20201205225650,2020-12-05 22:56:50,2020-12-05 23:59:59,ev_C,C,4,
20201205225700,2020-12-05 22:57:00,2020-12-05 23:59:59,ev_C,C,11,
20201205225710,2020-12-05 22:57:10,2020-12-05 23:59:59,ev_K,K,1,
20201205225720,2020-12-05 22:57:20,2020-12-05 23:59:59,ev_C,C,23,
20201205225730,2020-12-05 22:57:30,2020-12-05 23:59:59,ev_C,C,23,
20201205225740,2020-12-05 22:57:40,2020-12-05 23:59:59,ev_C,C,21,
20201205225750,2020-12-05 22:57:50,2020-12-05 23:59:59,ev_N,K,2,
20201205225800,2020-12-05 22:58:00,2020-12-05 23:59:59,ev_C,C,25,
20201205225810,2020-12-05 22:58:10,2020-12-05 23:59:59,ev_C,C,22,
20201205225820,2020-12-05 22:58:20,2020-12-05 23:59:59,ev_C,C,9,
20201205225830,2020-12-05 22:58:30,2020-12-05 23:59:59,ev_C,C,8,
20201205225840,2020-12-05 22:58:40,2020-12-05 23:59:59,ev_C,C,7,
20201205225850,2020-12-05 22:58:50,2020-12-05 23:59:59,ev_C,C,5,
20201205225900,2020-12-05 22:59:00,2020-12-05 23:59:59,ev_C,C,7,
20201205225910,2020-12-05 22:59:10,2020-12-05 23:59:59,ev_K,K,5,
20201205225920,2020-12-05 22:59:20,2020-12-05 23:59:59,ev_C,C,14,
20201205225930,2020-12-05 22:59:30,2020-12-05 23:59:59,ev_C,C,7,
20201205225940,2020-12-05 22:59:40,2020-12-05 23:59:59,ev_K,K,4,
20201205225950,2020-12-05 22:59:50,2020-12-05 23:59:59,ev_C,C,25,
20201205230000,2020-12-05 23:00:00,2020-12-05 23:59:59,ev_C,C,3,
20201205230010,2020-12-05 23:00:10,2020-12-05 23:59:59,ev_C,C,8,
20201205230020,2020-12-05 23:00:20,2020-12-05 23:59:59,ev_C,C,4,
20201205230030,2020-12-05 23:00:30,2020-12-05 23:59:59,ev_K,K,5,
20201205230040,2020-12-05 23:00:40,2020-12-05 23:59:59,ev_C,C,10,
20201205230050,2020-12-05 23:00:50,2020-12-05 23:59:59,ev_K,K,5,
20201205230100,2020-12-05 23:01:00,2020-12-05 23:59:59,ev_N,K,3,
20201205230110,2020-12-05 23:01:10,2020-12-05 23:59:59,ev_K,K,3,
20201205230120,2020-12-05 23:01:20,2020-12-05 23:59:59,ev_C,C,6,
20201205230130,2020-12-05 23:01:30,2020-12-05 23:59:59,ev_C,C,10,
20201205230140,2020-12-05 23:01:40,2020-12-05 23:59:59,ev_C,C,9,
20201205230150,2020-12-05 23:01:50,2020-12-05 23:59:59,ev_C,C,5,
20201205230200,2020-12-05 23:02:00,2020-12-05 23:59:59,ev_C,C,11,
20201205230210,2020-12-05 23:02:10,2020-12-05 23:59:59,ev_C,C,1,
20201205230220,2020-12-05 23:02:20,2020-12-05 23:59:59,ev_C,C,24,
20201205230230,2020-12-05 23:02:30,2020-12-05 23:59:59,ev_K,K,3,
20201205230240,2020-12-05 23:02:40,2020-12-05 23:59:59,ev_C,C,1,
20201205230250,2020-12-05 23:02:50,2020-12-05 23:59:59,ev_C,C,15,
20201205230300,2020-12-05 23:03:00,2020-12-05 23:59:59,ev_C,C,10,
20201205230310,2020-12-05 23:03:10,2020-12-05 23:59:59,ev_C,C,2,
20201205230320,2020-12-05 23:03:20,2020-12-05 23:59:59,ev_C,C,2,
20201205230330,2020-12-05 23:03:30,2020-12-05 23:59:59,ev_C,C,4,
20201205230340,2020-12-05 23:03:40,2020-12-05 23:59:59,ev_C,C,12,
20201205230350,2020-12-05 23:03:50,2020-12-05 23:59:59,ev_C,C,13,
20201205230400,2020-12-05 23:04:00,2020-12-05 23:59:59,ev_C,C,24,
20201205230410,2020-12-05 23:04:10,2020-12-05 23:59:59,ev_C,C,9,
20201205230420,2020-12-05 23:04:20,2020-12-05 23:59:59,ev_C,C,24,
20201205230430,2020-12-05 23:04:30,2020-12-05 23:59:59,ev_C,C,8,
20201205230440,2020-12-05 23:04:40,2020-12-05 23:59:59,ev_C,C,22,
20201205230450,2020-12-05 23:04:50,2020-12-05 23:59:59,ev_C,C,3,
20201205230500,2020-12-05 23:05:00,2020-12-05 23:59:59,ev_K,K,4,
20201205230510,2020-12-05 23:05:10,2020-12-05 23:59:59,ev_C,C,8,
20201205230520,2020-12-05 23:05:20,2020-12-05 23:59:59,ev_K,K,2,
20201205230530,2020-12-05 23:05:30,2020-12-05 23:59:59,ev_C,C,13,
20201205230540,2020-12-05 23:05:40,2020-12-05 23:59:59,ev_C,C,23,
20201205230550,2020-12-05 23:05:50,2020-12-05 23:59:59,ev_C,C,3,
20201205230600,2020-12-05 23:06:00,2020-12-05 23:59:59,ev_C,C,11,
20201205230610,2020-12-05 23:06:10,2020-12-05 23:59:59,ev_N,K,2,
20201205230620,2020-12-05 23:06:20,2020-12-05 23:59:59,ev_C,C,3,
20201205230630,2020-12-05 23:06:30,2020-12-05 23:59:59,ev_C,C,14,
20201205230640,2020-12-05 23:06:40,2020-12-05 23:59:59,ev_C,C,7,
20201205230650,2020-12-05 23:06:50,2020-12-05 23:59:59,ev_C,C,25,
20201205230700,2020-12-05 23:07:00,2020-12-05 23:59:59,ev_C,C,8,
20201205230710,2020-12-05 23:07:10,2020-12-05 23:59:59,ev_C,C,22,
20201205230720,2020-12-05 23:07:20,2020-12-05 23:59:59,ev_K,K,3,
20201205230730,2020-12-05 23:07:30,2020-12-05 23:59:59,ev_C,C,11,
20201205230740,2020-12-05 23:07:40,2020-12-05 23:59:59,ev_N,K,2,
20201205230750,2020-12-05 23:07:50,2020-12-05 23:59:59,ev_N,K,4,
20201205230800,2020-12-05 23:08:00,2020-12-05 23:59:59,ev_C,C,24,
20201205230810,2020-12-05 23:08:10,2020-12-05 23:59:59,ev_C,C,24,
20201205230820,2020-12-05 23:08:20,2020-12-05 23:59:59,ev_C,C,2,
20201205230830,2020-12-05 23:08:30,2020-12-05 23:59:59,ev_K,K,3,
20201205230840,2020-12-05 23:08:40,2020-12-05 23:59:59,ev_C,C,2,
20201205230850,2020-12-05 23:08:50,2020-12-05 23:59:59,ev_C,C,6,
20201205230900,2020-12-05 23:09:00,2020-12-05 23:59:59,ev_C,C,11,
20201205230910,2020-12-05 23:09:10,2020-12-05 23:59:59,ev_C,C,23,
20201205230920,2020-12-05 23:09:20,2020-12-05 23:59:59,ev_N,K,1,
20201205230930,2020-12-05 23:09:30,2020-12-05 23:59:59,ev_C,C,4,
20201205230940,2020-12-05 23:09:40,2020-12-05 23:59:59,ev_C,C,14,
20201205230950,2020-12-05 23:09:50,2020-12-05 23:59:59,ev_K,K,4,
20201205231000,2020-12-05 23:10:00,2020-12-05 23:59:59,ev_C,C,22,
20201205231010,2020-12-05 23:10:10,2020-12-05 23:59:59,ev_C,C,25,
20201205231020,2020-12-05 23:10:20,2020-12-05 23:59:59,ev_C,C,11,
20201205231030,2020-12-05 23:10:30,2020-12-05 23:59:59,ev_N,K,3,
20201205231040,2020-12-05 23:10:40,2020-12-05 23:59:59,ev_C,C,25,
20201205231050,2020-12-05 23:10:50,2020-12-05 23:59:59,ev_C,C,21,
20201205231100,2020-12-05 23:11:00,2020-12-05 23:59:59,ev_C,C,1,
20201205231110,2020-12-05 23:11:10,2020-12-05 23:59:59,ev_C,C,10,
20201205231120,2020-12-05 23:11:20,2020-12-05 23:59:59,ev_C,C,15,
20201205231130,2020-12-05 23:11:30,2020-12-05 23:59:59,ev_C,C,22,
20201205231140,2020-12-05 23:11:40,2020-12-05 23:59:59,ev_C,C,15,
20201205231150,2020-12-05 23:11:50,2020-12-05 23:59:59,ev_C,C,13,
20201205231200,2020-12-05 23:12:00,2020-12-05 23:59:59,ev_C,C,22,
20201205231210,2020-12-05 23:12:10,2020-12-05 23:59:59,ev_C,C,1,
20201205231220,2020-12-05 23:12:20,2020-12-05 23:59:59,ev_K,K,1,
20201205231230,2020-12-05 23:12:30,2020-12-05 23:59:59,ev_C,C,7,
20201205231240,2020-12-05 23:12:40,2020-12-05 23:59:59,ev_N,K,1,
20201205231250,2020-12-05 23:12:50,2020-12-05 23:59:59,ev_C,C,24,
20201205231300,2020-12-05 23:13:00,2020-12-05 23:59:59,ev_N,K,2,
20201205231310,2020-12-05 23:13:10,2020-12-05 23:59:59,ev_N,K,3,
20201205231320,2020-12-05 23:13:20,2020-12-05 23:59:59,ev_C,C,13,
20201205231330,2020-12-05 23:13:30,2020-12-05 23:59:59,ev_C,C,8,
20201205231340,2020-12-05 23:13:40,2020-12-05 23:59:59,ev_C,C,21,
20201205231350,2020-12-05 23:13:50,2020-12-05 23:59:59,ev_N,K,5,
20201205231400,2020-12-05 23:14:00,2020-12-05 23:59:59,ev_K,K,2,
20201205231410,2020-12-05 23:14:10,2020-12-05 23:59:59,ev_C,C,21,
20201205231420,2020-12-05 23:14:20,2020-12-05 23:59:59,ev_C,C,15,
20201205231430,2020-12-05 23:14:30,2020-12-05 23:59:59,ev_C,C,8,
20201205231440,2020-12-05 23:14:40,2020-12-05 23:59:59,ev_N,K,3,
20201205231450,2020-12-05 23:14:50,2020-12-05 23:59:59,ev_K,K,4,
20201205231500,2020-12-05 23:15:00,2020-12-05 23:59:59,ev_N,K,5,
20201205231510,2020-12-05 23:15:10,2020-12-05 23:59:59,ev_K,K,4,
20201205231520,2020-12-05 23:15:20,2020-12-05 23:59:59,ev_N,K,3,
20201205231530,2020-12-05 23:15:30,2020-12-05 23:59:59,ev_C,C,21,
20201205231540,2020-12-05 23:15:40,2020-12-05 23:59:59,ev_C,C,4,
20201205231550,2020-12-05 23:15:50,2020-12-05 23:59:59,ev_N,K,1,
20201205231600,2020-12-05 23:16:00,2020-12-05 23:59:59,ev_C,C,14,
20201205231610,2020-12-05 23:16:10,2020-12-05 23:59:59,ev_C,C,9,
20201205231620,2020-12-05 23:16:20,2020-12-05 23:59:59,ev_C,C,12,
20201205231630,2020-12-05 23:16:30,2020-12-05 23:59:59,ev_C,C,10,
20201205231640,2020-12-05 23:16:40,2020-12-05 23:59:59,ev_C,C,1,
20201205231650,2020-12-05 23:16:50,2020-12-05 23:59:59,ev_C,C,22,
20201205231700,2020-12-05 23:17:00,2020-12-05 23:59:59,ev_N,K,4,
20201205231710,2020-12-05 23:17:10,2020-12-05 23:59:59,ev_C,C,5,
20201205231720,2020-12-05 23:17:20,2020-12-05 23:59:59,ev_K,K,1,
20201205231730,2020-12-05 23:17:30,2020-12-05 23:59:59,ev_C,C,15,
20201205231740,2020-12-05 23:17:40,2020-12-05 23:59:59,ev_K,K,3,
20201205231750,2020-12-05 23:17:50,2020-12-05 23:59:59,ev_C,C,23,
20201205231800,2020-12-05 23:18:00,2020-12-05 23:59:59,ev_K,K,5,
20201205231810,2020-12-05 23:18:10,2020-12-05 23:59:59,ev_C,C,5,
20201205231820,2020-12-05 23:18:20,2020-12-05 23:59:59,ev_C,C,10,
20201205231830,2020-12-05 23:18:30,2020-12-05 23:59:59,ev_C,C,3,
20201205231840,2020-12-05 23:18:40,2020-12-05 23:59:59,ev_C,C,24,
20201205231850,2020-12-05 23:18:50,2020-12-05 23:59:59,ev_K,K,3,
20201205231900,2020-12-05 23:19:00,2020-12-05 23:59:59,ev_C,C,5,
20201205231910,2020-12-05 23:19:10,2020-12-05 23:59:59,ev_K,K,2,
20201205231920,2020-12-05 23:19:20,2020-12-05 23:59:59,ev_C,C,13,
20201205231930,2020-12-05 23:19:30,2020-12-05 23:59:59,ev_K,K,3,
20201205231940,2020-12-05 23:19:40,2020-12-05 23:59:59,ev_C,C,21,
20201205231950,2020-12-05 23:19:50,2020-12-05 23:59:59,ev_K,K,1,
20201205232000,2020-12-05 23:20:00,2020-12-05 23:59:59,ev_C,C,9,
20201205232010,2020-12-05 23:20:10,2020-12-05 23:59:59,ev_K,K,1,
20201205232020,2020-12-05 23:20:20,2020-12-05 23:59:59,ev_C,C,4,
20201205232030,2020-12-05 23:20:30,2020-12-05 23:59:59,ev_C,C,23,
20201205232040,2020-12-05 23:20:40,2020-12-05 23:59:59,ev_C,C,9,
20201205232050,2020-12-05 23:20:50,2020-12-05 23:59:59,ev_K,K,2,
20201205232100,2020-12-05 23:21:00,2020-12-05 23:59:59,ev_C,C,24,
20201205232110,2020-12-05 23:21:10,2020-12-05 23:59:59,ev_C,C,24,
20201205232120,2020-12-05 23:21:20,2020-12-05 23:59:59,ev_C,C,5,
20201205232130,2020-12-05 23:21:30,2020-12-05 23:59:59,ev_C,C,24,
20201205232140,2020-12-05 23:21:40,2020-12-05 23:59:59,ev_N,K,1,
20201205232150,2020-12-05 23:21:50,2020-12-05 23:59:59,ev_C,C,7,
20201205232200,2020-12-05 23:22:00,2020-12-05 23:59:59,ev_K,K,3,
20201205232210,2020-12-05 23:22:10,2020-12-05 23:59:59,ev_C,C,7,
20201205232220,2020-12-05 23:22:20,2020-12-05 23:59:59,ev_C,C,14,
20201205232230,2020-12-05 23:22:30,2020-12-05 23:59:59,ev_N,K,2,
20201205232240,2020-12-05 23:22:40,2020-12-05 23:59:59,ev_C,C,7,
20201205232250,2020-12-05 23:22:50,2020-12-05 23:59:59,ev_C,C,4,
20201205232300,2020-12-05 23:23:00,2020-12-05 23:59:59,ev_C,C,11,
20201205232310,2020-12-05 23:23:10,2020-12-05 23:59:59,ev_C,C,4,
20201205232320,2020-12-05 23:23:20,2020-12-05 23:59:59,ev_C,C,2,
20201205232330,2020-12-05 23:23:30,2020-12-05 23:59:59,ev_C,C,12,
20201205232340,2020-12-05 23:23:40,2020-12-05 23:59:59,ev_C,C,8,
20201205232350,2020-12-05 23:23:50,2020-12-05 23:59:59,ev_C,C,3,
20201205232400,2020-12-05 23:24:00,2020-12-05 23:59:59,ev_C,C,2,
20201205232410,2020-12-05 23:24:10,2020-12-05 23:59:59,ev_C,C,10,
20201205232420,2020-12-05 23:24:20,2020-12-05 23:59:59,ev_C,C,22,
20201205232430,2020-12-05 23:24:30,2020-12-05 23:59:59,ev_C,C,7,
20201205232440,2020-12-05 23:24:40,2020-12-05 23:59:59,ev_C,C,12,
20201205232450,2020-12-05 23:24:50,2020-12-05 23:59:59,ev_C,C,8,
20201205232500,2020-12-05 23:25:00,2020-12-05 23:59:59,ev_C,C,23,
20201205232510,2020-12-05 23:25:10,2020-12-05 23:59:59,ev_C,C,25,
20201205232520,2020-12-05 23:25:20,2020-12-05 23:59:59,ev_C,C,14,
20201205232530,2020-12-05 23:25:30,2020-12-05 23:59:59,ev_C,C,2,
20201205232540,2020-12-05 23:25:40,2020-12-05 23:59:59,ev_C,C,3,
20201205232550,2020-12-05 23:25:50,2020-12-05 23:59:59,ev_K,K,4,
20201205232600,2020-12-05 23:26:00,2020-12-05 23:59:59,ev_K,K,5,
20201205232610,2020-12-05 23:26:10,2020-12-05 23:59:59,ev_C,C,23,
20201205232620,2020-12-05 23:26:20,2020-12-05 23:59:59,ev_C,C,12,
20201205232630,2020-12-05 23:26:30,2020-12-05 23:59:59,ev_C,C,1,
20201205232640,2020-12-05 23:26:40,2020-12-05 23:59:59,ev_C,C,5,
20201205232650,2020-12-05 23:26:50,2020-12-05 23:59:59,ev_C,C,10,
20201205232700,2020-12-05 23:27:00,2020-12-05 23:59:59,ev_C,C,23,
20201205232710,2020-12-05 23:27:10,2020-12-05 23:59:59,ev_C,C,4,
20201205232720,2020-12-05 23:27:20,2020-12-05 23:59:59,ev_K,K,2,
20201205232730,2020-12-05 23:27:30,2020-12-05 23:59:59,ev_C,C,6,
20201205232740,2020-12-05 23:27:40,2020-12-05 23:59:59,ev_C,C,2,
20201205232750,2020-12-05 23:27:50,2020-12-05 23:59:59,ev_C,C,22,
20201205232800,2020-12-05 23:28:00,2020-12-05 23:59:59,ev_C,C,6,
20201205232810,2020-12-05 23:28:10,2020-12-05 23:59:59,ev_N,K,2,
20201205232820,2020-12-05 23:28:20,2020-12-05 23:59:59,ev_C,C,23,
20201205232830,2020-12-05 23:28:30,2020-12-05 23:59:59,ev_C,C,14,
20201205232840,2020-12-05 23:28:40,2020-12-05 23:59:59,ev_C,C,6,
20201205232850,2020-12-05 23:28:50,2020-12-05 23:59:59,ev_C,C,4,
20201205232900,2020-12-05 23:29:00,2020-12-05 23:59:59,ev_C,C,24,
20201205232910,2020-12-05 23:29:10,2020-12-05 23:59:59,ev_K,K,1,
20201205232920,2020-12-05 23:29:20,2020-12-05 23:59:59,ev_C,C,6,
20201205232930,2020-12-05 23:29:30,2020-12-05 23:59:59,ev_C,C,6,
20201205232940,2020-12-05 23:29:40,2020-12-05 23:59:59,ev_N,K,3,
20201205232950,2020-12-05 23:29:50,2020-12-05 23:59:59,ev_C,C,15,
20201205233000,2020-12-05 23:30:00,2020-12-05 23:59:59,ev_C,C,10,
20201205233010,2020-12-05 23:30:10,2020-12-05 23:59:59,ev_C,C,11,
20201205233020,2020-12-05 23:30:20,2020-12-05 23:59:59,ev_N,K,5,
20201205233030,2020-12-05 23:30:30,2020-12-05 23:59:59,ev_C,C,8,
20201205233040,2020-12-05 23:30:40,2020-12-05 23:59:59,ev_C,C,6,
20201205233050,2020-12-05 23:30:50,2020-12-05 23:59:59,ev_C,C,23,
20201205233100,2020-12-05 23:31:00,2020-12-05 23:59:59,ev_K,K,3,
20201205233110,2020-12-05 23:31:10,2020-12-05 23:59:59,ev_C,C,3,
20201205233120,2020-12-05 23:31:20,2020-12-05 23:59:59,ev_C,C,14,
20201205233130,2020-12-05 23:31:30,2020-12-05 23:59:59,ev_C,C,11,
20201205233140,2020-12-05 23:31:40,2020-12-05 23:59:59,ev_C,C,6,
20201205233150,2020-12-05 23:31:50,2020-12-05 23:59:59,ev_C,C,12,
20201205233200,2020-12-05 23:32:00,2020-12-05 23:59:59,ev_C,C,14,
20201205233210,2020-12-05 23:32:10,2020-12-05 23:59:59,ev_C,C,11,
20201205233220,2020-12-05 23:32:20,2020-12-05 23:59:59,ev_C,C,3,
20201205233230,2020-12-05 23:32:30,2020-12-05 23:59:59,ev_C,C,6,
20201205233240,2020-12-05 23:32:40,2020-12-05 23:59:59,ev_C,C,25,
20201205233250,2020-12-05 23:32:50,2020-12-05 23:59:59,ev_K,K,3,
20201205233300,2020-12-05 23:33:00,2020-12-05 23:59:59,ev_N,K,1,
20201205233310,2020-12-05 23:33:10,2020-12-05 23:59:59,ev_C,C,12,
20201205233320,2020-12-05 23:33:20,2020-12-05 23:59:59,ev_C,C,15,
20201205233330,2020-12-05 23:33:30,2020-12-05 23:59:59,ev_N,K,5,
20201205233340,2020-12-05 23:33:40,2020-12-05 23:59:59,ev_C,C,14,
20201205233350,2020-12-05 23:33:50,2020-12-05 23:59:59,ev_C,C,21,
20201205233400,2020-12-05 23:34:00,2020-12-05 23:59:59,ev_C,C,5,
20201205233410,2020-12-05 23:34:10,2020-12-05 23:59:59,ev_C,C,11,
20201205233420,2020-12-05 23:34:20,2020-12-05 23:59:59,ev_C,C,14,
20201205233430,2020-12-05 23:34:30,2020-12-05 23:59:59,ev_C,C,21,
20201205233440,2020-12-05 23:34:40,2020-12-05 23:59:59,ev_K,K,1,
20201205233450,2020-12-05 23:34:50,2020-12-05 23:59:59,ev_C,C,23,
20201205233500,2020-12-05 23:35:00,2020-12-05 23:59:59,ev_C,C,11,
20201205233510,2020-12-05 23:35:10,2020-12-05 23:59:59,ev_C,C,21,
20201205233520,2020-12-05 23:35:20,2020-12-05 23:59:59,ev_K,K,3,
20201205233530,2020-12-05 23:35:30,2020-12-05 23:59:59,ev_C,C,13,
20201205233540,2020-12-05 23:35:40,2020-12-05 23:59:59,ev_C,C,14,
20201205233550,2020-12-05 23:35:50,2020-12-05 23:59:59,ev_K,K,1,
20201205233600,2020-12-05 23:36:00,2020-12-05 23:59:59,ev_C,C,24,
20201205233610,2020-12-05 23:36:10,2020-12-05 23:59:59,ev_C,C,22,
20201205233620,2020-12-05 23:36:20,2020-12-05 23:59:59,ev_C,C,2,
20201205233630,2020-12-05 23:36:30,2020-12-05 23:59:59,ev_C,C,21,
20201205233640,2020-12-05 23:36:40,2020-12-05 23:59:59,ev_C,C,8,
20201205233650,2020-12-05 23:36:50,2020-12-05 23:59:59,ev_C,C,10,
20201205233700,2020-12-05 23:37:00,2020-12-05 23:59:59,ev_C,C,1,
20201205233710,2020-12-05 23:37:10,2020-12-05 23:59:59,ev_C,C,8,
20201205233720,2020-12-05 23:37:20,2020-12-05 23:59:59,ev_C,C,6,
20201205233730,2020-12-05 23:37:30,2020-12-05 23:59:59,ev_C,C,1,
20201205233740,2020-12-05 23:37:40,2020-12-05 23:59:59,ev_C,C,4,
20201205233750,2020-12-05 23:37:50,2020-12-05 23:59:59,ev_C,C,8,
20201205233800,2020-12-05 23:38:00,2020-12-05 23:59:59,ev_C,C,6,
20201205233810,2020-12-05 23:38:10,2020-12-05 23:59:59,ev_C,C,23,
20201205233820,2020-12-05 23:38:20,2020-12-05 23:59:59,ev_C,C,12,
20201205233830,2020-12-05 23:38:30,2020-12-05 23:59:59,ev_C,C,8,
20201205233840,2020-12-05 23:38:40,2020-12-05 23:59:59,ev_C,C,23,
20201205233850,2020-12-05 23:38:50,2020-12-05 23:59:59,ev_C,C,11,
20201205233900,2020-12-05 23:39:00,2020-12-05 23:59:59,ev_C,C,12,
20201205233910,2020-12-05 23:39:10,2020-12-05 23:59:59,ev_C,C,25,
20201205233920,2020-12-05 23:39:20,2020-12-05 23:59:59,ev_C,C,13,
20201205233930,2020-12-05 23:39:30,2020-12-05 23:59:59,ev_C,C,11,
20201205233940,2020-12-05 23:39:40,2020-12-05 23:59:59,ev_C,C,6,
20201205233950,2020-12-05 23:39:50,2020-12-05 23:59:59,ev_N,K,2,
20201205234000,2020-12-05 23:40:00,2020-12-05 23:59:59,ev_C,C,6,
20201205234010,2020-12-05 23:40:10,2020-12-05 23:59:59,ev_C,C,15,
20201205234020,2020-12-05 23:40:20,2020-12-05 23:59:59,ev_C,C,1,
20201205234030,2020-12-05 23:40:30,2020-12-05 23:59:59,ev_C,C,6,
20201205234040,2020-12-05 23:40:40,2020-12-05 23:59:59,ev_C,C,6,
20201205234050,2020-12-05 23:40:50,2020-12-05 23:59:59,ev_K,K,2,
20201205234100,2020-12-05 23:41:00,2020-12-05 23:59:59,ev_N,K,4,
20201205234110,2020-12-05 23:41:10,2020-12-05 23:59:59,ev_C,C,15,
20201205234120,2020-12-05 23:41:20,2020-12-05 23:59:59,ev_C,C,13,
20201205234130,2020-12-05 23:41:30,2020-12-05 23:59:59,ev_C,C,13,
20201205234140,2020-12-05 23:41:40,2020-12-05 23:59:59,ev_N,K,4,
20201205234150,2020-12-05 23:41:50,2020-12-05 23:59:59,ev_C,C,10,
20201205234200,2020-12-05 23:42:00,2020-12-05 23:59:59,ev_C,C,7,
20201205234210,2020-12-05 23:42:10,2020-12-05 23:59:59,ev_C,C,12,
20201205234220,2020-12-05 23:42:20,2020-12-05 23:59:59,ev_C,C,9,
20201205234230,2020-12-05 23:42:30,2020-12-05 23:59:59,ev_K,K,3,
20201205234240,2020-12-05 23:42:40,2020-12-05 23:59:59,ev_C,C,12,
20201205234250,2020-12-05 23:42:50,2020-12-05 23:59:59,ev_N,K,5,
20201205234300,2020-12-05 23:43:00,2020-12-05 23:59:59,ev_N,K,1,
20201205234310,2020-12-05 23:43:10,2020-12-05 23:59:59,ev_C,C,15,
20201205234320,2020-12-05 23:43:20,2020-12-05 23:59:59,ev_C,C,21,
20201205234330,2020-12-05 23:43:30,2020-12-05 23:59:59,ev_C,C,12,
20201205234340,2020-12-05 23:43:40,2020-12-05 23:59:59,ev_K,K,4,
20201205234350,2020-12-05 23:43:50,2020-12-05 23:59:59,ev_C,C,8,
20201205234400,2020-12-05 23:44:00,2020-12-05 23:59:59,ev_K,K,4,
20201205234410,2020-12-05 23:44:10,2020-12-05 23:59:59,ev_C,C,10,
20201205234420,2020-12-05 23:44:20,2020-12-05 23:59:59,ev_C,C,7,
20201205234430,2020-12-05 23:44:30,2020-12-05 23:59:59,ev_C,C,10,
20201205234440,2020-12-05 23:44:40,2020-12-05 23:59:59,ev_K,K,5,
20201205234450,2020-12-05 23:44:50,2020-12-05 23:59:59,ev_C,C,13,
20201205234500,2020-12-05 23:45:00,2020-12-05 23:59:59,ev_C,C,2,
20201205234510,2020-12-05 23:45:10,2020-12-05 23:59:59,ev_C,C,10,
20201205234520,2020-12-05 23:45:20,2020-12-05 23:59:59,ev_C,C,23,
20201205234530,2020-12-05 23:45:30,2020-12-05 23:59:59,ev_K,K,4,
20201205234540,2020-12-05 23:45:40,2020-12-05 23:59:59,ev_K,K,2,
20201205234550,2020-12-05 23:45:50,2020-12-05 23:59:59,ev_C,C,7,
20201205234600,2020-12-05 23:46:00,2020-12-05 23:59:59,ev_C,C,7,
20201205234610,2020-12-05 23:46:10,2020-12-05 23:59:59,ev_C,C,11,
20201205234620,2020-12-05 23:46:20,2020-12-05 23:59:59,ev_C,C,6,
20201205234630,2020-12-05 23:46:30,2020-12-05 23:59:59,ev_C,C,4,
20201205234640,2020-12-05 23:46:40,2020-12-05 23:59:59,ev_C,C,2,
20201205234650,2020-12-05 23:46:50,2020-12-05 23:59:59,ev_C,C,8,
20201205234700,2020-12-05 23:47:00,2020-12-05 23:59:59,ev_C,C,6,
20201205234710,2020-12-05 23:47:10,2020-12-05 23:59:59,ev_C,C,10,
20201205234720,2020-12-05 23:47:20,2020-12-05 23:59:59,ev_C,C,5,
20201205234730,2020-12-05 23:47:30,2020-12-05 23:59:59,ev_C,C,5,
20201205234740,2020-12-05 23:47:40,2020-12-05 23:59:59,ev_C,C,12,
20201205234750,2020-12-05 23:47:50,2020-12-05 23:59:59,ev_C,C,25,
20201205234800,2020-12-05 23:48:00,2020-12-05 23:59:59,ev_C,C,9,
20201205234810,2020-12-05 23:48:10,2020-12-05 23:59:59,ev_C,C,8,
20201205234820,2020-12-05 23:48:20,2020-12-05 23:59:59,ev_C,C,21,
20201205234830,2020-12-05 23:48:30,2020-12-05 23:59:59,ev_C,C,7,
20201205234840,2020-12-05 23:48:40,2020-12-05 23:59:59,ev_C,C,25,
20201205234850,2020-12-05 23:48:50,2020-12-05 23:59:59,ev_C,C,15,
20201205234900,2020-12-05 23:49:00,2020-12-05 23:59:59,ev_C,C,12,
20201205234910,2020-12-05 23:49:10,2020-12-05 23:59:59,ev_C,C,11,
20201205234920,2020-12-05 23:49:20,2020-12-05 23:59:59,ev_K,K,3,
20201205234930,2020-12-05 23:49:30,2020-12-05 23:59:59,ev_K,K,3,
20201205234940,2020-12-05 23:49:40,2020-12-05 23:59:59,ev_C,C,3,
20201205234950,2020-12-05 23:49:50,2020-12-05 23:59:59,ev_C,C,13,
20201205235000,2020-12-05 23:50:00,2020-12-05 23:59:59,ev_C,C,9,
20201205235010,2020-12-05 23:50:10,2020-12-05 23:59:59,ev_C,C,13,
20201205235020,2020-12-05 23:50:20,2020-12-05 23:59:59,ev_C,C,1,
20201205235030,2020-12-05 23:50:30,2020-12-05 23:59:59,ev_C,C,12,
20201205235040,2020-12-05 23:50:40,2020-12-05 23:59:59,ev_C,C,3,
20201205235050,2020-12-05 23:50:50,2020-12-05 23:59:59,ev_C,C,13,
20201205235100,2020-12-05 23:51:00,2020-12-05 23:59:59,ev_C,C,15,
20201205235110,2020-12-05 23:51:10,2020-12-05 23:59:59,ev_C,C,21,
20201205235120,2020-12-05 23:51:20,2020-12-05 23:59:59,ev_C,C,1,
20201205235130,2020-12-05 23:51:30,2020-12-05 23:59:59,ev_C,C,24,
20201205235140,2020-12-05 23:51:40,2020-12-05 23:59:59,ev_C,C,24,
20201205235150,2020-12-05 23:51:50,2020-12-05 23:59:59,ev_K,K,1,
20201205235200,2020-12-05 23:52:00,2020-12-05 23:59:59,ev_C,C,5,
20201205235210,2020-12-05 23:52:10,2020-12-05 23:59:59,ev_C,C,14,
20201205235220,2020-12-05 23:52:20,2020-12-05 23:59:59,ev_K,K,2,
20201205235230,2020-12-05 23:52:30,2020-12-05 23:59:59,ev_C,C,10,
20201205235240,2020-12-05 23:52:40,2020-12-05 23:59:59,ev_C,C,23,
20201205235250,2020-12-05 23:52:50,2020-12-05 23:59:59,ev_C,C,9,
20201205235300,2020-12-05 23:53:00,2020-12-05 23:59:59,ev_C,C,21,
20201205235310,2020-12-05 23:53:10,2020-12-05 23:59:59,ev_K,K,5,
20201205235320,2020-12-05 23:53:20,2020-12-05 23:59:59,ev_C,C,10,
20201205235330,2020-12-05 23:53:30,2020-12-05 23:59:59,ev_C,C,10,
20201205235340,2020-12-05 23:53:40,2020-12-05 23:59:59,ev_C,C,1,
20201205235350,2020-12-05 23:53:50,2020-12-05 23:59:59,ev_N,K,1,
20201205235400,2020-12-05 23:54:00,2020-12-05 23:59:59,ev_C,C,3,
20201205235410,2020-12-05 23:54:10,2020-12-05 23:59:59,ev_C,C,22,
20201205235420,2020-12-05 23:54:20,2020-12-05 23:59:59,ev_K,K,2,
20201205235430,2020-12-05 23:54:30,2020-12-05 23:59:59,ev_C,C,8,
20201205235440,2020-12-05 23:54:40,2020-12-05 23:59:59,ev_K,K,1,
20201205235450,2020-12-05 23:54:50,2020-12-05 23:59:59,ev_C,C,7,
20201205235500,2020-12-05 23:55:00,2020-12-05 23:59:59,ev_C,C,24,
20201205235510,2020-12-05 23:55:10,2020-12-05 23:59:59,ev_K,K,4,
20201205235520,2020-12-05 23:55:20,2020-12-05 23:59:59,ev_C,C,13,
20201205235530,2020-12-05 23:55:30,2020-12-05 23:59:59,ev_C,C,5,
20201205235540,2020-12-05 23:55:40,2020-12-05 23:59:59,ev_C,C,4,
20201205235550,2020-12-05 23:55:50,2020-12-05 23:59:59,ev_K,K,5,
20201205235600,2020-12-05 23:56:00,2020-12-05 23:59:59,ev_K,K,1,
20201205235610,2020-12-05 23:56:10,2020-12-05 23:59:59,ev_C,C,11,
20201205235620,2020-12-05 23:56:20,2020-12-05 23:59:59,ev_C,C,24,
20201205235630,2020-12-05 23:56:30,2020-12-05 23:59:59,ev_C,C,7,
20201205235640,2020-12-05 23:56:40,2020-12-05 23:59:59,ev_C,C,15,
20201205235650,2020-12-05 23:56:50,2020-12-05 23:59:59,ev_C,C,7,
20201205235700,2020-12-05 23:57:00,2020-12-05 23:59:59,ev_C,C,24,
20201205235710,2020-12-05 23:57:10,2020-12-05 23:59:59,ev_C,C,9,
20201205235720,2020-12-05 23:57:20,2020-12-05 23:59:59,ev_C,C,2,
20201205235730,2020-12-05 23:57:30,2020-12-05 23:59:59,ev_C,C,23,
20201205235740,2020-12-05 23:57:40,2020-12-05 23:59:59,ev_K,K,1,
20201205235750,2020-12-05 23:57:50,2020-12-05 23:59:59,ev_K,K,5,
20201205235800,2020-12-05 23:58:00,2020-12-05 23:59:59,ev_K,K,1,
20201205235810,2020-12-05 23:58:10,2020-12-05 23:59:59,ev_C,C,1,
20201205235820,2020-12-05 23:58:20,2020-12-05 23:59:59,ev_C,C,3,
20201205235830,2020-12-05 23:58:30,2020-12-05 23:59:59,ev_N,K,5,
20201205235840,2020-12-05 23:58:40,2020-12-05 23:59:59,ev_C,C,15,
20201205235850,2020-12-05 23:58:50,2020-12-05 23:59:59,ev_C,C,8,
20201205235900,2020-12-05 23:59:00,2020-12-05 23:59:59,ev_C,C,22,
20201205235910,2020-12-05 23:59:10,2020-12-05 23:59:59,ev_C,C,3,
20201205235920,2020-12-05 23:59:20,2020-12-05 23:59:59,ev_C,C,12,
20201205235930,2020-12-05 23:59:30,2020-12-05 23:59:59,ev_N,K,2,
20201205235940,2020-12-05 23:59:40,2020-12-05 23:59:59,ev_C,C,15,
20201205235950,2020-12-05 23:59:50,2020-12-05 23:59:59,ev_C,C,7,
